151 87 48 190 178 13 128 102 126 125 154 73 17 98 16 41 4 225 37 8 42 6 141 30 149 221 182 3 104 115 211 228 5 172 188 195 230 109 21 166 183 123 130 58 219 52 44 28 113 184 32 54 200 62 138 14 150 144 29 59 236 95 198 61 233 47 147 222 203 110 103 40 33 96 237 173 26 189 217 78 197 15 79 234 39 72 121 122 90 227 226 174 53 55 88 22 24 164 2 118
219 58 182 141 21 228 3 233 5 17 123 61 73 59 40 198 197 78 173 191 154 222 150 104 138 195 178 130 121 125 16 98 109 225 184 122 128 87 37 48 8 41 55 190 28 217 117 147 151 62 169 4 30 115 13 32 221 207 172 6 14 185 208 113 188 102 44 126 79 236 144 211 51 116 47 19 52 213 149 103 166 237 175 96 72 76 108 142 156 50 64 135 153 66 160 54 224 159 93 29
230 183 42 110 229 57 15 77 111 149 126 87 103 14 72 62 104 47 151 118 102 189 125 96 137 26 29 399 54 513 227 73 239 217 33 234 537 422 216 278 236 158 90 172 123 343 200 116 609 21 11 257 147 521 417 178 143 182 344 78 554 254 192 499 304 445 441 607 578 124 505 491 198 48 115 13 529 170 59 5 574 580 264 436 8 295 346 19 153 95 130 163 415 24 94 211 414 109 58 41
230 183 42 229 57 110 15 87 126 47 151 103 62 29 125 14 77 149 102 26 54 189 236 200 33 234 72 227 178 48 111 104 118 147 73 158 143 90 217 137 94 226 13 190 203 123 24 128 95 2 161 174 164 22 96 9 85 136 39 162 7 154 181 172 55 122 192 8 68 182 41 235 146 175 21 84 216 211 208 121 16 5 198 4 115 30 97 93 116 6 225 98 221 607 170 59 58 186 231 135
15 111 110 77 229 96 42 57 183 124 19 170 172 230 116 216 149 607 609 137 227 192 603 143 189 119 667 657 90 26 234 103 33 78 126 72 138 102 75 635 101 27 206 47 674 235 7 94 14 125 198 210 181 162 602 150 590 114 11 660 161 62 587 122 85 636 59 74 54 21 9 68 645 104 208 593 43 217 105 638 123 614 24 650 632 153 654 84 2 226 73 663 275 31 135 136 591 93 232 231
77 149 11 44 221 113 225 6 37 188 4 98 130 195 96 52 16 166 138 8 15 150 110 115 41 178 172 30 88 184 173 28 53 109 237 144 116 42 229 32 111 211 169 79 13 117 154 48 190 78 43 40 148 34 81 59 19 61 151 176 124 196 594 199 632 674 593 657 219 3 667 603 635 141 392 511 672 108 72 249 73 599 587 87 638 609 182 198 645 128 183 57 17 590 21 536 5 438 671 521
77 15 96 110 111 229 42 149 172 116 19 124 11 603 657 138 130 195 150 667 590 632 183 672 593 609 674 6 221 44 13 638 594 41 48 78 148 8 635 645 607 37 188 173 113 170 178 115 225 511 599 671 26 57 72 611 59 279 16 392 4 636 614 137 521 88 658 40 230 189 399 126 98 190 628 21 30 151 587 239 32 660 278 620 573 578 61 344 553 261 404 422 125 87 33 665 659 73 184 274
77 15 110 229 96 42 111 116 183 172 124 149 657 603 19 590 672 189 26 230 609 593 195 150 130 638 125 48 78 138 667 57 599 198 104 635 614 59 11 170 151 607 33 178 21 73 174 658 660 41 674 102 55 8 126 632 40 123 671 521 636 628 227 173 645 14 95 122 620 103 611 578 62 87 13 181 279 137 211 221 7 217 278 399 554 587 203 72 90 94 30 44 404 136 225 208 6 190 234 16
77 15 96 110 111 229 42 183 116 124 172 19 57 657 170 603 149 230 198 609 59 78 189 21 216 208 150 26 123 55 672 590 93 104 94 130 138 161 231 667 227 181 97 122 14 635 607 135 24 143 85 217 195 125 33 593 136 234 9 84 235 7 175 174 73 95 151 72 674 173 68 11 40 162 611 146 182 137 102 203 103 22 399 599 41 521 90 279 54 2 39 8 5 278 587 178 368 48 126 602
15 77 111 229 110 183 96 42 230 189 26 33 57 227 19 54 170 72 103 90 143 125 14 234 62 172 124 200 94 47 217 123 181 116 68 7 104 118 161 216 24 29 236 146 122 226 136 235 85 137 162 164 607 603 2 147 22 9 84 657 192 93 203 609 21 97 149 126 198 231 73 667 208 174 78 135 55 175 95 59 87 102 75 39 590 119 158 635 182 197 150 138 674 206 58 101 74 660 587 151
137 103 47 29 14 62 230 192 217 236 126 227 143 147 104 72 206 26 94 33 54 161 85 9 162 175 235 234 189 123 208 42 122 181 135 136 146 93 231 84 200 183 90 55 97 15 7 68 226 121 41 198 174 78 609 59 138 150 603 195 8 170 2 593 87 607 118 172 164 95 130 211 184 119 649 188 22 636 12 30 24 182 635 27 657 632 21 32 39 105 19 28 173 590 197 660 101 96 158 672
137 103 47 29 14 62 230 126 217 236 147 72 192 227 104 143 33 26 54 206 200 94 234 189 183 123 118 226 181 90 15 162 2 235 161 158 146 68 174 609 7 136 42 87 85 164 22 24 84 175 9 203 122 121 170 95 27 636 182 208 21 229 12 607 78 135 632 603 55 198 593 590 638 125 39 19 102 660 96 657 93 672 635 231 172 32 59 97 41 58 119 667 75 73 620 133 115 216 658 8
137 103 47 62 126 14 29 217 147 236 72 230 104 192 206 26 227 54 200 33 189 143 123 118 234 638 609 15 12 27 636 133 620 599 614 658 591 635 672 237 87 94 90 182 665 183 590 108 660 158 628 125 657 632 607 5 603 78 19 32 153 96 191 170 102 106 42 21 195 2 8 645 115 138 174 226 172 229 144 593 643 130 649 111 58 181 671 95 209 140 81 210 48 41 667 88 37 40 578 3
137 103 47 29 62 14 126 217 147 236 230 72 104 192 227 26 206 54 143 200 33 189 123 234 118 94 183 90 15 158 226 87 609 2 12 27 181 636 182 638 125 133 162 658 42 174 632 599 635 21 672 102 620 590 68 32 235 660 78 170 146 5 607 591 229 121 95 175 122 161 19 614 191 136 24 115 7 198 58 603 237 164 657 22 96 593 665 73 203 667 649 55 84 59 144 172 38 8 153 628
137 47 103 14 62 29 126 236 192 217 227 104 230 72 147 143 206 33 54 26 200 175 94 181 41 9 122 8 235 85 136 162 161 123 195 138 146 172 15 189 78 174 593 208 150 118 211 607 30 68 234 42 609 130 603 135 121 7 95 188 90 55 93 198 59 632 87 84 2 28 12 39 184 37 635 636 226 6 649 44 231 164 113 27 657 96 97 19 4 173 203 638 22 221 52 183 660 73 197 116
137 103 14 47 29 62 230 192 126 217 236 227 143 72 147 104 26 33 94 206 54 85 161 9 162 235 175 181 15 42 123 136 189 208 146 135 234 122 93 7 200 231 41 84 68 174 183 97 8 78 90 593 150 195 138 55 211 198 121 603 95 59 609 2 172 226 607 130 164 30 118 170 182 39 229 22 657 184 649 632 96 24 119 188 57 87 21 173 635 27 636 660 197 28 19 368 102 111 203 638
137 103 47 29 14 62 192 230 126 217 227 72 104 236 143 147 206 26 33 54 94 123 235 161 85 90 162 181 234 189 118 146 175 609 603 9 68 122 136 183 200 226 208 27 84 15 607 7 135 78 119 593 42 121 138 174 632 93 41 87 55 231 2 188 636 198 95 158 170 172 657 635 32 59 12 97 195 649 150 130 591 164 21 184 8 590 19 182 22 638 39 96 101 73 211 6 105 658 660 58
108 144 32 237 81 138 37 130 172 116 11 115 188 195 150 98 96 6 113 184 166 148 225 28 221 4 41 44 79 649 8 109 173 16 52 30 78 53 149 124 88 593 59 3 12 169 632 671 178 117 141 34 674 603 196 137 663 48 43 210 206 61 594 667 657 199 19 275 645 590 20 58 192 207 66 412 494 198 170 675 543 99 607 13 153 27 609 176 228 133 375 72 77 233 545 190 529 211 274 397
86 153 145 218 172 116 111 53 96 131 595 194 216 88 11 223 163 20 79 52 31 166 66 176 10 124 70 179 43 180 34 138 167 100 35 220 120 112 63 649 27 155 37 188 113 199 184 224 190 169 165 156 237 152 28 44 45 80 6 117 221 214 210 1 108 71 150 634 139 49 48 196 594 81 132 207 32 134 593 60 185 130 12 137 99 4 41 664 607 8 246 205 57 13 674 645 629 115 77 78
137 47 14 103 62 29 236 230 217 126 192 227 104 147 72 143 26 206 54 33 94 175 593 200 15 78 122 234 123 121 189 9 161 85 181 41 235 138 136 8 162 174 146 68 42 208 59 150 172 607 195 93 198 211 135 609 90 55 632 118 84 95 19 2 184 7 130 649 28 603 97 119 96 158 226 164 73 203 183 12 30 21 116 231 197 39 660 24 87 635 638 182 188 628 229 22 6 101 105 125
91 20 23 119 124 99 101 111 60 105 649 96 74 75 153 114 663 215 654 145 598 650 116 172 232 671 656 625 167 34 272 156 43 592 218 593 246 644 86 648 675 194 138 610 216 64 186 624 139 416 70 345 396 647 308 645 674 213 502 623 45 83 609 25 179 223 632 158 31 92 214 667 163 131 69 607 38 603 79 57 78 595 594 35 224 643 653 651 580 160 11 534 350 112 578 642 606 66 513 627
103 29 47 62 14 236 217 137 147 104 126 230 72 227 54 200 26 192 33 118 189 234 123 143 226 94 87 206 90 2 158 164 183 24 22 181 125 203 27 174 136 121 7 68 182 235 21 162 175 122 15 95 102 146 73 161 198 55 5 12 39 84 78 609 59 9 208 85 58 42 186 133 61 40 41 93 135 75 607 170 636 590 197 211 19 32 660 151 231 8 38 141 82 638 603 57 178 635 97 172
47 103 29 137 14 62 236 217 126 147 72 230 104 227 192 54 26 200 234 33 143 118 189 123 206 94 226 87 90 158 2 174 183 27 164 24 22 203 15 95 102 182 181 125 609 12 162 235 7 73 161 21 39 78 175 121 133 136 68 636 5 146 607 42 237 55 638 41 672 122 85 19 599 75 590 211 32 635 58 170 8 186 198 603 84 9 660 38 59 61 57 40 178 658 138 96 614 657 135 144
103 29 47 14 62 137 236 217 230 147 104 72 126 227 192 54 200 26 33 143 234 123 189 118 94 226 183 206 158 87 90 161 27 164 2 146 68 125 24 85 162 235 122 181 136 22 9 7 175 93 55 84 203 170 21 73 42 182 121 95 186 15 231 39 174 198 208 82 97 32 135 59 38 607 609 5 144 12 78 57 102 211 19 275 197 75 603 105 129 172 96 8 590 40 130 41 187 58 108 195
108 138 150 130 195 32 81 37 144 173 184 116 41 6 11 172 8 115 113 169 225 649 28 30 78 188 98 237 221 44 207 109 117 96 59 79 4 149 166 16 185 3 178 148 61 48 671 593 52 141 88 13 58 77 651 190 53 154 124 595 40 198 594 21 632 233 228 182 211 603 42 643 607 600 674 104 20 153 219 73 5 43 156 667 609 51 99 657 76 623 638 635 197 31 137 640 608 622 663 196
138 108 150 130 11 32 195 116 115 173 144 37 184 78 172 109 6 81 169 41 113 8 96 649 225 207 98 79 188 221 117 30 237 44 28 59 148 61 16 4 3 77 149 88 166 141 154 185 190 58 21 178 593 40 671 13 182 52 48 53 594 667 73 233 674 198 153 5 651 632 124 595 104 600 20 219 228 43 99 603 72 210 657 211 609 216 222 607 42 76 51 578 86 151 89 623 31 645 587 156
86 153 145 218 111 194 595 216 20 152 220 180 63 70 172 31 120 167 52 10 163 112 1 131 96 19 132 100 53 649 170 165 80 179 210 35 223 27 99 139 117 156 79 176 593 88 224 124 150 51 66 654 60 78 188 205 214 155 15 43 18 207 45 76 137 34 49 213 166 57 138 28 113 192 184 64 185 594 498 644 32 598 246 108 199 621 610 674 44 206 129 187 116 275 308 656 171 632 607 318
20 153 111 145 218 86 99 60 649 216 595 91 124 663 119 96 598 23 654 593 194 246 34 101 644 675 167 650 308 625 592 632 43 656 594 105 156 70 172 645 138 139 674 272 116 671 79 35 112 667 31 75 179 163 214 324 624 223 648 610 74 78 647 416 32 114 88 15 345 92 66 291 609 623 643 213 64 188 120 587 502 180 83 27 372 607 165 398 329 11 396 603 621 257 53 505 176 196 224 221
47 103 29 137 62 14 217 236 147 126 104 72 230 192 227 54 200 26 234 33 206 143 189 123 118 226 94 90 2 87 158 27 164 183 174 24 22 95 203 181 12 102 133 182 125 7 15 609 175 162 136 161 39 21 235 5 55 73 121 122 636 78 68 146 211 85 84 42 58 32 9 635 198 57 607 186 151 590 41 19 82 170 75 208 8 135 38 187 237 672 638 144 80 599 141 153 229 93 59 40
137 103 14 47 62 29 217 236 104 230 72 192 227 147 126 143 206 54 26 33 123 609 200 234 189 158 122 94 607 78 27 125 172 593 96 118 21 73 183 635 59 130 42 150 116 138 87 90 161 195 667 198 186 636 136 15 649 226 235 162 603 8 208 55 105 170 41 184 275 32 590 12 672 174 674 181 146 68 175 58 9 211 57 657 182 602 60 5 197 599 24 173 85 614 620 188 141 37 376 2
108 138 150 32 130 195 144 81 173 184 37 116 172 28 6 117 169 11 98 207 41 78 115 225 8 113 237 188 30 59 649 109 221 44 185 79 96 4 166 16 61 148 149 53 3 52 58 141 178 198 40 88 593 51 48 124 77 21 595 76 603 197 13 182 190 233 671 154 594 104 632 651 228 211 657 99 607 70 156 153 31 20 674 191 219 5 137 667 42 216 43 176 60 609 122 19 73 663 179 121
138 150 108 130 207 116 11 184 169 32 78 195 649 173 117 115 172 185 41 8 28 109 79 144 30 37 6 113 96 59 221 44 188 225 61 81 237 88 77 98 166 216 595 593 51 16 53 149 148 76 153 21 4 156 198 58 52 40 190 176 31 3 104 667 594 609 607 671 13 211 48 141 603 182 43 674 632 657 70 124 651 178 111 137 99 20 154 578 73 5 60 66 86 121 42 100 645 224 191 587
86 153 145 218 111 194 216 595 220 131 10 223 20 152 100 112 35 31 70 63 163 180 179 155 120 53 172 210 52 167 165 80 124 96 27 66 1 49 156 132 45 214 88 43 71 224 99 139 176 64 117 170 213 79 649 185 246 18 634 207 116 19 34 51 166 308 205 593 169 184 15 76 188 28 60 674 57 654 137 594 199 192 610 291 138 113 664 498 44 300 541 426 150 587 12 666 645 190 272 651
649 116 138 207 185 150 184 169 117 76 130 51 78 172 195 96 595 28 173 156 109 59 593 111 115 224 167 153 237 61 191 108 632 1 79 594 197 8 70 609 182 198 88 221 19 124 11 32 216 16 31 15 607 225 671 60 205 163 21 73 20 44 99 62 603 214 43 30 14 137 37 41 40 104 643 667 66 6 71 194 145 113 638 98 47 52 57 100 663 166 230 188 657 125 86 179 58 120 5 123
119 91 20 23 124 99 60 101 105 75 111 153 96 74 114 649 215 145 232 34 650 116 172 598 186 86 138 663 216 218 654 38 78 158 592 656 167 609 644 625 43 139 647 593 246 70 156 57 15 88 272 610 632 324 163 624 671 188 31 308 214 179 221 674 194 112 79 223 667 32 645 35 580 345 607 59 675 27 92 192 416 83 150 329 137 603 502 100 143 587 176 505 595 113 300 131 213 44 198 635
47 103 14 29 137 62 217 236 147 126 230 104 72 227 192 26 54 234 189 200 143 118 33 206 123 158 90 87 226 94 27 125 183 2 15 609 182 21 24 12 164 75 607 237 122 186 38 235 181 5 32 170 108 102 78 198 672 42 638 635 55 161 73 162 22 603 133 59 96 136 58 658 591 7 151 599 68 614 146 636 40 95 119 153 144 590 19 121 657 57 101 85 649 178 141 174 172 660 620 628
14 103 62 47 29 137 236 217 230 147 104 126 227 72 54 192 143 26 200 33 94 123 234 161 189 85 146 183 68 122 90 9 181 235 162 136 226 7 175 87 206 84 93 118 2 42 182 164 24 55 158 8 135 607 97 125 208 15 231 195 21 73 211 22 603 41 198 95 174 130 150 197 5 59 39 121 203 660 609 58 32 78 593 30 229 16 172 102 27 178 638 40 590 138 635 170 657 636 632 151
137 14 103 47 62 29 126 230 192 236 217 72 104 227 143 147 33 54 26 206 85 161 9 94 200 146 189 175 122 181 68 234 162 136 607 235 123 90 93 27 208 7 226 8 55 42 593 97 41 135 603 183 87 118 84 609 195 172 130 231 15 211 164 2 95 150 184 138 30 635 170 198 636 59 32 73 78 632 28 121 39 22 174 24 660 19 37 638 12 188 125 102 591 96 119 4 173 229 57 182
14 103 62 47 137 29 230 217 236 126 72 147 104 227 192 143 54 33 26 161 85 200 9 94 123 146 175 234 189 183 181 122 93 136 42 162 206 607 7 68 235 226 84 90 97 208 135 231 87 15 55 2 164 118 8 603 158 24 95 174 73 125 195 609 22 211 41 121 182 593 198 130 632 170 150 27 635 229 172 21 39 59 638 30 660 78 203 591 184 636 102 197 32 657 19 119 111 138 620 188
103 47 29 14 62 236 217 147 104 230 72 54 227 26 200 137 33 189 118 123 126 234 143 94 192 87 125 90 226 183 158 2 68 164 24 122 181 21 136 182 146 161 22 7 206 5 235 73 162 198 85 174 175 59 55 9 84 58 93 203 208 121 95 78 15 97 135 40 231 42 39 197 151 61 102 27 186 170 141 211 609 75 219 38 178 229 96 32 130 8 195 607 41 115 12 172 150 191 57 98
108 32 138 144 81 150 237 130 195 37 115 172 116 113 6 41 184 173 188 109 8 98 221 11 4 225 30 96 28 78 166 44 169 148 79 59 649 117 16 149 207 52 53 88 124 178 671 211 593 141 48 603 13 58 3 674 73 198 632 42 43 657 61 21 137 609 104 40 77 34 185 72 190 667 638 635 607 196 645 153 5 672 66 594 182 20 590 578 26 658 228 156 591 12 599 614 19 15 121 219
108 138 150 32 130 144 173 195 11 81 184 117 78 115 59 169 28 6 207 113 37 188 237 109 225 98 172 41 116 221 79 148 8 96 44 185 30 166 61 40 649 198 58 149 4 3 16 141 178 52 51 88 21 76 53 154 593 77 48 73 191 182 190 632 13 197 124 233 216 671 5 594 595 219 99 211 603 70 228 121 43 104 153 20 19 42 667 156 72 222 111 651 176 663 674 31 92 657 578 66
86 153 145 218 595 111 216 20 194 31 35 70 220 179 100 131 163 96 132 223 112 649 124 120 180 172 45 99 10 155 165 53 63 156 167 593 214 152 139 88 66 116 52 594 224 43 210 246 34 176 308 79 632 207 1 138 64 76 185 60 117 213 610 57 674 645 51 654 78 667 416 15 656 205 44 80 272 634 587 166 644 663 300 188 169 643 479 221 113 170 184 199 607 71 28 137 190 598 150 27
108 11 32 138 237 81 144 37 188 113 116 172 130 166 150 52 53 184 6 79 28 44 221 195 96 98 117 88 148 4 169 115 225 43 176 41 196 34 124 649 199 173 8 207 149 109 78 30 66 48 16 153 210 185 594 180 131 194 593 190 100 178 31 70 10 59 156 595 167 179 111 134 77 20 632 49 112 76 86 218 674 13 155 224 51 663 1 223 120 145 99 651 27 71 671 15 151 139 607 220
207 185 117 51 191 76 169 649 138 184 78 150 28 197 116 595 156 59 130 593 173 61 195 594 58 632 222 198 21 216 172 667 224 40 182 31 121 142 5 167 122 651 674 1 141 643 3 73 8 607 205 104 671 70 603 153 96 41 100 30 208 663 657 233 99 179 71 159 86 115 77 609 587 79 213 212 123 111 109 673 19 645 623 139 675 190 15 20 92 88 67 11 42 211 32 44 600 50 55 60
185 191 207 51 117 76 649 197 184 169 116 78 138 28 150 156 61 59 224 222 153 1 173 205 130 172 40 167 195 593 31 104 198 70 122 58 595 121 19 216 217 73 21 182 14 96 5 62 141 179 3 109 159 100 194 20 99 214 607 111 92 632 145 142 125 65 123 115 48 163 213 139 25 643 128 137 67 192 233 609 79 190 69 625 667 108 15 212 57 8 32 120 154 168 664 657 202 45 127 71
185 207 51 191 76 117 169 197 184 150 78 138 649 28 173 59 61 116 195 130 156 595 222 593 122 198 40 121 58 182 1 224 21 632 205 141 5 123 104 3 172 73 159 167 31 70 233 55 8 100 142 19 217 179 208 99 168 594 216 213 137 643 607 14 136 62 603 60 175 96 667 212 41 65 153 109 30 178 32 154 228 211 194 111 125 657 674 610 108 219 69 48 20 192 93 190 115 202 79 127
91 23 20 124 119 99 105 101 75 60 153 74 114 111 215 232 96 186 158 38 649 172 34 650 145 592 83 625 647 43 656 598 86 654 644 88 218 116 214 160 138 624 163 57 167 70 15 223 399 610 580 156 64 213 246 27 663 324 170 274 230 216 671 609 45 581 139 53 131 165 31 394 179 314 78 120 237 350 19 240 176 615 79 104 348 272 291 433 183 593 412 544 626 603 234 10 310 329 594 196
47 103 137 29 14 62 236 217 126 147 230 72 227 104 192 54 26 189 200 118 234 143 33 206 123 226 87 94 90 27 158 183 125 15 2 170 12 24 174 122 42 164 121 609 235 22 102 181 136 57 607 162 78 175 203 19 153 7 146 198 161 172 133 96 95 68 73 21 55 59 138 186 85 38 75 237 84 32 151 9 208 41 182 178 135 188 80 111 636 8 48 229 39 119 211 108 82 672 6 635
103 29 47 62 137 14 230 72 217 236 147 126 104 192 227 26 33 54 200 189 118 123 143 234 90 206 87 226 183 94 181 158 125 7 122 2 164 73 161 146 102 55 68 136 27 42 85 162 22 174 9 24 15 175 182 198 95 78 235 121 609 84 93 229 607 208 57 21 203 59 211 97 39 636 172 151 635 195 96 197 32 638 19 231 150 170 41 130 8 135 5 82 115 58 61 40 658 590 75 603
103 29 14 47 62 137 236 230 217 147 126 104 227 72 192 54 143 26 33 234 161 200 183 189 94 85 226 123 162 235 146 118 68 9 90 181 7 84 42 122 136 206 2 93 164 87 97 158 24 175 231 135 22 208 55 125 15 21 182 95 198 607 73 203 170 59 229 8 39 102 105 174 121 41 78 27 603 110 195 609 130 32 101 57 660 38 172 211 119 58 150 186 590 75 197 96 275 5 16 216
103 14 29 47 62 137 230 236 217 104 227 147 143 192 126 72 161 26 85 54 162 33 94 9 235 234 183 189 226 146 93 84 122 123 7 68 42 90 181 200 97 136 135 231 55 175 208 2 164 118 206 87 24 22 198 59 15 158 95 125 607 8 41 195 182 130 21 603 170 101 78 73 211 150 590 105 174 39 203 119 609 32 121 229 102 110 172 197 657 57 58 40 30 660 359 16 38 144 138 27
103 47 29 14 62 236 137 217 147 230 104 72 126 54 227 200 26 33 189 118 192 143 234 123 94 226 90 87 206 183 158 2 125 164 24 22 235 68 181 162 136 146 161 7 27 122 85 175 203 174 84 15 121 9 55 21 42 198 182 95 73 59 5 39 135 208 93 170 102 78 12 41 609 231 97 8 197 172 58 211 186 75 40 19 32 151 38 590 61 607 96 178 133 191 115 195 141 82 229 98
108 32 138 144 130 150 81 195 37 237 115 41 173 8 109 113 6 98 172 11 4 221 225 184 188 30 16 28 44 96 116 166 78 59 79 148 149 169 178 211 117 53 52 88 141 207 13 3 649 124 61 58 40 198 593 228 77 48 182 219 21 42 671 190 43 72 5 185 632 603 674 73 594 34 87 233 667 104 154 153 196 137 128 15 657 26 176 174 494 20 19 638 609 66 151 590 216 95 17 156
108 32 138 150 144 173 130 195 81 237 184 78 59 115 11 28 117 169 109 98 207 225 37 172 113 6 188 148 221 79 41 116 61 185 8 44 40 96 649 4 16 30 166 58 141 149 198 3 51 76 52 182 21 178 88 197 233 228 154 53 593 191 5 219 19 124 72 73 43 213 20 632 99 211 48 60 603 156 121 190 13 671 77 216 66 222 674 192 70 67 111 34 92 667 494 657 176 663 104 142
86 153 145 111 218 216 595 20 194 163 70 220 35 31 96 124 179 112 132 100 53 88 223 131 172 120 214 116 156 152 180 99 10 45 52 649 155 79 165 167 308 15 246 138 66 63 34 139 43 176 78 117 207 593 44 80 594 185 210 51 76 150 224 300 1 205 19 632 221 113 11 18 190 645 184 57 166 188 60 28 324 170 479 6 169 77 426 291 654 412 49 213 130 229 237 505 546 48 667 250
108 11 32 81 237 144 138 37 166 116 130 188 113 150 184 172 79 6 28 153 52 53 195 44 221 96 98 148 115 595 169 88 86 111 4 176 117 225 43 649 41 145 196 34 173 218 199 66 8 194 216 124 131 70 207 78 31 20 149 100 593 30 179 109 180 594 185 16 48 167 210 10 112 156 663 190 632 155 178 223 120 76 59 224 214 13 45 27 675 607 163 134 72 99 77 1 139 220 151 511
191 185 207 51 117 76 197 184 150 78 169 28 61 59 138 173 649 156 122 195 121 40 593 198 595 130 222 116 8 104 182 73 123 224 14 217 5 55 172 137 62 58 3 41 175 211 21 159 125 141 30 632 136 233 142 1 31 205 216 208 227 607 100 178 168 153 228 48 643 167 19 47 179 147 33 609 213 190 657 17 192 95 16 15 109 103 603 126 594 212 93 219 87 96 154 181 99 26 174 638
207 117 191 185 138 184 649 169 150 51 78 76 28 130 595 593 156 116 173 195 8 59 632 197 61 224 30 41 594 172 40 167 607 198 121 73 21 211 58 182 1 86 108 603 137 222 153 643 32 667 5 142 79 96 55 44 43 31 37 674 216 174 205 671 3 657 141 115 208 48 673 638 122 609 651 71 628 227 166 113 20 99 139 104 149 175 19 663 123 159 221 109 88 179 126 213 125 190 188 62
191 207 185 51 117 76 78 197 184 138 169 595 150 28 593 649 116 59 173 61 130 156 632 195 121 40 122 222 73 198 137 224 607 172 205 167 1 8 21 182 142 19 159 594 58 216 123 168 139 153 96 62 111 125 192 55 5 212 175 108 31 227 603 14 179 194 104 99 141 41 15 3 48 47 60 673 208 206 32 30 20 657 217 211 70 42 103 100 638 86 609 69 213 667 628 65 143 136 79 178
124 91 20 23 119 99 101 111 60 114 74 75 105 153 96 86 215 232 649 34 172 145 43 116 223 186 656 138 246 650 654 35 272 158 308 64 663 131 83 163 218 213 214 592 216 31 179 644 610 88 156 112 196 139 167 345 671 416 92 324 38 598 70 45 625 300 372 615 624 25 57 155 651 199 160 626 165 194 176 53 396 11 609 666 398 250 221 127 647 100 69 581 36 668 46 78 645 50 254 580
230 14 29 47 62 103 137 236 72 192 126 227 9 54 85 217 94 183 147 161 33 143 234 136 181 7 90 162 200 146 104 97 175 189 226 68 26 122 164 84 2 87 93 135 231 208 24 123 22 42 55 235 15 121 174 206 57 198 607 203 95 172 102 19 111 158 211 170 59 82 8 197 73 118 150 39 41 182 27 216 38 229 125 80 660 75 21 12 78 603 96 151 195 184 101 32 130 609 185 138
62 14 230 47 137 103 72 217 236 147 29 104 54 200 33 227 94 123 136 68 192 126 181 183 122 143 9 161 2 26 175 87 7 24 162 85 84 146 234 174 93 189 135 164 235 90 22 39 125 121 97 208 15 55 226 203 198 95 231 158 206 172 197 59 28 21 8 118 182 42 207 607 78 211 111 57 150 117 184 40 27 51 41 73 170 185 58 82 191 19 5 61 70 130 16 79 30 98 102 593
230 47 14 137 62 29 72 103 236 104 217 147 227 126 54 200 183 234 94 33 87 143 123 192 2 158 26 175 24 90 189 164 136 226 181 7 118 68 203 174 22 42 122 9 102 162 125 235 161 121 95 198 84 146 57 55 208 85 206 135 39 182 75 172 15 211 27 21 93 97 41 8 59 184 231 151 153 28 186 38 607 48 197 5 31 178 73 19 61 163 40 78 150 58 111 214 138 216 12 207
14 103 62 47 29 236 230 54 137 200 147 72 104 33 217 227 126 68 9 136 161 181 26 162 94 175 7 2 123 146 143 183 122 85 234 84 192 235 87 90 93 189 164 226 174 97 24 135 8 22 42 208 55 39 95 231 211 118 121 203 41 198 151 15 16 125 197 182 28 30 102 120 206 172 73 70 158 21 184 115 130 59 5 150 195 52 31 607 109 98 6 4 58 79 48 207 178 66 27 221
230 137 47 14 126 103 29 62 236 72 85 9 26 161 227 217 143 192 183 147 54 97 33 93 94 135 84 189 162 136 235 42 175 200 7 234 104 87 68 231 146 181 123 122 90 208 15 55 2 226 174 24 158 164 22 607 125 121 73 206 198 57 111 118 8 203 38 41 59 95 229 102 197 19 182 660 170 172 101 216 39 603 150 21 195 130 595 30 638 186 78 211 27 184 632 609 138 178 105 110
230 47 137 14 62 29 103 236 126 72 192 217 183 54 33 9 147 26 227 42 161 122 189 85 104 136 7 68 200 143 146 93 175 94 234 97 181 162 123 607 15 235 206 231 84 158 135 87 208 2 90 226 55 24 164 111 125 22 198 229 121 197 38 73 174 102 57 19 172 203 59 118 660 170 182 27 95 21 609 8 195 186 150 110 603 638 184 39 130 101 41 28 595 214 82 593 632 75 615 151
115 109 130 32 195 150 138 144 37 8 173 16 41 30 98 225 4 184 237 108 221 81 6 113 11 172 178 211 59 188 78 28 44 61 149 166 40 116 96 79 169 3 148 198 117 52 73 228 141 58 182 219 21 5 154 121 191 197 13 19 233 72 207 53 43 95 123 88 48 151 77 104 216 87 55 102 122 39 124 196 17 603 42 26 125 129 111 174 189 185 632 593 190 161 66 181 146 126 33 9
150 173 138 130 195 32 108 109 115 144 184 191 59 28 98 61 225 197 117 78 16 81 169 37 207 40 58 141 3 8 237 228 6 4 185 41 221 198 113 188 21 178 30 182 219 76 73 5 148 233 51 44 122 11 79 172 222 116 154 121 123 166 149 55 17 19 96 52 211 649 593 104 72 48 13 87 125 208 190 128 50 25 603 69 213 136 142 111 92 231 67 160 66 93 632 43 70 194 224 83
86 153 145 218 595 35 111 220 132 194 100 163 31 179 20 10 180 216 131 112 155 70 223 156 214 152 120 167 139 205 63 1 224 632 594 66 643 45 53 80 49 634 52 165 185 593 79 76 15 51 99 19 207 172 664 27 190 649 88 60 18 96 667 176 645 607 598 609 57 137 210 117 213 654 644 71 43 124 656 48 34 64 666 675 610 673 169 170 28 78 674 587 128 44 138 184 151 624 646 629
86 153 145 218 111 216 595 116 194 163 35 70 20 649 31 96 172 214 124 45 120 207 66 179 117 100 224 51 185 131 76 184 28 167 156 79 1 19 112 57 220 78 169 139 205 15 223 138 10 88 99 132 91 593 52 60 43 155 180 53 23 176 150 59 632 166 110 119 128 272 396 151 416 229 412 198 34 210 48 213 165 502 170 291 667 375 610 64 645 190 222 594 152 101 498 50 67 246 607 121
79 221 225 115 113 98 6 44 109 4 188 16 184 28 130 138 37 150 32 52 144 195 11 237 166 172 169 117 8 81 41 173 149 43 53 66 30 88 96 194 108 59 78 178 116 139 196 176 179 207 31 124 34 111 73 112 148 180 48 185 13 3 70 190 58 199 72 593 198 595 128 153 211 76 141 154 163 131 21 45 156 228 151 167 86 92 5 145 77 40 51 20 182 61 220 224 100 35 142 120
191 197 61 59 150 173 78 222 40 185 184 198 138 76 21 58 73 182 117 121 207 122 169 195 51 130 123 141 28 228 3 5 216 55 154 104 19 233 109 219 16 116 125 208 172 8 649 217 156 41 147 17 32 115 136 178 93 224 1 62 231 60 98 14 96 135 128 175 68 99 97 25 111 205 79 83 225 194 30 84 69 9 211 213 167 57 20 50 70 159 13 192 227 143 90 37 124 94 103 181
191 173 150 197 184 61 138 59 195 130 117 78 40 169 28 207 185 222 51 76 109 58 141 115 182 198 228 21 16 73 3 219 154 8 32 98 233 41 5 225 122 178 37 30 144 123 121 6 113 79 188 221 4 55 108 44 172 1 116 17 19 81 224 156 104 125 205 237 166 52 208 216 159 69 167 190 25 168 649 142 149 213 194 50 136 70 60 11 211 96 66 93 65 92 212 179 231 13 128 157
191 197 185 76 51 207 117 222 61 184 169 59 173 28 150 58 78 182 40 138 141 21 228 195 3 130 5 233 73 198 219 122 123 1 159 168 156 154 121 224 69 25 205 142 213 109 65 212 649 60 202 157 55 16 167 104 83 115 127 36 98 50 99 8 178 67 92 17 125 216 64 160 19 225 204 208 194 111 32 217 46 70 79 179 116 62 139 136 93 41 20 172 14 128 595 108 231 72 593 31
91 23 119 114 101 74 75 124 215 232 105 186 38 111 158 153 99 20 60 96 86 57 163 216 172 116 131 45 31 43 179 214 185 223 138 345 92 34 70 649 198 156 117 194 272 656 88 167 50 83 112 120 15 169 59 69 610 35 78 184 145 176 25 155 52 150 36 157 127 66 65 416 28 139 412 221 224 19 207 64 650 213 128 592 79 165 182 671 90 100 76 654 237 72 246 46 10 626 160 67
115 109 144 81 32 130 195 237 4 16 37 225 150 98 184 138 221 8 6 113 108 173 28 30 41 188 11 149 44 79 178 172 148 169 52 166 117 59 116 78 211 61 96 40 3 228 207 72 53 141 73 58 198 13 182 19 197 88 21 196 66 219 43 87 48 77 5 151 154 185 42 76 122 129 121 95 146 191 51 39 68 124 181 233 176 62 189 70 102 194 111 33 104 161 593 54 9 180 190 14
150 32 144 173 115 130 109 195 108 138 184 28 191 98 59 225 117 61 81 16 37 78 197 207 169 237 6 58 3 188 141 113 4 228 8 40 221 185 41 198 79 178 182 148 30 21 219 73 5 76 172 51 233 116 121 44 122 166 11 154 149 52 123 19 72 222 96 104 66 55 17 649 48 87 194 70 128 13 125 593 208 160 1 69 25 12 211 156 146 50 111 67 190 43 179 88 151 217 231 62
86 153 145 218 194 220 10 163 100 112 66 167 179 31 132 155 70 35 120 214 131 49 139 224 156 223 180 79 45 1 34 205 88 111 71 176 43 52 53 199 595 196 166 20 63 27 117 210 152 165 216 134 185 76 28 80 51 207 184 172 169 137 188 649 654 113 19 666 272 44 96 18 598 246 416 190 170 237 89 594 124 12 221 6 48 133 138 629 192 308 60 621 15 610 546 57 213 674 593 64
86 153 145 218 35 111 220 132 20 194 163 216 112 179 595 155 139 31 100 10 131 70 223 214 180 167 69 120 156 50 65 15 45 92 66 60 79 205 99 34 157 124 36 25 19 64 1 43 213 67 88 44 96 57 224 142 52 152 649 185 49 190 127 176 172 128 196 117 27 76 53 609 113 210 632 212 166 221 51 119 137 78 46 656 593 594 48 607 207 159 91 6 188 199 654 138 63 116 191 170
86 153 145 218 194 111 35 163 179 214 223 70 131 220 31 155 120 100 112 45 66 20 139 216 167 595 10 132 156 79 224 1 43 180 176 88 34 185 124 60 76 205 169 53 96 57 52 172 272 99 416 49 184 649 546 207 117 210 166 71 138 165 51 28 246 19 27 80 199 196 541 119 116 645 345 190 308 137 15 643 632 128 63 64 83 213 113 398 73 221 50 594 150 92 192 152 674 250 44 91
79 113 166 52 221 188 6 44 28 66 53 225 11 37 98 88 43 4 184 176 117 144 138 130 194 115 195 16 34 169 32 172 149 196 150 139 109 199 237 70 179 81 41 8 31 96 131 108 116 178 112 173 190 100 120 30 48 207 214 153 45 163 155 78 167 145 13 180 156 185 59 35 151 220 224 76 210 223 134 154 1 124 128 3 51 86 73 148 72 10 205 141 211 111 77 132 49 228 58 198
191 185 197 207 76 51 117 222 169 184 61 173 59 150 138 28 78 58 40 182 156 141 21 198 195 122 130 3 224 228 233 73 1 5 123 219 205 121 167 649 154 60 213 19 216 109 104 159 99 50 55 179 208 142 8 168 178 41 83 116 25 17 125 139 31 111 70 65 217 212 172 595 69 79 128 20 136 157 92 115 194 202 36 14 160 98 64 16 190 32 96 593 43 632 225 62 214 127 57 192
191 207 117 184 197 138 150 185 169 173 28 76 51 59 61 130 195 78 222 58 40 141 182 21 3 73 32 198 228 98 108 115 225 109 144 233 79 8 122 37 154 5 16 219 41 221 6 178 123 172 116 81 188 113 30 44 649 1 121 149 156 213 11 4 142 52 224 19 190 104 166 17 159 237 168 60 50 167 69 99 83 216 96 55 125 128 43 66 593 88 25 160 194 65 70 148 48 595 111 72
86 153 145 218 35 220 132 111 194 139 595 179 163 112 131 31 20 216 10 100 223 155 70 214 167 120 156 79 66 45 1 43 180 205 60 176 224 99 49 88 649 34 124 199 53 27 57 166 656 119 96 654 52 185 213 15 196 69 632 76 19 50 64 598 592 609 138 594 172 207 117 666 92 44 25 615 190 65 78 593 137 51 607 621 91 165 134 170 645 23 71 624 221 152 650 75 412 157 210 246
86 153 145 218 194 111 35 220 179 31 132 100 70 163 10 20 112 214 131 155 120 139 66 223 45 156 167 224 180 595 1 34 205 79 216 49 43 88 176 53 99 52 185 196 152 199 60 76 51 117 57 63 138 166 213 165 207 649 27 96 19 124 172 190 134 71 64 28 80 184 83 150 113 69 128 50 169 78 188 666 210 651 654 137 23 65 15 170 610 48 160 91 594 119 221 157 632 92 67 25
79 66 194 145 28 52 53 117 153 176 88 166 139 179 31 86 43 184 169 100 221 131 112 188 113 70 218 44 120 163 34 6 155 156 167 180 1 35 214 10 220 207 76 51 45 224 225 49 185 223 205 98 199 37 4 172 196 138 132 150 115 210 149 96 130 216 195 16 111 11 190 109 595 41 8 48 20 78 71 144 173 116 50 30 32 178 128 134 92 59 151 142 27 67 121 198 124 213 237 73
86 153 145 218 111 194 35 179 163 214 70 31 216 220 131 223 155 100 45 120 112 66 139 595 20 132 10 167 79 176 156 224 43 34 1 88 185 649 124 57 76 205 99 138 52 180 169 166 53 96 184 60 91 207 117 196 119 172 28 51 150 116 272 416 23 27 190 113 199 71 137 128 237 78 49 19 152 75 221 74 546 72 165 25 101 6 188 151 48 246 15 69 44 92 412 64 308 130 59 645
15 111 110 19 229 96 77 170 57 42 183 192 137 206 230 172 124 27 72 12 133 116 216 210 80 148 218 180 149 609 78 607 33 189 165 54 14 26 145 198 138 153 593 82 227 59 62 603 136 234 151 122 104 143 94 125 68 121 88 181 90 221 217 103 126 200 184 6 130 150 48 129 152 162 44 208 9 657 274 75 667 47 187 63 635 55 188 52 97 119 175 40 163 123 146 93 24 194 231 102
218 145 152 80 63 19 153 165 18 12 180 133 206 192 210 27 137 86 194 82 170 171 129 187 72 111 179 148 20 70 112 31 155 10 100 66 117 163 220 184 150 52 28 88 216 348 223 190 78 17 156 167 15 128 48 141 207 50 154 59 79 197 595 51 53 35 120 222 191 172 185 1 224 198 107 498 228 214 60 173 182 169 131 58 138 213 139 73 245 195 104 92 3 69 118 61 233 40 275 124
152 218 180 63 18 165 80 19 145 12 133 153 210 206 194 27 179 192 137 70 155 112 170 163 86 82 10 31 171 156 66 129 100 167 223 224 220 88 1 214 111 120 72 79 187 131 117 28 53 148 20 52 34 35 205 184 49 51 169 185 43 139 207 45 190 17 176 71 348 154 222 48 128 150 141 197 132 76 166 50 191 107 228 15 182 59 78 172 198 58 219 60 195 213 69 216 178 61 188 138
455 345 246 308 287 479 250 268 460 564 546 276 523 541 373 535 558 458 272 416 396 502 451 562 269 263 297 357 448 437 566 457 398 291 397 426 342 300 329 545 480 317 267 570 548 493 310 569 337 283 423 351 439 377 505 575 324 238 302 306 266 440 447 257 366 240 578 506 403 331 509 499 411 360 249 468 320 372 415 494 311 443 354 585 486 542 376 273 412 414 361 556 582 513 290 295 559 270 265 316
320 253 419 412 522 277 515 424 360 532 317 312 362 294 321 249 397 481 485 533 569 381 519 288 300 377 448 400 560 433 238 544 243 334 287 369 270 430 378 434 367 512 302 345 570 337 358 575 426 516 291 376 480 493 450 275 341 240 576 484 444 498 568 452 578 392 324 274 472 546 313 375 494 582 361 479 505 403 261 455 267 457 292 423 435 398 325 453 387 586 506 558 269 246 353 396 248 272 407 247
455 345 268 287 246 308 460 558 250 479 541 276 291 564 373 523 546 535 458 451 310 416 272 562 269 502 283 396 357 437 366 263 342 448 306 548 566 397 297 457 398 505 447 324 426 337 302 403 493 377 300 506 578 240 329 570 331 509 486 545 317 440 249 480 238 569 427 267 257 361 266 443 423 585 439 351 575 454 270 559 542 360 414 316 354 411 375 497 378 495 482 511 376 499 529 593 520 494 356 284
345 455 287 268 460 546 246 558 479 308 250 564 291 276 541 373 535 523 272 416 562 269 502 451 396 297 458 398 357 263 448 457 397 283 310 366 548 426 329 440 437 306 342 505 337 566 324 447 300 545 377 506 240 559 317 302 493 509 403 267 578 480 423 331 575 266 570 249 454 439 486 238 569 257 372 585 361 427 354 351 499 443 542 360 468 402 270 378 494 422 415 544 327 315 563 526 254 513 461 311
320 317 251 419 515 349 397 412 253 579 277 424 312 522 439 569 294 360 545 362 485 413 300 570 532 381 519 512 552 480 400 426 341 448 238 568 377 481 484 249 361 555 352 287 321 506 266 313 356 347 562 529 423 434 494 516 486 263 302 503 582 351 578 246 479 398 261 376 505 358 488 455 240 357 324 337 291 539 504 275 558 270 523 408 500 435 325 243 326 458 576 403 283 384 345 308 414 416 586 573
317 397 569 570 238 300 480 426 448 398 320 545 287 479 439 357 263 360 562 451 246 250 351 412 345 308 455 457 377 458 378 419 558 523 249 468 276 546 535 268 532 564 251 240 253 411 505 337 312 416 423 272 579 437 291 270 515 403 460 396 502 297 324 414 261 578 522 349 373 269 424 294 493 266 277 529 566 267 361 509 506 485 494 352 447 498 302 575 548 243 376 544 438 568 329 362 321 331 341 435
277 381 253 515 424 516 419 519 294 400 312 362 522 481 485 512 503 412 488 320 532 550 328 347 360 504 288 484 243 292 408 494 325 568 247 453 444 581 367 538 311 533 430 461 338 544 527 384 497 434 477 586 353 334 387 549 359 275 433 319 490 376 355 321 567 386 459 432 407 508 528 358 305 495 364 385 96 463 551 450 428 417 332 388 293 279 313 560 314 333 290 441 116 274 470 478 344 492 271 423
267 411 575 431 402 467 483 557 392 299 390 375 511 258 248 243 507 394 335 559 273 576 336 378 546 498 493 539 500 326 291 473 274 320 433 376 318 323 404 510 495 584 249 350 544 529 435 352 552 492 438 305 364 423 262 286 412 279 459 293 393 476 509 360 284 395 367 275 334 417 270 574 356 260 586 432 532 437 474 508 418 578 462 487 494 491 524 385 541 368 475 339 471 420 383 373 563 505 567 292
381 516 519 400 294 277 312 512 503 488 481 362 485 515 424 419 550 328 522 253 347 504 412 320 532 360 484 453 247 568 408 353 288 494 497 544 325 334 292 384 321 533 538 311 434 313 461 527 338 444 586 367 388 430 581 329 459 387 96 560 549 300 305 359 567 575 275 534 333 243 407 433 432 385 358 355 508 417 364 414 551 463 492 528 426 480 404 271 490 293 386 264 279 269 242 319 457 477 491 428
267 411 575 431 402 483 467 557 390 299 392 258 273 511 394 335 243 507 559 375 326 376 500 539 291 320 544 274 248 576 493 546 498 529 473 336 433 334 435 279 284 532 508 404 574 367 305 510 495 552 423 418 318 249 478 283 533 359 524 586 494 567 492 352 293 412 321 584 459 356 549 501 311 364 383 385 578 366 568 292 275 438 368 427 414 572 471 528 350 310 474 323 395 509 446 270 437 345 378 360
381 516 519 400 294 277 312 512 488 503 485 481 362 550 424 419 515 328 522 253 347 504 412 320 532 360 484 453 288 247 568 353 408 494 497 544 334 325 311 533 434 313 430 321 461 538 384 329 300 292 367 333 338 527 388 96 358 586 575 560 480 275 359 387 508 534 567 426 432 355 433 282 243 269 457 124 448 274 110 582 671 397 138 407 492 287 581 459 444 603 632 229 549 364 417 593 77 305 242 116
267 411 575 402 431 483 467 390 557 392 299 258 273 507 559 511 375 335 394 243 546 500 326 539 248 320 376 544 576 291 274 493 473 336 433 529 498 435 510 334 404 378 423 393 323 508 438 574 284 459 395 418 249 305 492 279 584 532 367 501 318 495 293 552 549 586 412 478 567 364 275 533 352 321 350 474 359 509 417 383 360 524 528 385 494 292 373 541 283 356 466 414 437 432 491 286 311 475 578 572
381 516 519 400 277 294 312 512 485 488 503 362 481 424 419 515 550 328 522 253 347 412 504 320 532 360 484 247 453 353 288 497 408 568 494 334 544 325 434 321 527 533 538 461 292 313 388 430 96 384 586 338 311 359 367 432 387 275 329 567 358 300 560 575 534 508 444 364 459 138 124 492 407 386 671 279 333 229 274 77 581 355 243 111 428 480 269 337 549 474 368 305 477 417 110 603 426 405 385 172
267 411 575 402 431 483 467 392 258 557 299 273 390 544 511 291 243 507 375 394 559 320 335 376 326 500 334 546 539 274 433 576 336 248 367 435 283 310 529 473 498 533 366 532 418 284 423 510 356 493 574 352 240 403 478 492 279 337 552 501 495 249 318 395 586 414 509 584 567 412 350 383 508 323 524 305 505 578 548 349 345 292 437 549 331 404 360 359 438 528 494 447 270 459 373 572 427 393 321 275
381 400 519 516 294 488 312 503 512 362 481 485 550 328 277 347 504 419 424 515 522 412 253 320 532 360 494 484 288 247 453 408 353 568 311 325 321 461 329 497 434 430 313 533 358 300 388 538 333 384 275 367 544 582 560 480 569 282 334 567 359 558 432 426 368 508 364 249 96 492 261 536 292 287 586 78 593 551 489 401 450 397 355 243 338 575 150 138 279 527 477 387 474 534 8 330 524 392 345 584
267 411 575 402 431 483 467 392 243 258 299 557 394 375 376 559 511 544 459 404 500 433 274 390 507 320 273 248 529 549 510 335 546 291 576 539 336 334 473 323 279 493 435 584 387 417 284 533 305 581 321 574 367 292 491 309 326 293 490 586 498 438 414 466 385 407 418 350 463 478 475 393 383 403 444 492 395 420 364 495 352 386 528 532 314 541 501 240 425 286 249 339 412 423 441 432 344 474 332 264
267 411 575 402 431 483 392 467 511 258 375 559 544 299 557 243 291 546 334 273 394 390 320 433 274 376 493 576 507 335 541 336 539 500 367 529 248 404 473 326 533 459 498 549 414 284 435 283 417 352 345 510 423 378 438 418 412 360 240 574 393 292 310 491 249 318 416 478 403 323 505 350 586 492 532 366 272 396 463 581 356 451 495 309 475 383 578 509 395 311 548 314 305 387 321 501 344 337 441 584
267 402 575 411 375 431 559 392 291 511 274 243 544 576 507 248 433 334 557 493 483 393 438 467 395 546 336 390 394 318 498 299 310 541 335 378 367 360 283 403 580 273 533 396 480 258 300 270 249 284 297 240 412 306 399 352 455 539 366 505 432 585 346 532 426 406 287 326 278 414 416 548 553 356 324 345 339 476 520 452 574 272 327 320 460 350 364 509 471 430 473 521 260 427 373 96 529 337 456 558
267 559 575 291 402 411 375 283 431 310 366 392 493 403 505 240 511 306 548 274 509 544 546 578 243 576 585 447 520 249 427 498 324 337 248 334 506 433 507 318 284 454 287 378 398 396 394 557 270 297 395 268 455 377 336 423 360 399 460 483 278 541 482 443 397 574 440 580 300 303 331 346 467 495 414 345 476 529 539 406 356 272 299 426 412 352 354 502 302 480 478 532 416 569 486 367 383 258 545 259
240 377 403 337 411 578 291 267 320 366 427 505 283 493 447 509 575 331 310 548 324 306 532 302 486 249 538 321 506 360 443 529 585 361 453 522 376 544 482 353 334 414 412 433 378 497 431 568 423 484 574 392 247 243 478 397 511 576 498 533 270 274 284 569 375 418 419 559 468 452 398 367 435 315 336 238 495 358 383 345 450 277 451 546 318 258 426 313 300 394 424 248 545 343 434 570 352 582 467 507
411 267 320 575 377 291 532 321 249 412 337 497 240 509 331 353 403 493 431 578 402 360 283 559 310 511 306 453 544 548 243 270 585 443 366 392 414 529 576 427 538 302 505 419 447 376 274 423 546 433 334 375 324 451 247 522 498 345 568 484 452 506 435 533 258 367 397 361 378 486 246 424 398 482 358 569 336 318 300 369 574 284 467 396 541 483 238 248 393 395 273 277 426 418 468 478 458 343 269 450
239 513 278 399 422 537 254 521 344 372 499 449 415 469 554 295 304 436 417 491 445 526 542 257 264 583 441 429 365 255 327 496 303 346 406 374 410 556 520 290 242 580 421 462 454 252 586 549 518 382 296 256 292 534 315 298 404 459 293 442 309 265 305 385 464 339 466 343 420 314 531 540 463 444 354 525 547 543 528 565 281 581 274 363 495 389 440 514 350 371 244 376 262 340 487 284 529 482 316 571
239 513 278 399 422 537 254 521 344 372 499 449 415 469 526 295 445 554 417 491 429 542 304 436 257 365 583 327 264 441 496 303 410 556 290 255 346 520 242 421 406 580 256 518 382 462 454 315 296 265 374 298 534 442 343 464 549 274 252 363 586 309 525 292 404 314 459 444 581 340 354 466 487 293 386 339 514 440 420 495 305 482 463 371 376 385 414 281 387 323 286 407 394 284 529 96 380 478 490 244
399 278 239 513 422 537 344 521 254 469 372 449 499 415 445 583 327 526 429 295 554 290 496 520 491 542 303 417 304 365 556 436 410 518 382 257 580 421 441 264 255 315 256 454 346 265 462 406 242 296 442 374 298 464 534 274 340 386 343 332 363 586 292 260 525 549 428 482 339 459 581 305 487 404 284 293 252 490 309 385 314 354 376 383 259 529 281 478 574 394 466 96 528 435 463 444 350 240 375 418
521 344 399 278 469 445 583 422 239 462 537 518 513 295 315 254 496 520 303 296 382 298 580 372 257 327 449 464 421 340 525 499 542 363 260 415 274 265 454 256 526 365 290 487 429 354 442 476 556 410 380 316 280 465 259 491 371 417 375 304 482 554 563 440 391 242 436 374 441 255 509 346 389 406 495 309 264 343 286 386 559 392 281 511 341 284 576 534 456 243 383 291 323 574 339 438 586 305 577 275
239 278 513 399 422 537 521 254 344 372 449 499 415 526 295 469 445 429 542 257 327 554 410 556 496 365 583 304 436 290 417 491 303 421 264 520 441 255 580 256 518 462 382 315 454 265 296 346 242 298 534 406 442 464 440 354 374 525 586 363 252 274 549 292 293 343 487 305 482 495 459 404 309 385 420 476 281 340 316 337 314 371 444 531 284 528 375 509 548 563 475 286 565 283 387 339 244 377 529 506
278 399 239 422 537 513 521 344 254 372 469 449 499 445 415 526 295 327 429 556 496 583 290 410 542 256 257 520 303 491 554 365 265 417 304 421 382 462 255 580 518 454 315 264 441 436 296 298 340 442 464 346 406 260 242 534 363 374 274 525 354 343 487 259 252 280 440 375 291 586 482 476 380 386 549 339 309 404 438 292 243 391 559 284 337 463 293 371 305 316 459 529 240 281 465 466 392 495 456 383
521 344 399 278 239 469 422 537 513 583 254 445 518 496 449 372 295 327 520 580 462 315 382 303 499 421 415 429 290 365 526 257 542 265 256 296 274 454 491 556 298 417 442 554 340 464 304 410 436 525 441 264 363 260 255 242 386 346 406 375 482 354 487 534 374 343 476 259 332 549 309 291 383 509 586 284 465 495 380 280 428 440 281 371 478 337 292 376 435 574 243 459 350 404 563 529 305 438 258 293
298 462 363 521 239 525 487 399 422 278 445 513 340 537 371 296 465 295 260 344 354 417 491 380 464 255 259 441 264 343 316 254 554 257 499 415 391 304 323 372 436 583 286 469 281 476 542 374 280 389 262 449 315 309 420 563 526 407 495 406 242 252 387 346 339 496 244 475 327 556 365 322 518 580 429 466 303 425 577 341 520 440 549 290 586 547 410 442 265 305 293 404 423 382 292 459 414 385 454 534
298 363 465 371 525 487 462 296 389 380 309 260 316 354 464 476 323 445 286 466 340 521 391 259 420 339 295 262 374 280 252 281 387 404 315 244 407 577 549 586 475 293 305 459 495 385 422 399 547 537 278 257 563 344 425 517 292 341 322 350 513 343 583 531 565 239 463 518 540 265 440 417 376 500 423 571 394 491 365 254 499 256 543 449 539 528 469 441 415 327 383 435 478 275 520 584 529 509 580 299
239 513 278 399 417 554 422 491 537 521 436 441 344 304 264 343 255 254 469 346 406 445 242 295 499 415 372 462 583 257 449 298 526 374 542 386 496 296 365 327 556 290 429 315 464 529 376 574 520 410 466 394 303 518 482 421 414 586 252 309 284 435 581 363 323 420 380 316 314 465 495 580 354 428 525 490 389 339 286 385 305 442 478 383 444 259 265 549 487 382 557 418 281 578 299 293 493 335 404 256
298 371 309 389 363 465 487 466 339 525 281 262 420 323 286 462 252 374 296 244 404 407 549 387 475 459 380 586 464 293 259 305 547 354 391 260 322 316 577 292 385 445 340 521 425 531 463 565 280 517 476 571 540 495 315 350 528 295 278 399 341 563 543 422 417 537 444 257 344 583 441 491 239 275 584 436 500 513 518 304 581 469 520 554 423 440 303 449 359 432 264 580 474 265 492 567 539 326 508 572
239 513 399 278 422 537 521 344 417 254 491 554 304 264 372 445 441 436 255 469 499 415 295 449 343 346 406 583 327 526 242 257 542 429 462 290 556 298 374 496 303 365 410 520 296 315 518 580 464 382 421 256 265 363 442 339 525 259 260 309 454 354 281 323 487 386 465 371 340 414 466 394 420 286 574 252 529 284 586 549 495 389 428 534 482 376 280 404 387 292 380 262 459 435 383 581 478 563 305 293
385 586 293 404 459 305 292 549 547 565 531 571 463 252 309 540 262 543 389 466 374 339 528 281 420 444 244 581 350 514 314 407 387 490 425 322 475 371 319 517 577 363 417 298 323 286 278 428 491 521 399 495 487 525 554 344 537 436 441 304 239 405 422 445 465 259 462 264 513 500 340 341 275 359 492 442 583 255 501 469 580 518 432 477 303 260 296 584 242 406 510 368 524 464 572 386 332 382 295 279
239 513 399 278 422 537 254 554 521 417 491 344 372 304 436 499 264 441 449 255 415 526 445 295 469 429 346 406 410 327 542 556 242 290 257 496 365 583 343 374 520 303 580 462 252 382 256 421 454 315 296 298 339 442 265 518 464 534 466 581 490 284 586 414 383 363 420 332 478 314 574 376 386 549 394 305 292 529 240 482 495 354 428 340 319 459 444 309 293 404 385 418 585 262 528 249 487 435 403 270
239 513 399 278 422 537 554 417 491 344 521 254 304 436 264 441 372 255 499 449 415 469 346 406 526 445 295 242 542 327 429 290 257 343 583 520 303 386 410 496 365 374 556 421 428 580 315 314 252 454 462 490 581 382 319 256 442 296 514 482 332 265 298 518 339 444 376 534 529 284 574 383 414 464 478 394 528 586 240 578 292 506 418 466 403 447 435 331 259 337 283 366 548 585 310 340 549 249 495 543
385 586 293 305 404 292 459 549 531 565 547 571 463 540 252 309 543 262 389 528 374 466 339 281 420 444 350 581 244 514 314 490 322 319 475 407 387 425 577 517 417 405 491 495 554 368 436 524 428 359 501 500 492 446 572 286 323 279 239 521 298 363 275 371 567 278 537 477 344 399 304 242 406 508 259 422 264 470 442 552 487 341 441 462 513 346 464 474 432 510 584 414 301 539 518 583 254 352 484 409
374 252 495 528 239 322 339 253 420 399 292 278 521 586 466 417 513 549 491 305 554 344 309 422 459 404 254 385 563 293 537 580 449 436 365 290 441 581 531 304 242 264 350 346 298 389 444 565 262 406 281 429 475 490 286 352 442 387 314 463 274 445 361 323 421 243 319 327 543 487 547 534 382 540 423 428 310 542 414 363 315 407 571 337 244 518 500 526 394 372 430 496 375 514 303 371 520 257 498 392
239 399 278 513 386 537 422 344 554 417 491 521 436 428 469 254 304 264 441 332 346 406 583 520 496 242 343 445 490 449 303 499 372 327 255 295 415 580 314 382 421 365 482 315 526 518 581 290 319 442 529 429 265 454 256 542 376 514 374 257 296 435 574 284 444 462 394 478 383 534 410 556 463 528 586 509 464 543 339 418 500 352 414 292 540 331 473 578 309 274 549 252 493 305 447 385 575 411 476 260
385 586 293 305 292 404 459 549 531 565 547 571 463 540 252 543 309 262 528 389 374 466 339 281 420 444 581 244 350 514 314 490 322 319 387 475 407 425 577 428 554 436 417 405 500 368 491 359 517 524 495 521 492 501 446 279 304 572 298 363 239 278 567 286 399 323 537 344 406 477 259 508 242 470 510 275 441 422 371 264 462 432 442 464 513 346 584 474 552 580 341 376 534 301 365 568 352 484 539 280
586 292 252 549 385 305 459 528 293 404 463 374 531 309 565 571 339 281 543 540 547 389 466 262 444 253 581 428 420 417 490 399 314 521 344 436 491 350 239 278 442 441 407 275 422 513 359 537 580 304 432 298 524 495 584 405 332 322 387 492 534 386 554 319 514 368 475 254 264 508 572 518 532 412 244 567 279 242 446 371 274 346 430 243 577 382 406 320 477 286 501 583 341 497 424 255 474 484 449 323
385 586 293 305 292 549 404 459 531 565 463 547 252 571 540 543 374 309 528 339 262 466 389 281 444 420 581 514 314 490 350 428 319 554 436 244 417 491 304 239 242 406 521 537 387 513 278 346 399 441 517 344 475 500 405 577 322 422 407 264 442 332 492 359 446 386 254 495 524 368 567 580 501 572 425 518 508 279 510 382 323 275 469 583 259 298 477 363 286 255 520 421 462 303 470 534 365 301 539 584
521 298 278 399 344 462 487 253 274 422 340 363 575 320 518 239 537 281 475 375 525 392 323 309 371 262 257 465 407 583 296 387 430 420 419 549 412 445 513 511 286 315 438 449 532 404 261 424 364 243 295 584 586 267 522 459 471 417 469 474 254 491 542 526 402 515 293 288 374 305 576 580 77 292 464 343 553 339 334 96 432 244 544 265 249 389 547 365 291 495 434 290 259 354 341 429 431 313 441 255
385 586 292 293 305 549 459 404 252 374 463 531 565 547 528 571 543 540 309 339 262 466 389 513 239 444 436 554 537 422 278 399 281 254 428 514 581 350 417 242 304 490 420 314 521 406 346 491 344 441 264 372 319 469 442 580 496 583 421 365 542 382 449 303 520 255 386 332 244 526 534 257 322 445 517 492 518 415 500 454 295 499 577 446 495 567 359 524 405 501 387 475 462 429 368 275 508 572 298 407
346 406 436 242 554 304 417 491 374 441 264 513 239 255 252 399 254 278 292 537 422 528 586 385 339 549 344 428 305 459 293 520 372 404 442 580 466 463 521 303 421 309 386 490 531 444 332 469 449 543 382 565 581 540 314 454 583 542 547 496 389 571 518 319 445 526 534 415 514 365 281 350 420 499 327 257 429 241 290 262 446 501 524 405 492 495 482 567 295 368 359 315 296 500 464 509 410 284 577 283
428 386 332 490 580 382 314 581 442 319 518 444 242 406 399 514 346 491 344 554 436 417 521 278 520 304 583 303 496 239 469 254 513 264 422 374 441 421 241 492 537 524 463 446 459 355 359 445 271 567 449 508 549 327 292 274 542 368 470 572 477 543 339 404 290 365 385 279 255 409 301 474 275 408 305 454 586 429 432 293 534 528 309 315 96 372 350 364 296 284 256 265 376 379 418 531 383 575 584 540
497 247 453 353 484 522 253 568 320 532 412 277 360 538 419 424 515 427 300 240 377 337 249 575 403 291 274 270 426 310 569 586 544 358 509 570 414 367 381 498 480 238 574 493 294 283 516 267 533 334 452 582 284 433 519 384 366 529 376 313 292 370 434 288 408 482 395 505 321 581 325 375 495 394 306 378 318 530 343 314 338 336 432 362 312 450 405 305 512 369 578 411 282 478 506 486 418 567 333 359
360 353 381 247 453 522 300 519 497 277 426 480 419 400 294 412 484 424 320 488 503 569 532 516 287 568 570 238 347 312 538 329 550 408 325 515 575 512 378 311 427 504 313 546 455 362 328 358 479 345 253 396 461 582 434 268 494 291 267 562 481 333 377 398 558 272 384 397 448 283 416 337 334 485 414 493 366 321 269 306 544 270 502 317 249 539 275 533 288 310 534 551 352 506 367 586 297 505 567 246
247 497 353 453 484 568 300 360 538 480 426 329 569 427 570 287 522 381 519 325 408 384 238 412 320 532 277 311 400 419 294 461 488 503 424 516 494 575 347 550 345 414 546 455 558 337 377 396 378 270 268 291 358 434 269 398 534 313 283 249 551 328 416 506 370 312 367 272 479 271 288 567 348 366 306 582 352 495 448 504 586 515 275 502 310 508 267 489 452 533 492 321 302 509 253 333 241 539 334 544
381 519 277 400 294 516 488 503 522 419 424 247 353 312 497 550 453 328 515 412 512 347 484 320 362 532 568 485 360 481 504 253 408 325 538 300 480 434 426 313 427 311 329 288 358 461 569 287 494 384 570 575 534 582 348 269 333 337 321 283 238 367 586 489 345 430 302 275 533 506 292 366 544 272 416 396 377 334 567 560 282 270 370 361 414 291 495 306 432 508 452 486 405 388 492 551 271 526 249 346
489 552 289 245 413 348 555 510 539 341 349 492 524 368 279 359 446 326 275 500 567 251 356 579 584 477 572 432 508 352 470 409 301 474 577 266 364 439 471 495 494 563 501 545 442 391 271 259 473 355 311 575 379 580 423 280 430 394 376 363 361 464 528 258 467 551 273 298 531 435 461 565 382 309 547 586 482 296 483 256 390 529 385 525 265 299 329 305 557 486 487 540 476 293 462 465 292 335 322 414
552 489 289 245 413 492 341 348 524 275 359 279 555 368 539 446 567 510 477 349 572 432 508 301 584 409 326 470 474 579 251 500 364 356 471 352 266 439 494 271 577 355 501 545 563 311 379 442 495 430 473 575 461 580 528 259 329 547 551 394 423 361 376 258 565 531 391 571 325 408 586 467 363 435 273 241 385 280 305 540 298 292 464 382 529 309 486 483 293 414 463 322 557 476 252 390 262 389 444 299
477 572 567 301 508 275 359 446 492 409 470 368 524 279 432 271 355 474 584 494 379 341 311 551 364 471 510 539 552 461 325 489 442 408 289 245 413 329 241 326 430 563 500 580 555 579 577 349 384 540 586 565 571 547 531 251 352 549 292 266 543 463 305 252 484 444 385 348 568 259 376 293 501 528 581 466 495 404 538 459 309 386 274 439 361 423 545 382 242 518 435 389 374 405 362 356 453 247 96 328
301 470 508 409 572 477 567 359 275 446 492 524 368 271 279 355 432 379 474 494 311 584 341 551 364 442 461 510 539 408 325 471 241 580 552 326 329 500 430 289 563 489 384 413 571 463 540 565 577 531 518 501 555 586 245 382 484 349 376 549 568 361 466 274 292 579 495 259 352 543 374 444 386 252 528 242 305 581 394 309 339 251 405 547 486 265 404 538 385 266 575 293 488 503 247 459 389 346 435 314
409 301 470 508 572 477 567 359 446 492 275 271 368 524 355 279 432 379 474 494 311 551 584 442 580 461 408 364 325 241 539 341 471 329 510 552 326 386 501 500 430 382 518 489 384 538 332 405 413 563 289 577 428 484 453 242 575 568 463 531 247 565 352 555 353 346 586 349 444 427 540 571 404 497 549 528 305 314 366 296 385 274 284 376 495 394 406 292 374 490 473 581 347 514 503 466 488 252 283 459
253 515 419 424 277 522 412 320 532 312 294 360 381 519 516 362 512 485 481 400 288 430 503 488 243 378 560 438 249 550 261 313 334 328 433 392 340 375 472 434 544 347 494 511 248 317 456 536 270 358 582 275 576 533 408 300 96 504 267 457 274 333 573 432 553 367 426 480 431 656 397 498 363 632 461 325 450 568 364 291 395 593 452 265 417 172 252 393 569 329 15 369 521 262 341 495 278 492 370 19
470 409 301 508 572 477 355 567 271 359 492 446 275 524 368 580 442 379 279 432 332 382 241 474 386 494 518 408 311 325 242 584 461 428 364 551 471 274 539 406 496 510 346 341 329 421 490 417 444 344 491 430 552 581 374 314 289 528 500 326 520 577 554 278 307 399 583 352 254 489 436 264 563 521 463 441 384 586 284 514 469 339 501 405 575 290 303 319 292 459 549 513 495 404 305 385 394 296 561 547
253 277 515 424 419 522 381 519 294 312 516 400 485 512 362 481 412 488 503 320 550 532 328 360 347 504 288 430 560 408 434 333 334 313 325 544 243 494 533 457 582 358 433 461 275 538 282 448 401 432 378 367 450 311 340 484 274 357 384 397 477 568 444 355 292 321 586 261 386 248 345 376 364 359 551 96 317 392 19 453 172 558 329 567 69 249 124 375 562 581 508 267 407 610 498 527 456 247 323 116
301 409 470 572 508 477 567 492 359 446 275 368 524 355 271 580 442 279 379 432 474 332 382 494 386 241 584 518 408 242 364 311 341 471 325 428 461 406 496 274 346 539 551 510 552 417 329 491 430 489 421 289 490 444 344 554 563 374 547 577 436 314 528 278 581 500 521 339 399 305 245 520 293 586 441 326 352 495 264 385 252 575 292 307 463 531 304 404 501 459 549 290 565 583 296 298 514 281 309 350
253 277 515 424 419 381 522 516 312 519 294 400 512 485 362 481 412 503 320 488 550 532 360 328 347 504 288 430 560 544 334 408 333 243 494 434 313 325 457 538 533 358 582 448 461 275 433 367 432 282 261 484 450 401 386 311 357 378 340 477 321 384 364 568 274 355 444 397 248 96 172 527 359 453 19 292 586 116 345 124 57 69 341 317 567 329 407 498 508 551 376 409 28 249 581 323 195 438 375 267
277 515 424 419 253 522 381 516 519 400 412 294 312 512 320 488 503 362 481 485 532 550 360 328 347 504 288 430 560 313 434 494 333 408 311 325 582 544 358 282 355 334 450 378 461 275 243 432 508 484 300 576 359 397 364 477 551 533 401 329 568 558 379 367 492 96 567 248 392 431 433 409 572 341 345 274 172 471 261 384 386 249 426 474 480 448 586 267 292 321 453 539 438 301 511 561 538 413 407 124
277 522 515 419 424 360 294 333 253 312 512 381 516 412 485 519 313 362 481 282 582 400 434 358 320 450 488 532 503 288 550 328 560 347 430 504 494 378 275 300 185 408 329 311 213 83 426 78 461 345 99 127 76 69 480 325 484 207 60 432 160 59 471 67 50 364 586 343 25 64 36 142 51 448 272 169 138 397 544 150 568 287 117 212 20 28 453 184 111 159 46 416 157 57 222 247 334 392 198 357
381 519 516 294 400 488 503 312 512 550 485 328 481 362 347 504 277 419 424 515 522 412 360 253 333 313 434 582 532 282 320 408 358 288 325 450 494 300 275 558 329 430 461 311 484 480 426 213 569 287 568 247 345 69 453 76 127 397 341 477 560 28 508 78 150 355 222 479 401 51 185 59 378 448 159 432 570 64 317 562 142 544 197 46 168 586 191 384 359 99 538 61 268 457 455 3 117 357 67 340
277 253 515 419 424 522 412 320 294 519 381 312 288 400 360 516 532 362 430 481 512 488 485 503 560 333 434 313 358 582 550 282 328 378 347 243 375 450 274 275 369 494 325 408 536 364 544 576 432 471 669 453 504 334 262 474 367 270 452 19 311 249 248 278 433 438 247 626 353 300 472 668 656 461 615 480 329 426 62 392 477 533 538 341 610 399 586 575 78 431 172 124 96 521 404 422 495 534 580 511
378 320 253 249 270 412 419 515 360 522 277 424 472 532 369 321 377 375 414 317 300 511 370 426 291 411 452 431 480 505 392 248 240 569 578 397 313 546 274 333 455 493 430 243 438 287 395 261 267 575 398 340 246 576 268 358 573 380 416 238 403 393 559 272 434 585 525 530 593 451 283 345 172 324 373 494 308 570 582 363 479 536 312 443 376 78 96 216 351 110 545 257 298 150 544 423 632 456 329 337
558 268 345 460 287 455 329 291 479 283 366 546 310 427 426 373 548 306 562 246 486 494 447 361 457 308 461 311 506 538 523 398 324 397 300 545 448 302 480 272 505 454 416 396 266 250 551 408 384 337 541 403 325 240 453 578 458 269 502 564 451 247 535 357 568 331 484 353 439 377 263 347 569 497 297 423 238 276 317 570 241 493 440 495 421 249 360 561 563 509 504 586 435 414 581 575 271 352 322 585
253 515 277 424 419 522 412 320 532 294 378 360 519 312 516 381 485 362 288 400 375 512 270 481 249 430 274 243 488 503 300 240 337 480 472 291 426 494 370 353 408 333 313 317 645 302 495 505 497 414 275 261 298 656 484 550 582 283 403 434 506 392 329 363 453 560 593 452 328 358 398 325 366 461 423 247 438 615 369 511 509 311 282 650 359 78 310 377 632 229 586 96 624 568 341 278 422 110 347 334
558 268 345 460 287 455 329 291 479 283 366 546 427 310 426 373 246 562 548 306 447 308 494 457 486 361 461 506 398 397 538 448 300 250 523 408 545 311 505 324 325 384 272 454 416 337 266 302 403 480 541 551 240 269 453 564 357 396 458 377 484 451 578 263 439 569 568 502 347 247 535 276 297 238 570 440 353 331 317 497 249 241 561 504 423 493 509 563 360 252 342 271 495 421 579 586 414 352 270 539
378 320 291 360 249 412 532 455 270 246 546 345 375 493 377 522 426 575 276 253 268 240 300 559 287 419 403 308 398 451 396 283 274 480 337 411 366 541 272 250 373 505 578 509 472 310 424 416 277 321 331 452 523 267 302 558 369 329 569 431 585 317 306 511 414 564 479 506 324 448 238 535 392 269 353 458 515 548 502 443 497 538 397 297 402 370 427 243 570 423 357 453 576 582 358 257 486 447 284 316
558 268 345 460 287 329 455 325 408 479 461 494 546 311 384 551 562 241 426 373 291 561 246 401 427 457 347 271 538 307 308 283 300 523 484 453 448 568 272 504 247 416 366 353 480 379 250 357 355 497 269 263 396 569 548 458 398 266 397 570 447 361 310 502 564 550 486 238 541 535 360 276 506 545 242 297 306 451 488 328 302 503 567 439 381 505 586 414 346 275 508 406 317 337 324 252 495 540 294 578
320 353 497 377 578 453 249 247 532 321 366 240 337 331 270 493 291 585 414 443 283 310 403 575 484 306 360 538 548 505 412 522 427 574 568 284 509 529 376 452 447 375 324 544 313 370 423 434 274 511 277 478 392 253 302 300 369 334 418 506 426 287 397 433 246 383 411 435 345 358 582 267 311 431 398 272 451 486 329 455 559 515 576 472 533 416 546 378 424 419 495 567 402 396 498 343 569 238 479 480
497 353 453 247 377 427 331 538 568 484 283 578 240 366 337 548 291 403 447 509 306 310 302 506 443 486 505 324 249 585 361 493 414 320 384 423 451 321 329 482 270 532 529 575 398 311 397 376 545 574 412 408 454 284 411 360 494 342 435 325 246 287 569 523 535 315 478 461 345 455 452 418 586 370 426 495 300 257 458 551 238 383 268 546 522 317 405 369 440 534 421 479 308 540 373 314 267 559 543 498
331 578 377 240 403 447 509 337 548 443 585 427 283 306 366 505 291 324 310 506 302 486 493 361 249 574 451 453 538 284 482 529 497 353 423 247 383 414 568 418 484 478 454 270 320 545 435 411 376 321 398 342 575 397 532 452 267 559 315 542 421 498 360 535 370 329 369 268 412 384 345 569 352 406 426 246 238 495 520 558 373 287 439 257 300 455 317 586 544 468 346 311 472 433 356 242 318 440 563 480
525 462 298 363 296 354 487 476 464 316 445 380 465 365 534 315 371 495 285 280 260 295 259 340 391 521 500 577 563 341 309 423 286 281 257 323 482 518 389 265 440 539 583 407 580 405 352 344 509 256 326 399 244 475 496 290 387 501 528 556 422 382 575 510 420 435 586 442 537 473 513 415 542 526 394 469 520 449 266 327 254 410 292 467 549 278 275 377 429 552 269 262 258 284 299 305 545 483 378 499
285 365 534 405 320 412 552 326 341 539 289 275 500 532 419 489 360 245 471 510 378 430 494 348 474 584 575 253 265 495 269 279 364 567 515 368 416 272 356 435 501 492 396 413 524 525 273 522 266 483 256 563 312 258 467 424 359 475 446 502 352 354 473 423 432 476 579 363 487 394 545 586 442 333 462 508 375 439 580 509 390 345 298 294 556 329 288 477 290 498 376 358 528 558 518 311 461 299 277 555
495 352 500 528 539 510 549 292 586 404 305 293 459 350 385 322 326 309 531 565 547 571 463 501 420 262 540 281 577 389 252 341 552 356 423 394 563 466 266 555 543 473 439 339 349 376 545 482 244 489 579 361 444 286 413 414 492 407 575 374 275 387 245 289 251 371 348 524 475 581 446 405 476 368 359 323 425 514 567 442 299 314 584 435 490 284 259 529 557 279 525 354 296 487 506 464 478 486 383 335
365 534 285 405 265 256 556 290 429 410 315 449 526 327 518 496 422 537 394 513 299 272 442 586 396 483 495 295 292 557 423 521 345 275 580 445 278 399 416 462 239 376 363 258 354 467 497 435 298 341 329 494 247 502 539 549 281 309 305 269 404 350 501 525 257 528 487 254 335 325 461 326 474 407 286 293 353 463 563 568 273 262 339 538 420 466 320 260 453 476 374 412 384 444 340 465 383 382 323 500
528 463 549 459 292 305 309 404 586 293 385 252 405 466 389 547 543 531 565 540 281 571 501 262 568 374 484 444 384 339 538 420 247 581 453 497 314 408 490 514 325 414 350 319 353 244 500 577 428 322 329 417 407 534 271 539 510 427 436 494 554 371 495 326 441 491 387 406 346 461 352 242 361 425 304 264 323 278 475 537 376 239 241 399 332 422 286 311 513 486 365 386 508 477 551 506 283 442 259 295
385 586 305 292 293 459 404 549 547 531 565 463 571 543 540 262 389 309 528 252 281 339 456 466 350 374 340 260 420 444 581 490 514 573 507 314 244 319 261 475 407 387 402 425 428 487 322 536 575 577 286 491 417 405 584 393 495 498 501 553 438 399 414 500 279 517 368 323 259 284 493 585 275 554 363 392 462 521 264 433 371 395 539 580 298 441 524 278 375 304 239 352 492 432 445 406 364 255 249 583
375 274 392 431 511 576 243 559 402 248 438 507 395 393 553 261 536 267 573 575 411 378 320 433 291 249 270 334 544 318 336 498 367 456 493 509 522 533 532 412 430 310 487 452 521 364 462 279 368 403 419 253 296 370 580 530 505 278 474 495 475 298 240 399 337 360 471 229 584 110 414 275 363 78 321 258 340 15 369 283 483 467 96 432 546 359 269 150 376 464 525 586 341 492 435 491 417 524 77 339
559 402 267 375 392 511 431 576 411 274 291 243 575 248 438 395 310 507 283 393 366 306 548 261 403 240 337 553 320 546 509 536 505 249 493 544 427 541 324 447 331 578 377 433 302 506 520 483 482 394 399 278 585 423 495 486 468 521 491 334 270 258 318 460 454 303 498 412 321 284 315 378 429 361 455 336 420 414 574 376 417 396 538 529 383 443 422 467 290 449 344 573 430 459 246 255 339 239 269 451
253 438 261 536 243 392 511 553 248 393 573 515 433 395 507 576 431 375 456 334 430 522 544 419 412 498 533 277 424 318 274 532 367 336 320 468 369 340 472 267 288 370 249 270 434 559 402 313 560 397 360 362 262 351 452 260 338 632 321 493 521 378 457 420 481 398 527 417 330 246 312 575 278 255 275 494 407 305 389 491 595 586 317 530 487 358 471 422 659 96 333 291 77 387 239 300 290 662 615 292
261 317 438 536 393 456 243 397 576 340 507 248 395 260 448 392 553 431 511 253 573 398 468 375 402 545 263 412 419 439 351 246 274 357 378 426 498 479 250 457 559 315 318 300 424 562 480 532 564 308 521 515 320 569 433 363 276 277 267 360 451 458 505 344 298 460 423 290 523 327 345 546 558 399 487 535 522 266 462 396 265 570 249 238 544 455 494 312 275 297 445 256 268 272 278 324 496 341 430 334
402 456 575 394 260 376 557 340 299 435 493 529 476 399 278 239 473 513 284 335 350 422 574 343 386 267 521 537 445 344 417 491 483 258 447 482 467 383 392 478 539 418 507 352 520 509 585 254 441 375 554 264 304 255 411 273 578 303 500 431 243 469 454 583 559 511 393 443 248 295 372 436 406 499 428 390 495 510 415 580 354 356 374 240 291 576 498 496 274 462 326 365 257 403 346 414 366 310 423 327
430 573 340 456 261 511 438 392 243 260 536 375 431 576 507 402 553 274 248 559 288 275 521 432 494 393 278 442 395 341 462 474 539 344 492 445 399 364 563 560 471 518 315 295 477 583 358 359 253 487 567 580 584 311 245 368 524 510 333 508 313 422 572 282 446 582 343 279 327 496 265 434 450 281 326 575 412 469 298 552 389 363 259 495 537 360 397 525 296 470 329 262 532 586 465 382 526 291 239 286
260 456 340 354 445 476 462 295 296 380 487 316 525 363 298 261 521 402 573 464 507 440 536 391 563 278 399 422 511 393 465 392 257 375 259 499 280 371 315 431 537 415 323 239 576 520 248 395 513 559 243 553 583 454 286 303 372 438 495 341 542 378 274 344 577 254 327 262 297 496 509 526 580 469 575 410 249 493 339 394 291 585 498 502 281 265 352 539 447 475 389 396 416 423 420 269 382 421 377 290
511 392 431 375 243 576 438 248 507 395 559 274 402 553 393 261 536 573 456 430 340 521 291 433 260 318 378 253 498 544 278 462 360 399 460 334 275 267 422 313 487 283 336 317 583 412 344 249 580 505 515 495 493 288 522 445 239 320 306 563 262 586 240 358 575 270 397 480 310 324 520 281 442 333 492 403 426 300 518 351 327 246 479 366 298 339 296 329 532 354 454 295 303 471 337 363 364 455 447 419
456 260 340 536 261 393 395 438 573 392 511 402 507 243 553 445 576 248 431 375 521 295 559 354 399 462 278 487 296 363 525 380 298 315 476 422 465 259 239 262 327 286 499 274 255 464 513 297 391 415 537 323 344 583 520 316 265 290 364 275 440 257 291 397 498 378 371 387 430 563 547 396 441 580 317 341 502 429 256 339 318 280 417 518 264 365 304 249 372 412 254 389 303 491 416 534 645 493 577 469
629 666 613 631 651 640 600 633 623 625 597 627 652 622 605 639 606 608 619 670 642 637 588 653 604 655 589 612 615 601 592 648 671 596 598 654 621 624 618 656 649 626 650 647 644 668 610 664 594 641 675 595 19 643 634 663 165 661 673 218 111 57 632 27 69 131 669 180 63 133 646 167 156 172 206 12 82 124 192 80 153 593 171 72 99 152 170 31 60 10 223 179 89 20 609 1 65 25 43 70
629 625 666 613 619 597 640 649 605 651 655 600 631 652 623 598 608 606 596 650 639 653 654 592 670 647 642 622 648 589 633 661 604 588 637 627 671 601 644 594 615 612 641 621 624 133 63 12 618 663 656 152 664 675 617 165 643 593 27 274 80 609 153 626 610 599 206 634 275 210 19 172 348 632 99 674 171 620 20 668 88 289 645 124 43 218 314 375 60 473 89 635 581 105 156 167 180 134 158 137
614 628 638 660 620 665 658 599 591 635 636 609 672 590 607 603 657 617 643 661 671 649 645 632 593 675 663 667 674 594 595 625 597 641 587 673 602 611 624 664 646 598 72 654 656 650 96 586 592 111 616 630 615 230 422 206 659 662 556 47 537 14 62 634 126 103 619 513 143 19 183 42 73 647 453 94 526 189 610 247 15 577 32 237 182 227 309 252 78 138 621 59 484 644 123 494 92 26 534 29
597 661 625 619 617 641 649 663 643 660 638 614 671 628 658 664 675 599 620 634 591 665 632 629 635 673 593 594 666 616 654 646 609 603 624 672 636 598 650 607 648 590 657 595 615 612 642 667 605 670 592 653 96 645 656 623 170 637 111 644 674 627 651 633 647 640 600 639 618 71 172 138 116 622 630 124 601 596 631 206 230 613 611 608 167 19 57 602 587 47 42 662 655 15 621 156 588 192 237 659
628 614 638 660 620 599 665 658 591 636 635 609 672 607 590 657 603 617 643 649 645 661 632 593 671 641 595 594 675 663 664 667 673 587 674 634 625 611 597 646 624 654 598 616 619 592 656 615 610 602 650 626 647 669 644 62 47 630 126 472 621 72 659 103 15 14 662 270 369 60 230 249 183 96 111 29 19 206 73 275 236 262 586 422 172 537 227 513 556 104 668 99 217 558 363 412 42 345 278 629
625 597 661 671 649 619 663 643 641 617 675 632 594 638 666 595 593 620 614 628 658 591 629 660 640 665 651 645 633 634 623 654 609 673 599 664 615 600 603 598 648 635 631 642 624 637 653 613 592 616 646 607 650 656 644 657 622 627 636 605 612 608 670 639 601 647 618 596 667 672 674 116 652 606 630 111 621 20 590 610 237 96 513 206 587 662 655 588 626 19 124 589 156 71 180 218 167 422 138 99
597 661 625 619 641 617 649 663 675 643 599 638 660 671 634 666 620 632 664 629 658 628 591 635 614 609 673 665 593 594 672 648 616 646 654 636 598 642 624 612 633 607 595 650 623 653 622 627 674 605 645 651 640 637 603 656 670 667 639 631 630 592 618 613 600 662 615 601 111 96 590 647 608 657 596 587 644 57 606 588 655 170 589 124 138 172 602 116 237 167 71 206 20 586 621 604 652 659 626 19
661 597 625 619 649 641 617 643 620 599 671 628 638 660 634 663 614 658 609 632 664 635 591 673 675 594 672 629 636 624 598 592 593 616 665 654 650 646 607 666 647 648 590 653 605 623 640 670 642 639 612 656 644 603 595 627 622 657 637 596 615 651 633 600 601 645 613 618 608 606 652 588 655 631 667 674 206 621 589 227 96 47 170 610 587 230 137 604 12 19 71 116 156 192 172 138 586 167 15 119
597 661 625 619 641 617 649 643 671 598 673 654 660 615 614 592 620 594 629 663 646 632 628 591 599 624 675 638 656 647 666 616 664 609 658 650 634 635 595 644 621 665 593 607 626 627 636 645 672 603 670 642 605 72 587 111 613 610 170 653 623 96 631 12 651 206 612 71 633 19 667 640 648 47 674 637 669 622 218 639 57 165 657 601 590 137 156 138 180 116 172 167 668 27 630 588 608 133 230 586
661 597 625 619 617 641 649 643 620 671 594 660 632 673 614 628 654 599 598 592 615 609 663 638 624 591 646 629 593 634 675 664 658 595 635 656 650 616 647 644 665 666 621 672 607 642 640 636 670 623 627 653 605 651 637 645 603 612 613 648 206 639 96 631 633 170 601 12 587 72 667 626 596 111 657 47 610 608 600 133 674 19 590 588 137 622 652 218 192 227 172 71 15 143 230 606 156 80 116 234
619 641 617 663 675 594 625 643 671 632 593 649 595 666 629 600 651 645 667 674 623 587 640 634 631 611 664 659 648 662 605 653 633 602 618 637 612 670 627 635 622 642 630 603 597 606 596 654 609 639 657 673 601 608 638 96 650 598 124 607 646 655 172 644 660 589 672 610 615 656 142 599 590 613 624 652 636 588 20 116 92 578 604 67 153 156 665 614 661 86 616 213 658 138 36 15 50 591 78 167
619 671 663 675 641 649 625 617 643 600 594 651 640 632 648 623 593 653 595 633 618 631 637 612 642 596 605 622 627 666 670 606 601 639 608 629 655 667 652 589 645 613 588 674 587 659 611 604 662 630 602 635 597 609 638 634 603 657 96 614 124 598 607 661 660 620 664 636 599 67 654 628 116 672 658 665 20 25 111 591 590 36 172 92 127 650 673 69 615 99 376 656 644 578 15 610 46 624 646 573
641 625 594 619 643 617 632 593 595 649 597 661 675 663 671 634 664 645 607 609 598 620 628 657 599 654 660 603 667 587 611 592 674 614 638 644 635 624 647 656 650 673 658 591 630 629 666 672 662 602 659 636 646 615 610 637 621 665 590 640 653 623 153 642 601 648 612 180 172 218 596 616 206 651 605 670 600 608 96 626 15 170 111 192 133 627 145 613 116 137 12 639 618 138 156 194 27 655 167 412
619 641 617 675 663 594 649 625 632 593 595 643 671 653 605 640 631 623 612 600 670 637 601 651 608 596 642 618 648 589 655 588 639 622 627 666 597 604 633 587 645 629 606 613 667 674 654 598 652 634 662 611 664 630 661 659 615 644 624 656 592 673 650 646 602 647 610 609 172 660 603 124 635 607 621 96 657 599 20 116 620 142 89 99 15 636 77 616 626 582 274 60 270 628 412 67 111 300 638 375
656 624 654 592 644 650 647 610 615 598 621 626 669 668 664 634 649 646 673 96 671 643 616 172 124 632 116 111 663 625 645 597 593 595 119 594 15 91 534 412 101 57 23 272 629 609 74 19 675 666 105 170 353 138 657 165 216 156 603 300 78 75 405 494 345 131 396 60 422 114 167 292 275 497 502 229 247 394 667 586 452 291 237 210 20 348 329 537 539 99 495 674 580 246 43 416 480 254 461 274
656 654 592 644 624 615 647 598 650 621 610 669 626 668 649 664 634 646 673 643 671 96 632 124 616 111 663 597 172 116 593 594 645 595 15 675 625 229 119 353 412 629 74 75 497 101 657 91 110 216 291 396 345 246 609 534 20 346 138 272 156 57 452 23 210 99 422 232 139 300 302 329 575 603 247 163 60 35 667 43 674 292 170 78 493 532 105 167 398 369 453 283 366 86 114 240 586 537 506 394
651 600 631 640 671 633 623 627 622 652 606 639 605 653 648 642 637 670 608 613 612 588 589 596 655 618 604 601 666 675 663 649 629 619 643 641 617 625 594 620 667 593 638 628 591 660 603 595 614 609 658 674 138 635 665 124 20 645 632 607 587 111 673 96 599 99 172 165 615 650 659 88 153 19 636 11 70 156 89 170 15 116 180 142 193 77 657 654 662 272 324 590 672 578 12 167 81 67 92 626
666 651 600 631 640 671 633 623 622 627 652 606 639 613 629 605 608 642 670 653 637 648 612 588 601 589 596 604 655 618 663 675 619 649 594 641 643 617 593 625 632 138 595 667 172 674 20 673 96 111 99 620 645 628 638 124 587 165 591 12 609 607 660 654 180 194 156 635 149 11 70 167 60 603 116 77 170 592 220 615 597 626 88 19 650 131 15 634 599 52 113 658 586 153 272 218 133 150 142 246
651 666 600 631 640 633 671 623 622 627 652 613 606 639 629 605 608 642 670 653 637 648 612 588 655 589 604 601 596 618 663 649 619 675 643 625 641 617 594 165 673 674 609 650 645 667 138 156 624 595 632 654 592 593 607 20 634 167 661 660 597 99 603 111 60 656 587 170 615 96 172 664 131 620 635 124 180 638 646 626 628 586 70 63 71 591 598 12 644 139 19 614 237 43 15 224 116 88 11 616
651 666 600 631 640 671 633 623 627 652 622 606 629 639 613 608 605 642 637 670 653 588 612 648 601 589 655 596 604 618 649 663 675 619 594 643 138 593 625 595 609 165 632 641 617 673 674 667 607 620 12 20 156 88 628 635 591 660 654 650 111 587 167 99 78 96 645 131 172 603 15 592 638 31 43 179 194 597 599 8 188 272 19 658 89 70 149 124 133 153 656 150 624 220 52 113 11 614 115 166
