80 54 43 65 45 41 14 47 37 19 66 2 51 22 20 26 84 56 69 53 18 15 3 67 27 36 10 39 62 75 32 63 33 55 77 85 89 8 11 82 35 40 29 9 6 7 78 58 61 44 34 23 64 76 49 38 4 46 73 79 12 25 71 21 50 42 24 5 70 13 48 74 16 83 28 72 86 1 31 81 57 17 88 59 52 68 87 60 30
39 11 35 78 29 12 75 61 58 38 64 7 43 68 6 31 82 23 42 48 8 13 40 33 28 63 83 34 80 70 57 74 52 49 79 24 50 5 27 55 72 86 21 87 20 4 60 2 73 69 44 14 26 30 67 19 10 18 81 51 46 77 65 22 54 15 66 16 45 84 85 1 56 25 62 88 76 9 59 3 47 89 53 37 32 71 17 36 41
74 42 52 28 50 79 34 13 72 23 86 49 5 31 4 17 21 71 11 75 78 57 8 39 87 59 46 7 88 81 89 1 16 9 77 60 25 38 48 85 55 64 30 40 6 43 83 68 63 82 73 61 12 35 22 29 62 44 56 24 26 70 58 33 76 41 66 10 84 37 51 19 36 2 54 32 53 15 69 27 45 14 47 67 20 65 18 80 3
74 52 31 13 50 42 86 28 79 11 72 34 49 5 23 75 4 17 21 43 39 87 57 78 71 30 56 19 62 67 60 51 26 48 22 85 20 10 37 84 2 15 47 36 32 65 53 38 88 33 64 66 55 29 80 45 25 41 77 14 18 89 27 69 63 54 3 6 68 83 81 44 1 35 59 12 82 24 61 70 7 73 40 76 8 46 16 58 9
31 34 52 42 74 50 28 13 86 79 5 23 72 49 4 11 21 17 75 71 55 39 8 9 46 87 78 68 81 6 59 70 60 64 40 33 16 7 38 88 30 25 77 83 57 1 43 89 61 24 82 58 62 12 48 29 73 44 22 26 10 54 56 37 41 85 84 14 76 63 80 3 32 66 15 35 36 69 19 51 45 2 65 53 67 18 47 20 27
31 11 52 74 34 42 23 28 13 50 72 5 86 49 75 79 21 4 39 17 43 78 80 87 57 85 30 56 60 33 19 84 22 71 29 55 51 54 62 41 10 26 2 47 65 14 32 53 67 44 6 27 64 20 15 63 37 82 48 45 88 61 40 66 38 3 18 76 36 70 69 9 35 77 73 83 68 59 12 58 89 25 7 46 8 24 81 1 16
11 31 13 86 50 74 75 52 49 5 72 23 79 42 34 28 4 43 39 21 17 19 10 32 20 80 36 62 65 56 37 51 87 54 47 45 26 84 15 67 2 41 53 22 78 27 66 18 55 30 3 33 14 71 69 88 57 85 60 77 48 44 63 89 6 38 64 76 70 81 29 73 25 1 59 82 68 9 35 12 16 61 8 24 40 46 58 83 7
11 31 75 74 52 42 13 86 79 28 5 72 50 49 34 23 4 43 21 39 17 19 10 20 56 37 22 87 2 84 53 67 65 45 26 51 36 57 47 14 27 54 62 15 66 3 80 30 41 18 71 32 6 85 38 69 60 63 77 48 78 55 33 64 29 68 35 12 89 88 59 70 82 61 83 24 9 8 40 58 25 44 1 81 46 73 7 16 76
31 11 13 74 28 52 42 34 50 86 5 79 23 49 72 75 4 21 17 43 39 6 87 68 60 30 41 14 29 70 37 57 56 61 19 45 2 20 71 84 22 53 62 65 77 38 35 47 64 10 54 9 66 51 12 55 15 3 26 58 80 67 36 27 82 63 32 33 89 40 44 18 85 46 69 83 59 8 78 48 24 7 16 25 1 81 88 76 73
31 11 74 13 28 52 42 34 50 86 5 79 23 72 49 75 4 21 39 17 43 87 6 60 68 30 41 29 14 37 57 70 9 55 71 22 53 38 61 77 20 56 19 35 12 84 47 2 66 64 45 58 63 27 83 51 15 40 26 65 46 82 62 33 10 89 7 67 54 8 59 36 3 85 80 78 24 32 48 16 44 69 18 81 1 25 73 88 76
78 33 48 55 81 1 88 59 87 7 57 21 25 8 4 39 58 64 17 16 73 71 60 12 83 29 35 89 76 68 61 44 77 40 30 38 70 82 6 24 63 9 46 85 31 62 86 67 10 69 84 19 32 26 14 23 49 15 18 43 3 52 20 13 51 50 2 80 74 56 79 65 45 66 53 37 54 42 22 36 27 28 41 75 47 5 72 34 11
81 33 1 55 88 25 16 73 59 44 76 71 8 7 78 39 4 17 48 77 9 57 89 21 46 62 10 31 87 67 29 82 19 69 26 32 84 12 20 63 35 38 60 58 68 14 86 64 83 40 85 28 6 3 51 54 2 15 18 23 43 53 49 50 52 22 70 61 37 56 42 80 36 66 24 74 65 30 79 34 27 45 13 47 75 41 72 5 11
8 7 46 9 1 81 25 57 78 88 59 44 16 55 71 33 73 21 35 17 89 39 77 12 38 87 76 63 4 48 58 31 61 6 68 70 43 64 29 82 83 60 42 23 24 28 30 74 52 80 40 34 11 85 22 79 13 14 10 2 56 62 26 50 49 51 84 66 75 20 15 19 69 37 72 86 67 54 5 65 41 3 53 32 45 18 36 47 27
33 55 44 25 81 88 16 73 1 76 59 31 8 7 39 78 89 71 57 46 12 68 82 38 77 48 67 15 17 26 58 19 32 70 14 4 9 51 22 43 10 21 2 29 69 84 6 64 40 54 3 87 56 20 62 18 53 37 80 61 27 45 35 60 63 66 83 42 85 65 36 24 41 47 50 13 28 74 30 34 11 86 23 49 79 75 52 5 72
9 6 39 40 70 61 58 29 38 68 12 77 64 87 82 83 48 35 46 57 24 78 30 89 7 60 45 8 43 41 14 80 85 75 65 63 47 11 37 66 23 54 36 53 52 20 84 13 49 50 5 22 10 74 19 27 31 2 86 69 79 32 18 26 28 33 3 42 62 72 56 51 21 15 67 34 59 55 4 81 71 44 88 1 76 73 17 16 25
39 6 75 77 68 66 70 85 45 63 40 89 37 82 20 38 41 14 47 36 29 65 64 58 22 12 54 53 35 83 87 11 61 26 24 84 51 32 56 19 2 57 80 18 10 15 43 3 62 69 27 33 60 67 48 30 23 9 78 13 52 5 7 72 55 49 74 31 46 50 79 28 86 42 8 34 59 21 4 81 44 1 88 71 16 73 76 17 25
54 62 19 39 18 10 14 26 3 67 2 69 51 15 53 84 56 32 22 20 66 45 65 36 41 37 47 85 75 77 27 89 63 80 43 33 74 57 86 79 55 11 13 87 31 28 49 23 42 52 72 5 34 50 21 64 4 6 29 38 78 58 17 71 59 46 16 9 1 82 88 25 40 81 70 73 7 60 8 68 30 48 44 76 61 24 83 35 12
20 54 19 45 53 39 84 36 14 67 51 22 2 26 56 65 15 66 41 37 47 62 10 32 18 3 69 27 85 75 63 77 89 43 80 33 11 87 31 74 57 5 52 55 79 72 23 13 49 86 42 50 60 82 30 34 40 6 28 29 21 59 9 64 88 38 81 58 78 48 8 4 1 25 70 73 7 68 16 17 83 46 76 12 24 44 71 61 35
54 20 45 39 53 36 65 66 67 14 2 51 19 26 84 18 62 47 22 37 41 69 15 10 3 56 32 75 27 85 63 77 43 89 80 23 33 11 72 57 74 49 40 82 87 29 79 64 5 78 31 6 52 50 38 86 13 58 55 83 48 34 60 35 70 24 4 73 42 28 8 61 68 30 44 76 12 59 21 9 88 25 17 81 1 7 71 46 16
45 54 65 37 47 41 14 39 20 19 66 2 84 53 36 67 51 22 26 15 56 18 3 69 62 75 10 32 27 43 85 80 63 11 77 89 57 33 87 23 31 74 13 79 5 49 6 72 86 50 30 64 52 38 8 40 82 78 60 70 55 42 34 9 58 21 48 4 28 71 29 24 68 83 7 46 73 61 12 88 59 81 1 17 44 35 25 76 16
