9 71 327 39 136 13 298 304 221 214 329 200 286 218 161 114 242 120 309 35 179 220 50 32 325 265 26 211 60 159 223 1 31 321 123 108 174 94 210 20 81 231 119 341 141 100 63 54 206 262 178 105 189 140 203 311 166 160 3 135 333 342 338 243 186 289 79 276 348 322 319 202 272 80 225 177 173 332 194 65 117 106 58 90 12 33 23 53 18 230 165 305 256 113 268 17 250 28 30 36
130 307 296 40 196 278 26 125 97 163 75 244 175 57 187 16 144 248 182 99 282 275 299 261 6 231 197 83 279 336 93 81 132 76 285 156 24 213 101 45 114 220 211 344 207 339 290 30 316 120 325 293 235 242 215 106 295 85 65 323 112 201 270 55 266 96 251 160 110 151 82 27 84 127 313 258 186 194 229 12 158 234 312 219 256 123 226 161 249 202 86 15 33 43 91 267 345 257 164 180
218 54 309 108 50 35 179 321 31 159 265 9 32 60 136 161 298 20 13 39 71 311 338 327 210 105 138 119 214 140 304 166 141 341 73 79 242 100 305 325 87 203 69 3 186 129 221 120 117 211 272 46 268 206 289 322 85 256 329 220 258 33 135 239 202 17 123 178 185 200 173 276 143 223 65 113 269 348 245 274 114 12 165 94 286 43 26 61 283 326 37 225 1 126 337 58 22 133 47 300
9 71 298 327 13 136 214 39 304 221 200 329 286 218 242 114 50 161 325 120 31 309 220 223 321 211 203 135 108 35 179 262 26 54 178 105 20 276 165 289 17 58 284 141 32 123 322 185 90 305 159 225 265 173 94 162 2 192 341 60 319 1 210 28 300 78 81 186 53 41 79 117 206 208 189 107 212 166 63 231 100 174 18 3 250 140 138 143 311 119 348 243 272 19 239 217 333 268 204 126
14 26 112 342 202 336 120 318 325 29 242 211 176 315 308 139 220 6 119 261 201 160 81 24 97 280 299 45 307 196 130 339 316 197 270 114 13 186 214 274 137 323 161 296 319 223 213 173 155 289 163 156 71 264 140 229 115 55 9 221 231 76 278 39 124 200 333 125 121 16 152 337 263 187 1 292 182 15 345 194 89 100 75 273 341 327 210 57 248 158 80 226 331 106 30 193 244 47 181 2
26 14 336 112 211 325 120 242 307 220 24 201 342 196 6 261 81 248 202 125 160 114 308 299 244 130 318 275 296 75 29 316 97 139 13 156 339 278 144 155 213 163 39 315 231 71 161 274 214 1 182 158 200 187 197 55 30 333 223 280 174 57 270 152 9 80 219 186 221 40 279 119 176 23 194 210 141 229 282 175 181 173 140 76 99 298 16 137 123 106 332 264 2 344 82 327 329 103 337 90
57 144 163 75 125 244 282 279 248 275 266 251 278 313 91 187 40 182 110 267 175 83 16 307 197 295 285 96 130 296 196 45 344 118 6 97 74 213 76 253 82 70 108 207 101 84 211 147 55 88 224 345 151 93 270 4 24 220 287 325 181 164 273 171 290 123 142 121 339 314 263 257 92 241 235 68 146 51 26 299 122 133 180 89 330 194 317 321 139 201 148 30 312 56 258 261 291 99 114 73
234 11 23 99 123 127 219 237 30 54 138 174 139 270 155 347 315 263 195 62 302 194 102 126 115 12 250 167 228 141 61 177 274 89 273 336 255 256 56 18 25 143 134 86 320 81 98 222 272 68 44 339 328 294 154 104 148 22 146 348 312 340 103 252 112 79 137 201 338 180 153 37 310 288 243 38 202 308 157 49 349 33 316 239 285 241 63 43 158 40 83 31 293 204 84 152 6 183 21 261
57 163 144 125 279 282 244 75 275 248 266 251 278 313 91 110 267 187 40 182 175 16 83 307 295 197 285 96 296 151 84 171 45 76 130 224 118 97 4 207 101 74 290 70 216 88 344 93 116 213 34 211 10 301 147 263 108 92 257 291 253 287 196 220 325 183 55 164 247 63 68 64 243 146 148 170 345 273 188 312 82 139 24 349 56 123 172 241 331 264 233 150 5 121 142 181 131 122 205 297
234 11 99 23 127 219 123 237 30 54 139 263 174 195 138 12 89 194 155 62 302 256 270 315 115 241 273 274 146 320 337 228 98 177 153 161 33 167 250 81 338 21 347 186 102 339 18 316 198 196 126 246 137 312 264 47 181 308 84 63 295 336 148 255 201 147 141 56 61 292 175 261 348 157 156 349 68 83 38 222 37 182 97 272 206 180 341 158 103 322 114 340 193 294 285 202 307 236 328 74
57 163 144 282 279 125 75 244 275 248 251 266 313 91 110 267 278 187 40 182 175 16 83 307 197 285 295 296 96 151 84 171 76 290 45 130 101 97 118 70 88 216 211 224 74 10 4 247 213 93 207 344 116 108 164 331 196 34 220 51 325 345 301 63 235 257 121 24 123 92 243 147 291 33 183 114 253 6 30 5 264 12 82 142 260 133 55 201 263 293 190 50 314 299 193 287 323 189 321 199
234 11 23 127 99 219 54 123 237 30 139 138 174 263 12 155 270 62 89 195 273 250 126 194 18 302 256 228 33 153 86 337 61 102 115 274 167 241 186 320 312 339 246 225 177 322 137 336 103 134 264 272 316 347 98 146 338 292 315 97 161 204 84 21 156 201 222 180 288 196 56 183 44 147 143 157 129 168 158 36 49 181 79 175 141 47 41 229 340 198 68 349 20 53 107 307 114 276 309 193
57 163 144 282 279 125 75 244 266 251 275 248 313 91 110 267 278 187 40 182 175 83 16 307 285 295 197 96 171 296 76 118 97 151 74 88 70 84 130 4 224 108 164 290 45 196 211 345 257 63 142 101 213 92 207 51 325 216 116 121 344 247 10 314 220 235 93 34 183 243 287 123 30 321 331 28 50 5 147 114 64 120 33 291 253 19 133 170 193 172 324 191 82 189 141 129 24 85 301 55
234 11 23 219 99 123 54 127 30 263 174 139 12 89 241 146 273 302 292 315 270 228 250 177 337 180 181 237 272 33 155 112 62 138 115 129 274 103 195 347 264 256 18 102 63 186 243 47 312 137 126 53 14 194 254 232 73 276 225 201 336 45 21 204 44 55 255 134 46 158 140 167 161 346 61 98 229 284 339 320 338 83 114 322 1 340 246 119 108 67 100 202 156 297 308 86 196 97 190 160
57 163 144 282 279 75 251 266 125 244 275 248 313 91 278 267 110 187 40 182 175 83 307 295 16 285 197 151 84 96 118 74 296 76 45 224 171 97 4 130 314 257 70 51 108 213 101 88 164 345 93 63 142 92 290 196 121 235 193 325 321 34 243 247 28 211 123 50 147 207 19 271 287 30 316 120 216 299 330 323 344 33 215 95 116 141 191 5 64 156 82 234 331 114 24 131 220 324 12 26
234 11 23 219 30 99 127 54 174 123 138 228 347 276 126 250 18 292 225 262 322 208 58 237 61 204 134 102 254 263 178 167 180 139 41 103 284 273 198 67 146 89 155 25 47 20 177 186 185 337 222 309 194 143 156 2 86 22 135 302 154 44 150 79 66 312 300 165 115 192 241 117 212 27 162 128 107 12 288 49 137 229 239 338 179 53 336 19 181 201 274 62 232 256 72 105 32 59 78 272
234 11 30 54 123 23 219 127 99 18 241 138 263 174 204 139 89 237 302 322 47 155 337 180 21 270 276 146 273 67 347 250 228 186 102 63 194 134 27 62 292 115 272 167 274 230 246 243 254 97 154 195 339 37 129 225 108 141 41 126 338 156 181 232 284 264 44 12 177 196 107 222 36 153 158 103 22 231 307 143 297 201 114 98 112 312 161 179 320 288 285 346 245 33 157 20 43 309 315 221
234 11 54 30 99 23 127 219 123 138 237 241 270 47 201 195 322 347 337 338 22 146 156 293 316 228 283 292 336 165 256 37 196 129 102 274 158 243 43 45 66 263 284 155 106 167 325 231 41 204 73 114 250 162 18 89 96 302 107 145 273 194 348 157 130 321 154 339 223 343 132 186 174 137 177 81 63 309 301 103 12 180 115 276 213 62 239 93 265 340 46 141 152 113 307 119 27 296 315 222
234 54 11 283 23 66 127 99 138 237 338 245 123 184 217 30 272 47 346 37 241 22 228 43 337 219 256 154 305 73 239 195 115 41 146 177 336 232 311 102 107 117 284 270 129 348 89 292 293 5 302 20 33 204 126 12 145 167 109 316 322 274 281 143 137 132 347 158 157 288 196 263 215 308 343 162 315 250 139 104 59 340 46 17 194 294 328 49 222 79 61 85 202 141 18 312 264 113 155 152
272 245 283 66 232 184 346 338 177 217 311 12 33 210 100 140 3 93 256 235 47 133 84 73 292 69 190 129 46 341 146 258 337 348 54 166 264 151 43 174 101 339 241 206 161 215 22 141 290 99 194 1 139 115 239 305 317 85 94 269 154 11 89 263 197 76 65 301 181 191 345 293 332 155 249 45 20 106 114 213 196 119 199 270 315 243 295 86 340 132 130 274 6 112 176 5 326 158 268 105
272 245 283 177 12 338 346 232 311 66 184 33 292 210 256 133 174 94 341 217 141 140 161 348 206 190 100 235 84 73 54 264 290 23 93 65 337 317 301 158 69 215 156 151 293 146 1 241 46 47 43 132 99 129 243 89 3 114 166 249 339 139 119 101 199 160 263 11 154 219 80 22 181 305 191 63 269 322 274 302 231 81 107 299 175 194 20 6 202 60 270 333 308 196 265 284 189 332 112 105
212 2 185 192 300 41 162 276 17 284 289 107 135 262 19 178 58 173 319 305 67 53 90 18 225 254 180 204 203 27 59 217 128 208 199 105 165 20 78 28 66 126 346 317 48 61 227 143 79 184 281 239 288 283 117 109 232 44 322 72 37 272 22 245 154 228 43 137 5 15 25 86 169 183 49 170 205 102 340 145 134 3 259 138 100 47 166 157 7 234 343 150 191 337 115 152 149 55 56 229
212 185 2 192 300 41 162 276 284 17 289 107 135 19 262 173 319 58 178 305 67 53 204 180 254 225 27 18 90 203 217 128 165 59 78 208 105 20 199 28 66 184 48 126 346 143 61 227 283 317 79 281 109 232 239 117 288 72 322 44 137 22 154 37 228 245 43 15 229 272 5 25 49 86 169 340 183 138 7 259 292 145 102 134 186 170 337 157 166 150 188 47 152 250 241 3 149 177 100 55
212 192 2 162 41 185 300 284 107 289 319 90 53 276 19 173 17 135 67 262 204 58 178 18 305 254 180 27 128 225 199 217 78 317 165 281 66 59 208 283 346 105 184 28 203 232 48 20 109 322 126 169 149 227 145 61 245 272 37 137 239 5 22 343 205 143 44 102 154 191 117 288 259 79 228 95 43 23 152 229 264 72 55 337 166 250 15 292 223 297 219 25 134 138 47 253 348 312 177 340
212 19 192 90 41 284 2 162 185 289 300 319 107 53 173 17 276 58 262 305 178 135 28 128 281 78 254 225 67 18 180 217 204 27 203 199 59 165 208 37 317 346 184 145 66 126 105 61 20 239 283 232 48 109 259 343 272 205 322 22 117 288 79 143 227 245 191 149 169 72 43 228 44 5 137 154 250 138 102 152 134 167 294 23 115 328 340 312 337 15 56 222 229 25 95 55 104 146 264 349
212 2 185 300 192 41 276 162 284 17 289 135 107 58 19 262 178 173 319 67 305 53 90 204 18 225 180 203 27 254 199 208 217 128 59 317 184 28 20 78 165 105 66 48 117 126 346 283 239 61 281 79 227 143 272 288 109 22 232 245 322 44 154 43 5 72 37 205 228 145 15 169 259 134 102 56 340 137 250 25 297 349 343 311 68 100 294 3 258 328 166 55 73 7 140 312 149 47 183 338
212 2 185 192 300 41 162 284 107 276 289 17 19 135 262 173 90 319 58 178 53 305 67 225 204 18 254 27 180 128 203 208 217 165 105 28 78 59 20 199 66 281 184 317 283 346 126 61 322 117 22 239 227 37 288 232 143 79 109 48 259 44 154 228 272 145 72 137 138 250 169 134 43 25 245 15 102 343 186 205 152 229 166 7 292 3 223 86 210 49 201 23 340 310 268 337 87 157 311 47
212 2 162 284 41 19 192 300 185 107 90 53 17 276 319 289 135 173 262 58 305 178 254 78 67 180 204 217 28 18 128 27 225 165 199 281 184 317 208 346 203 66 109 283 105 232 59 145 37 48 20 343 169 259 5 149 322 288 239 22 205 126 227 272 191 61 245 138 166 3 43 137 337 117 186 95 241 100 143 250 177 210 328 311 44 73 103 47 79 72 292 154 228 294 24 264 23 129 65 77
126 61 225 228 59 79 227 288 58 143 208 17 20 185 154 117 305 239 178 44 250 2 204 276 203 192 22 135 300 134 72 212 180 284 27 18 25 43 162 152 41 289 15 254 262 37 340 67 217 48 272 319 173 86 102 346 105 283 49 137 170 184 107 183 199 78 310 7 66 229 53 280 312 109 245 85 23 55 317 167 128 349 232 90 169 115 19 150 68 28 5 157 222 234 165 322 186 338 188 294
228 126 61 102 15 152 250 44 25 72 137 134 229 167 227 143 310 154 79 222 312 288 340 170 225 117 280 234 59 22 43 86 49 183 239 150 56 23 68 148 7 127 188 208 349 55 238 37 219 294 347 58 328 20 48 103 104 115 281 334 272 85 203 11 237 226 185 303 284 41 205 157 162 186 18 212 192 147 159 145 273 178 207 139 300 343 66 53 180 302 29 254 78 128 138 141 89 338 217 54
204 67 180 18 27 254 199 66 317 212 185 217 300 192 109 184 283 2 225 41 276 346 232 59 284 162 58 178 17 61 107 126 262 208 289 143 102 53 135 319 169 154 228 79 22 128 20 305 245 43 227 137 44 173 5 90 288 272 117 229 19 78 48 292 165 15 105 239 134 191 37 86 340 139 281 264 72 203 25 49 167 183 322 152 263 23 312 219 157 148 170 68 337 56 280 222 177 234 241 290
228 126 102 61 152 15 229 137 250 134 44 143 154 79 72 288 225 22 280 59 117 227 25 340 23 167 43 37 208 239 312 86 222 219 234 170 310 49 20 58 150 11 183 103 78 272 7 238 284 204 127 212 56 18 281 188 217 48 41 273 66 185 237 346 283 186 141 68 349 115 203 55 139 54 300 184 347 294 263 205 85 328 148 89 232 192 162 245 145 67 343 338 149 191 107 104 334 302 53 157
204 67 180 18 27 254 199 185 300 217 41 276 66 2 162 284 212 58 184 317 346 107 192 232 17 109 135 283 225 262 178 208 305 289 59 165 319 53 90 245 173 272 20 169 5 128 78 227 117 105 19 143 102 22 239 126 44 292 61 203 43 79 228 288 322 137 191 154 48 264 139 281 28 86 337 134 177 311 263 65 229 72 47 241 157 146 198 312 37 23 205 152 62 338 149 219 181 49 210 269
68 55 56 167 148 25 349 222 312 328 310 294 334 291 303 104 102 137 306 226 15 229 72 228 152 280 207 44 126 340 250 227 134 61 264 344 103 219 147 277 77 253 7 225 288 82 89 14 59 170 234 127 49 22 180 255 43 29 86 302 209 308 183 150 252 273 208 66 287 204 254 154 23 263 188 315 168 79 139 122 284 143 27 317 41 112 18 2 58 212 300 67 176 128 162 192 281 198 346 335
199 67 204 317 180 254 27 18 109 169 66 283 5 217 212 232 184 346 192 2 185 41 276 162 300 319 289 107 17 53 284 191 102 173 245 305 90 272 135 225 137 178 59 292 262 128 58 15 95 337 208 227 146 61 126 19 154 78 241 47 264 43 281 253 82 229 177 22 165 228 20 183 181 145 205 344 44 149 55 157 139 148 198 56 68 263 48 349 252 25 311 343 10 216 143 117 348 312 105 234
204 67 180 217 66 199 27 254 18 283 212 184 317 2 41 185 346 232 300 192 162 107 284 289 276 109 53 173 17 319 90 305 191 169 58 245 262 225 292 208 178 135 272 5 59 19 102 337 128 165 227 22 177 20 105 137 47 146 264 126 61 43 281 241 78 149 253 15 101 290 229 239 73 154 322 139 205 82 228 117 203 143 311 44 95 79 28 93 157 48 112 84 55 54 145 210 263 348 207 344
56 68 148 349 55 291 294 328 222 167 312 303 310 25 334 104 306 264 226 102 255 72 137 77 277 207 44 89 287 209 227 122 147 344 15 168 234 253 233 263 131 335 252 302 172 43 308 340 127 7 273 183 219 237 315 10 280 170 64 139 271 38 330 61 247 260 317 240 126 150 116 112 5 216 82 14 42 134 228 176 29 199 318 229 238 180 86 22 250 301 59 281 195 152 188 49 331 115 85 225
16 316 278 344 187 147 183 40 83 253 312 103 15 207 55 277 82 175 77 57 170 182 235 163 25 150 222 133 295 310 244 49 227 85 75 188 44 282 86 226 167 7 349 72 247 148 137 266 144 251 171 279 6 93 130 51 70 132 68 125 205 260 296 313 215 250 10 328 285 340 238 56 88 184 61 228 331 110 33 229 17 168 193 294 307 258 48 91 145 11 248 220 134 180 27 78 254 219 281 290
217 66 346 184 283 232 191 199 204 317 67 245 41 109 90 107 180 254 27 212 300 18 185 149 2 162 292 169 78 5 272 284 276 53 281 192 95 19 205 58 17 59 343 262 208 264 289 145 305 165 173 22 128 135 178 337 227 28 319 225 177 263 290 139 241 146 43 253 259 65 277 198 102 322 47 239 115 301 311 249 105 207 338 143 77 190 82 137 84 124 154 44 93 344 20 101 34 210 89 117
56 68 148 349 55 294 291 328 222 167 312 303 334 310 25 104 306 264 226 102 255 77 137 277 44 287 72 207 89 15 209 263 122 273 317 147 344 335 253 233 168 227 127 199 302 5 340 237 234 280 82 131 252 308 10 172 7 271 247 126 219 330 61 216 176 42 116 139 43 112 64 183 315 260 240 38 229 14 228 170 29 180 195 331 150 134 301 318 272 281 109 152 297 188 34 250 169 177 190 232
291 55 264 68 349 328 56 103 294 148 312 287 303 222 255 167 209 89 334 122 104 168 330 64 271 25 335 306 172 273 226 131 16 302 102 233 219 42 147 34 344 310 316 252 240 127 263 195 207 227 38 176 253 137 237 15 234 247 82 52 77 260 142 74 340 318 315 205 44 5 317 277 346 187 297 331 139 182 112 116 14 10 175 23 180 27 72 281 40 4 22 48 118 338 308 170 347 184 43 232
68 56 291 148 349 294 55 328 312 303 222 167 334 310 104 25 306 226 264 102 77 137 207 277 255 287 15 72 209 147 344 89 122 317 253 302 273 44 233 263 308 227 172 280 5 335 82 330 199 237 176 131 29 10 234 64 271 247 168 38 61 126 127 240 340 216 315 139 260 112 116 7 229 14 115 318 180 252 183 42 228 109 43 331 157 195 152 62 98 301 134 169 320 170 177 232 342 281 34 219
175 187 182 278 40 83 285 295 163 57 197 144 16 76 282 45 75 266 279 251 96 125 244 275 121 248 345 123 213 91 51 313 193 103 316 307 267 110 243 63 287 323 151 171 255 55 108 101 297 106 127 312 234 56 97 219 290 189 183 88 84 224 336 349 325 27 215 68 235 207 344 167 338 118 122 30 116 296 260 130 271 237 133 247 70 170 331 195 335 48 147 10 18 293 340 126 257 33 339 281
291 68 56 294 328 349 148 55 303 334 312 104 264 222 306 167 255 310 89 287 209 317 302 122 5 172 273 233 263 64 330 25 199 237 240 271 38 226 335 168 131 176 34 109 195 77 252 10 207 277 169 344 115 216 116 147 42 253 72 139 102 232 315 318 260 142 137 247 308 301 272 74 127 177 204 346 340 15 4 29 82 245 52 283 227 184 44 157 67 180 331 297 112 320 62 66 205 234 305 191
317 5 199 109 169 291 191 67 149 264 95 204 56 294 328 346 205 303 148 281 68 232 349 306 312 334 18 180 55 184 66 283 254 343 27 145 222 217 272 245 167 116 78 277 259 77 216 255 253 207 287 226 168 104 305 10 301 260 82 302 273 209 102 107 4 122 344 89 263 177 34 53 340 227 297 115 43 41 308 172 190 64 310 137 90 48 29 128 284 72 212 276 46 338 154 237 147 73 233 252
149 95 191 343 205 145 281 259 78 317 5 199 109 90 346 169 66 232 253 283 277 184 207 82 306 4 77 34 217 67 303 204 264 344 53 64 334 312 302 272 287 273 93 328 261 226 294 89 28 24 209 222 107 338 305 131 102 18 115 263 255 245 148 101 254 172 41 290 256 118 122 291 212 19 22 84 167 43 293 142 219 180 137 162 59 151 168 56 340 337 27 196 308 47 284 227 99 271 285 237
197 45 345 76 140 33 96 100 177 213 121 166 3 133 235 12 161 93 272 63 245 101 73 243 119 40 290 151 311 210 293 163 175 295 111 337 132 338 57 215 174 218 83 283 187 260 1 216 278 130 54 189 69 20 289 182 141 158 157 258 116 270 305 125 265 51 85 341 10 47 331 190 339 234 46 32 274 84 247 136 194 326 309 297 123 129 244 186 285 323 348 98 317 112 320 328 206 106 294 144
144 151 197 163 57 84 76 282 266 93 313 96 251 345 279 278 101 290 45 33 110 267 40 12 75 177 293 187 125 91 213 295 243 141 121 182 216 244 63 189 140 235 338 275 297 171 175 83 10 133 215 248 307 272 116 1 118 4 234 88 256 132 70 245 285 100 164 157 73 148 190 97 320 62 48 98 123 5 332 301 56 224 174 51 43 333 16 74 129 348 237 193 99 260 47 3 119 68 255 22
151 84 290 101 163 93 144 57 266 282 251 279 313 197 235 293 267 40 110 278 91 76 33 96 215 125 133 75 45 345 12 275 295 187 132 244 216 63 182 83 171 10 248 297 243 116 175 118 88 4 121 260 285 177 189 307 16 247 5 70 142 213 141 51 130 272 255 161 48 140 1 338 331 164 85 287 296 190 123 97 234 252 99 50 291 73 168 174 56 258 199 122 301 111 52 323 332 148 36 169
163 282 57 266 144 251 279 313 91 110 40 75 125 278 267 151 197 275 187 244 248 182 76 290 101 175 84 83 96 93 295 45 345 171 285 63 297 243 235 118 216 88 293 10 307 33 189 116 213 16 121 260 4 133 215 142 132 48 141 177 338 12 97 164 130 50 296 247 51 70 190 123 85 161 301 255 140 272 287 234 5 73 34 245 168 100 99 122 331 52 148 1 69 74 323 193 108 36 22 237
287 42 131 209 330 255 335 122 52 38 233 271 240 64 195 252 237 172 273 302 127 8 89 340 34 315 115 43 347 176 263 154 22 111 227 234 126 104 142 139 61 44 239 310 59 264 236 250 117 72 318 74 326 21 25 153 167 294 29 328 288 228 68 148 222 112 272 312 208 291 280 188 15 342 7 349 198 36 55 48 56 170 102 137 230 134 180 238 224 202 143 79 152 308 246 58 254 113 14 257
38 195 237 330 131 335 287 209 240 255 122 42 64 271 233 127 52 172 8 252 273 34 234 315 302 104 347 176 89 115 74 111 340 328 294 308 139 29 291 280 334 263 112 310 318 142 21 68 349 43 342 312 55 56 202 224 148 326 236 167 257 222 147 264 153 303 121 226 25 227 36 14 106 72 154 137 15 157 22 44 4 126 70 314 320 88 239 62 186 207 246 118 152 113 61 250 230 164 228 344
131 330 335 209 287 122 255 64 38 271 233 240 172 42 195 237 34 127 52 273 89 302 315 252 8 176 234 263 347 74 291 224 139 264 142 112 147 115 4 43 257 318 312 106 340 310 14 167 56 190 148 70 222 111 320 236 68 349 227 153 342 157 55 98 301 15 328 104 113 247 334 121 21 92 343 62 168 253 294 317 22 314 29 202 145 88 199 344 308 280 164 154 171 207 246 331 180 36 216 230
172 271 64 233 335 330 240 122 209 287 38 131 255 195 42 34 237 273 89 302 127 142 263 147 264 176 315 74 291 312 52 252 168 118 139 340 226 115 148 349 318 247 4 167 55 88 222 234 68 153 207 43 257 22 280 230 224 56 344 14 104 342 246 92 70 112 44 113 320 253 347 98 171 62 21 301 157 36 328 310 331 294 145 137 152 61 19 277 236 10 343 126 29 216 198 314 205 281 72 229
172 64 233 271 335 240 122 330 131 34 209 287 38 255 195 42 237 142 4 89 302 74 88 171 273 118 224 263 264 127 70 291 168 252 164 257 176 314 234 147 115 92 139 52 315 338 301 149 216 236 5 191 10 36 43 22 190 113 312 157 318 62 68 222 148 129 230 98 153 21 46 320 56 205 247 340 116 104 347 343 324 167 281 140 246 109 349 112 207 277 44 308 297 266 260 72 202 54 328 145
16 278 187 182 40 175 244 295 83 57 248 75 125 193 285 275 163 51 307 97 235 103 282 144 279 266 201 261 251 316 24 197 299 130 296 196 156 323 336 219 180 30 27 254 313 70 121 4 137 15 133 215 270 171 132 128 19 213 99 158 345 93 325 95 33 6 76 110 170 55 91 28 145 45 267 220 147 141 102 344 204 88 291 183 81 231 118 12 293 224 191 273 48 229 343 68 34 126 53 274
34 142 4 171 118 88 172 64 70 233 164 271 122 95 335 330 287 240 74 191 324 209 149 224 255 131 195 38 237 42 205 343 145 281 314 92 5 257 108 109 127 291 89 302 169 273 264 147 168 263 199 97 259 252 317 101 234 313 266 207 347 52 151 321 290 293 251 204 115 78 279 285 338 116 295 148 312 297 93 113 37 84 215 10 222 307 139 176 187 278 216 253 182 51 27 193 104 344 282 254
16 278 187 182 40 175 83 75 248 244 285 275 57 295 125 144 163 279 307 282 97 51 193 323 197 235 261 196 296 103 266 251 201 76 220 26 231 316 96 299 339 156 24 130 313 81 6 45 123 336 345 106 120 133 30 110 141 211 158 118 267 325 219 344 91 99 114 19 121 242 155 15 170 290 213 253 274 137 92 28 74 207 322 33 257 27 147 55 88 82 171 215 108 183 314 12 80 23 48 78
34 172 64 233 271 122 142 335 209 240 287 330 255 4 131 38 195 42 171 237 118 88 70 149 95 343 191 145 205 164 281 89 302 74 127 224 5 273 264 324 109 252 169 291 263 115 52 257 104 234 314 338 259 317 347 199 176 92 168 315 108 148 318 312 293 283 56 93 78 22 207 113 37 222 101 147 154 294 139 340 277 66 68 328 184 43 346 254 167 180 97 44 228 61 151 204 157 84 227 116
16 278 187 40 182 248 75 244 275 144 57 125 83 175 282 279 163 285 295 266 251 307 313 110 97 91 267 196 51 296 197 193 76 235 323 96 261 130 231 141 201 123 220 211 26 106 30 120 74 290 213 81 118 316 339 325 299 24 99 345 314 257 114 103 170 171 336 6 156 45 344 108 219 142 224 253 158 92 155 93 207 88 15 274 34 23 121 322 55 242 19 133 147 174 234 139 28 80 164 177
278 187 182 40 175 83 57 144 75 163 244 125 275 279 248 282 16 295 266 251 285 313 91 110 267 307 197 96 76 45 213 51 193 118 123 345 323 171 97 74 296 30 257 92 314 108 130 224 142 196 141 88 70 121 344 164 26 231 316 325 120 4 28 211 261 147 243 63 207 34 19 321 114 151 339 234 219 156 84 324 160 106 64 101 99 172 240 235 202 263 81 271 189 93 330 336 287 301 290 220
278 144 57 163 125 279 75 275 282 244 40 182 187 248 251 266 313 96 110 91 285 267 76 197 175 83 295 45 345 213 123 16 307 108 121 118 243 321 325 63 50 74 189 211 30 70 309 257 31 97 142 196 183 168 88 24 167 224 141 231 222 84 4 130 171 64 201 296 234 170 34 270 188 151 51 164 114 92 26 271 314 340 344 255 220 233 216 193 36 120 205 6 157 302 324 127 240 23 297 1
144 57 75 163 279 282 244 125 275 278 248 251 266 187 91 313 182 110 40 267 175 83 295 16 307 285 45 96 345 108 118 197 123 257 76 50 171 213 333 314 120 70 74 332 211 321 130 325 164 242 296 103 142 4 92 26 97 324 63 141 224 88 271 147 30 121 220 243 36 193 168 240 189 223 309 1 316 179 160 323 78 31 55 170 330 28 8 156 299 196 34 122 201 24 51 19 153 250 113 85
187 182 40 278 175 83 285 295 163 16 57 144 279 244 125 75 282 275 248 197 96 45 76 251 213 266 345 313 193 91 123 51 110 121 307 267 235 118 50 130 234 323 30 74 108 63 132 231 243 296 141 321 97 142 68 55 127 88 270 154 171 219 56 167 349 194 151 93 339 215 84 196 299 170 156 106 161 340 148 332 222 325 1 31 333 189 33 70 201 34 218 99 257 195 237 281 224 293 223 316
235 33 12 132 133 141 215 256 272 84 93 293 161 94 348 177 175 23 341 16 290 206 316 114 338 189 101 219 40 174 151 194 156 309 63 108 106 158 80 51 197 231 76 278 210 1 136 54 243 24 11 96 182 65 322 332 47 45 179 9 154 20 150 333 337 304 123 18 138 187 323 81 35 201 339 298 168 99 105 245 103 274 299 218 83 143 6 213 336 165 214 60 311 295 234 140 61 22 126 202
321 31 108 50 218 309 325 70 54 136 32 159 141 142 324 118 220 164 265 88 35 179 211 224 171 4 9 34 92 20 60 189 161 243 120 242 301 257 74 338 46 129 185 71 63 147 304 298 13 128 157 123 85 55 184 62 1 167 89 349 56 115 328 205 119 344 311 190 294 300 98 310 217 139 138 303 68 140 247 312 105 314 258 17 225 216 110 39 327 148 137 143 233 111 222 342 73 223 277 78
16 235 133 12 33 322 132 158 165 40 156 316 299 24 141 215 93 182 51 23 187 6 278 339 175 295 219 274 272 194 290 138 270 201 285 155 83 323 223 161 193 336 293 261 101 177 84 18 174 53 276 196 123 231 106 81 15 2 154 178 305 114 80 189 199 11 103 67 319 317 126 58 20 61 45 341 143 204 185 262 27 78 63 254 337 79 17 243 99 348 192 151 234 25 37 180 253 212 311 97
321 31 108 50 218 70 325 309 171 88 164 4 142 118 136 224 324 92 54 34 32 211 220 257 147 159 265 189 301 243 141 314 9 179 74 35 20 247 63 161 62 338 46 216 129 190 242 119 98 89 120 85 185 304 60 68 349 260 111 331 13 148 55 157 56 109 5 116 110 139 320 71 328 73 115 294 172 123 236 140 311 298 258 210 233 217 177 10 113 1 269 310 205 337 167 312 277 17 303 308
12 235 33 94 272 141 348 256 206 161 133 341 177 132 174 189 215 1 245 210 140 311 338 20 243 63 304 184 290 93 322 114 100 332 158 156 39 9 305 136 16 84 80 105 214 337 333 309 79 270 35 298 283 54 23 231 339 194 179 295 81 274 123 165 221 346 155 301 40 276 47 139 119 65 143 99 78 218 71 66 138 293 5 3 232 292 182 261 225 120 265 86 317 269 107 116 31 160 241 166
321 108 31 50 70 118 164 4 142 324 171 88 92 224 218 309 314 74 257 325 34 110 267 5 211 54 189 136 169 147 216 159 313 109 85 63 243 161 301 220 116 247 10 258 119 123 172 32 331 260 13 199 35 265 296 326 190 298 9 91 179 194 141 62 144 46 251 120 140 327 214 242 129 320 163 233 98 20 310 303 338 113 111 269 148 12 266 344 115 256 100 28 60 30 33 71 215 133 55 311
12 33 94 256 348 133 235 206 341 161 177 338 272 93 141 140 84 290 132 311 151 337 215 210 101 174 99 47 197 293 114 245 73 40 106 63 76 100 69 232 146 54 166 241 3 1 189 196 181 108 243 190 160 9 186 346 175 96 231 129 65 345 35 45 156 292 274 123 46 184 158 278 296 285 218 179 187 269 322 51 283 216 213 214 295 202 301 339 39 74 130 333 50 116 270 182 120 139 258 165
94 206 348 341 256 12 210 33 161 272 311 177 214 100 140 338 245 298 133 235 337 190 174 47 136 65 9 73 129 3 105 54 46 84 69 232 221 346 99 71 184 269 166 292 286 304 116 283 119 132 216 305 202 301 20 114 93 308 146 215 151 241 260 5 265 10 317 87 200 329 197 141 258 218 186 1 139 293 249 50 63 181 31 85 189 43 39 199 191 160 159 290 268 101 196 66 109 164 264 13
94 206 348 341 12 256 33 177 161 133 210 311 235 272 214 174 140 100 84 190 338 245 337 99 298 151 1 9 5 47 69 184 132 232 93 54 301 216 116 109 215 46 317 136 73 71 65 141 269 221 293 146 169 189 10 346 105 181 283 292 101 3 129 286 241 305 63 158 202 191 196 304 199 166 197 119 200 243 290 114 308 70 325 110 264 260 156 296 258 51 20 164 85 13 87 270 160 249 80 332
288 117 72 79 126 239 61 143 227 44 225 59 228 134 250 338 43 154 203 340 22 208 20 86 272 25 170 48 152 159 167 49 115 312 310 35 7 58 179 128 32 183 85 222 202 265 302 238 37 15 280 141 102 252 245 229 294 68 56 297 178 349 186 150 328 29 305 264 104 157 55 89 308 347 148 60 334 62 234 188 168 119 217 256 263 309 320 137 105 98 281 311 346 78 273 17 23 177 348 276
128 48 297 168 131 287 122 330 209 42 271 335 38 255 142 233 240 52 103 273 263 237 89 302 195 32 64 198 252 113 115 35 264 141 83 104 8 338 291 159 148 36 21 167 172 347 62 234 316 281 315 16 4 246 153 183 126 230 260 179 127 10 96 320 98 294 43 118 243 68 61 147 222 227 236 244 28 55 265 216 75 254 44 259 266 57 288 74 328 176 312 175 340 189 181 257 278 116 157 310
167 222 55 312 349 148 56 310 68 25 294 328 104 334 303 306 72 340 226 44 227 170 86 49 252 43 207 7 291 183 344 150 61 238 85 15 134 188 239 59 154 117 82 126 250 143 22 253 277 79 77 147 288 115 208 228 225 347 272 102 127 29 234 89 264 263 302 255 308 203 338 58 315 209 137 273 20 287 48 176 258 78 245 205 42 157 111 229 52 66 185 300 184 152 139 112 283 301 122 232
128 48 297 168 35 28 62 179 32 281 259 19 159 126 309 60 157 98 338 265 320 147 216 44 243 288 10 21 104 301 113 108 344 167 230 61 246 260 294 55 85 20 228 250 102 312 319 328 208 59 118 58 185 153 116 43 17 111 117 92 227 129 225 189 141 224 257 63 88 247 53 72 83 78 137 148 56 68 213 326 280 276 183 234 184 239 237 170 226 261 89 36 160 222 289 97 134 205 4 231
291 264 168 89 263 172 302 233 62 273 64 147 157 34 320 301 68 98 240 122 271 255 115 38 10 349 216 56 287 209 148 55 312 139 330 335 247 294 334 308 328 176 246 153 303 237 113 315 260 190 331 222 226 342 318 116 29 112 277 77 167 306 21 230 207 297 236 195 252 131 177 72 202 5 119 253 344 310 42 338 109 102 124 25 88 191 36 82 317 337 232 52 171 199 14 204 104 292 111 257
219 23 103 11 336 156 234 158 316 299 270 102 174 322 201 24 99 54 138 12 167 155 339 312 293 215 55 127 222 264 184 328 294 148 137 274 33 165 123 250 194 84 104 89 25 349 346 44 204 317 302 228 334 134 132 303 6 180 56 272 68 308 101 347 151 90 256 291 306 290 310 168 232 22 18 254 227 199 208 93 245 229 66 43 27 152 154 343 273 150 195 177 226 217 348 145 112 95 237 53
37 138 234 11 283 54 66 272 158 245 184 281 322 19 212 217 204 192 18 156 346 338 339 274 67 270 219 284 23 316 155 232 165 53 22 127 90 180 41 311 317 28 99 336 237 254 201 299 27 24 73 194 107 126 289 305 128 61 185 162 146 43 129 47 228 208 78 276 173 337 17 33 319 117 199 300 20 48 12 256 79 69 239 154 59 174 223 2 241 210 225 58 250 347 102 198 145 264 46 177
283 165 66 184 217 322 272 245 346 232 23 90 212 41 2 284 192 158 53 107 185 300 299 162 156 58 311 225 317 223 204 208 19 276 67 20 18 319 54 105 339 199 262 178 173 305 289 180 78 254 27 219 174 138 59 135 128 22 17 201 24 73 274 210 65 43 155 292 270 28 177 203 117 239 46 37 100 11 143 129 194 6 191 48 140 166 79 154 338 3 256 69 288 264 281 126 115 12 44 61
16 299 182 187 40 278 261 24 175 295 336 83 201 316 296 196 193 130 51 6 26 248 323 156 244 219 158 285 307 97 270 81 231 125 235 106 163 275 75 103 274 339 133 30 99 11 155 197 132 57 194 33 114 279 344 220 165 55 144 14 161 12 76 253 242 160 322 282 121 82 27 93 215 137 174 2 45 53 266 120 23 211 90 317 101 251 229 95 19 192 180 349 290 212 199 319 112 177 313 213
299 261 156 81 24 158 339 6 201 196 322 155 231 26 274 270 219 194 97 30 11 23 307 99 223 130 165 296 114 120 138 28 103 78 106 174 182 211 316 242 220 16 145 259 13 187 90 175 40 19 343 325 160 221 336 53 327 95 9 285 284 286 71 214 123 329 83 87 39 161 14 141 51 323 80 205 262 256 178 107 82 278 74 268 135 295 304 344 193 200 177 186 248 326 204 191 342 181 137 253
66 283 217 184 23 346 11 245 232 272 219 138 322 165 155 270 234 208 177 18 204 54 239 158 107 201 37 99 194 115 338 41 174 274 339 276 20 264 143 284 117 59 292 256 79 311 199 58 67 156 302 198 237 288 225 317 162 185 305 178 154 210 262 89 103 22 227 102 127 109 300 105 134 191 336 123 254 203 44 281 337 65 47 180 62 2 61 5 104 126 228 157 78 43 72 135 139 24 299 6
193 323 51 295 336 160 121 202 308 106 346 112 201 29 274 11 272 283 345 66 270 138 155 45 285 76 338 333 318 184 213 232 339 217 194 245 219 302 264 197 177 174 89 115 54 311 87 332 176 1 14 6 139 96 161 316 105 305 12 80 210 190 288 256 292 23 46 225 231 206 284 152 107 315 114 119 123 322 141 208 140 44 33 243 24 3 263 79 250 234 90 8 137 187 166 49 59 249 69 99
283 66 217 184 272 346 245 23 208 239 232 165 322 138 58 59 117 143 154 22 20 203 37 79 288 227 225 43 178 284 115 185 219 262 158 126 11 61 228 300 156 41 276 338 134 162 311 155 18 305 339 135 274 204 340 105 194 201 107 44 67 256 250 17 54 2 86 210 199 24 336 317 264 25 72 270 104 78 234 49 223 299 292 159 177 302 254 198 6 310 252 90 141 341 157 180 348 65 87 316
274 155 201 138 6 194 270 339 11 158 156 24 322 336 299 316 37 165 219 23 193 54 223 283 106 114 174 81 66 105 284 123 20 1 231 261 185 333 162 272 218 323 304 41 234 134 332 80 136 107 12 189 184 345 217 305 141 39 245 51 160 103 79 99 161 31 26 276 300 22 210 87 250 256 102 61 2 90 3 242 243 137 120 202 145 126 50 25 295 58 18 346 311 318 228 139 190 337 308 166
283 66 217 184 165 272 346 322 208 232 245 23 138 58 239 284 156 185 158 41 22 20 162 219 225 59 300 203 178 117 299 201 262 339 227 143 2 135 274 155 154 105 288 43 24 17 11 276 54 107 305 37 18 79 78 204 338 67 6 311 90 340 270 317 199 292 223 228 336 126 194 210 254 180 61 212 256 316 109 134 234 348 250 115 264 47 27 341 192 128 44 87 25 159 48 53 86 265 49 206
