87 151 178 48 190 125 102 13 126 128 73 16 154 98 6 225 4 221 188 236 29 44 37 14 113 72 54 77 41 17 30 8 109 230 211 189 200 33 103 118 172 227 147 26 47 183 148 21 115 90 203 104 226 62 110 181 166 42 182 123 149 95 5 217 7 174 228 195 3 68 24 22 57 150 234 219 39 146 28 207 164 141 153 184 58 233 2 121 66 15 237 136 53 171 158 81 206 186 130 96
58 17 3 228 141 154 182 219 178 233 21 5 207 117 185 222 169 190 138 59 225 51 184 173 191 87 48 28 150 98 128 13 76 78 16 195 197 40 151 198 61 6 30 121 125 8 123 166 221 102 4 126 130 79 41 188 205 104 113 73 66 149 109 53 44 217 1 211 172 147 115 14 37 77 83 160 88 52 62 213 153 202 148 176 131 236 43 224 194 55 212 72 11 100 64 167 19 122 120 142
102 126 230 183 73 118 54 151 110 125 42 29 87 26 189 236 14 77 33 57 229 103 104 47 147 123 62 227 217 200 15 21 72 178 128 226 13 48 5 234 158 90 190 39 149 24 22 186 203 216 211 95 68 181 38 208 94 7 75 182 84 174 55 74 231 111 121 85 9 41 214 97 175 16 2 116 122 93 154 161 198 105 164 124 232 135 171 146 162 143 136 59 30 172 45 235 119 37 120 98
126 102 87 151 29 54 230 73 236 183 125 14 26 103 189 33 47 77 62 104 118 110 200 72 42 227 147 178 123 217 48 226 13 57 21 4 24 203 229 16 5 90 234 211 190 128 181 98 7 221 22 15 95 6 39 37 68 225 182 41 9 174 161 149 30 164 85 84 93 146 188 2 94 55 231 175 97 154 208 172 158 8 162 121 109 44 136 113 122 135 115 195 216 143 11 38 171 186 74 116
162 226 235 143 84 161 208 164 85 9 94 175 231 97 90 234 135 93 2 22 39 136 15 121 24 7 55 229 174 146 198 216 68 103 203 122 57 95 227 170 119 131 155 110 78 230 181 35 42 132 101 200 33 163 223 105 189 59 183 124 220 126 145 100 96 47 218 86 45 214 19 211 139 74 21 179 26 31 77 1 215 43 232 29 180 153 14 54 112 120 114 62 156 167 27 147 210 70 176 172
77 149 154 13 8 44 30 11 16 113 221 115 178 41 109 37 188 195 225 4 130 150 6 98 138 148 190 166 172 48 87 173 144 211 141 233 151 222 110 219 81 5 58 79 116 102 3 237 108 124 96 73 126 228 17 128 183 15 57 42 184 125 40 78 199 43 134 59 198 139 123 94 88 32 118 196 229 169 235 230 50 21 34 35 143 182 208 53 191 61 86 71 83 231 135 84 175 28 104 234
15 231 77 42 110 149 208 229 175 235 84 94 135 41 11 198 97 174 143 57 55 150 93 30 116 78 85 211 130 161 183 121 96 234 166 9 126 48 162 138 122 59 8 124 13 2 119 136 123 39 147 164 73 195 216 226 230 172 22 101 113 74 7 115 24 237 21 5 189 217 178 95 109 154 37 139 26 44 137 188 144 232 6 90 40 71 151 173 104 227 43 19 35 221 61 87 190 114 146 223
208 231 175 55 93 174 97 135 122 121 84 136 9 198 85 161 22 235 164 39 94 162 95 2 226 24 7 15 216 90 234 211 146 203 143 68 59 181 78 227 230 40 123 229 126 42 57 61 200 26 103 147 189 21 183 14 73 110 217 104 125 33 62 236 197 170 151 47 54 102 41 5 118 87 149 30 48 119 35 116 29 96 150 124 77 137 195 178 8 172 19 74 101 13 163 139 223 114 190 182
208 231 175 97 93 135 55 9 84 85 161 174 121 122 136 164 235 162 22 94 2 226 7 216 146 198 24 143 90 39 68 95 234 181 203 15 59 211 78 200 227 230 40 57 61 123 33 103 26 189 229 183 147 21 42 197 217 54 126 110 14 73 236 104 170 62 119 5 125 101 29 47 41 102 74 118 232 151 30 96 173 105 124 191 114 150 19 87 75 149 215 137 195 77 72 35 116 182 8 13
208 231 97 93 84 9 175 162 135 164 161 85 55 235 121 22 94 143 226 136 174 24 198 122 2 234 39 7 90 68 146 216 95 181 203 15 78 229 200 59 227 57 230 103 33 211 42 110 189 170 183 26 123 147 40 54 119 62 217 14 61 21 197 236 104 126 29 73 47 101 74 105 102 19 232 96 75 124 125 114 118 5 215 35 41 111 137 116 77 191 163 155 151 173 172 153 27 218 131 20
175 47 227 231 206 9 97 135 208 85 126 62 103 22 93 29 143 104 121 161 146 14 33 164 136 2 26 55 235 137 94 122 234 84 147 192 236 174 7 162 217 230 78 226 90 68 198 189 54 123 211 39 181 72 42 95 118 27 59 170 12 183 237 19 216 102 129 200 203 133 73 57 81 41 32 80 30 171 108 24 150 21 8 195 153 229 87 184 125 144 5 218 173 151 172 99 15 149 40 82
227 47 62 29 14 103 104 236 147 206 26 234 94 123 217 230 226 189 33 118 126 175 54 143 22 162 137 161 231 85 235 2 9 164 55 12 192 84 146 183 174 200 68 97 24 39 133 181 102 208 7 27 203 93 129 90 136 135 32 121 95 198 237 5 211 21 122 108 72 87 78 170 81 171 59 158 73 42 57 119 144 19 125 229 182 80 82 38 210 30 216 105 151 41 110 75 153 186 8 187
237 47 137 206 108 227 104 62 81 27 103 133 192 14 126 147 217 12 32 123 144 118 230 29 26 236 189 102 210 143 129 234 153 235 158 5 170 78 80 94 226 87 171 186 162 125 209 72 38 54 145 198 187 106 55 211 33 174 40 151 136 85 161 122 201 59 15 90 175 2 19 193 178 95 231 41 183 9 82 21 208 18 182 200 177 22 8 61 84 30 48 88 68 219 119 148 135 86 140 93
227 47 62 103 14 104 147 29 217 236 123 206 26 234 226 230 189 94 126 54 137 143 161 33 9 175 118 22 162 85 174 237 97 200 55 164 2 231 84 21 27 12 121 93 208 136 133 192 39 181 235 146 198 122 5 170 68 90 210 203 7 102 24 95 129 183 135 72 87 108 211 32 182 171 80 19 81 125 59 78 15 57 82 158 144 119 229 151 73 187 216 219 153 42 228 114 186 141 40 38
47 175 62 126 121 206 9 29 103 211 85 143 227 104 22 208 135 164 231 147 146 161 94 33 236 136 97 14 235 39 2 78 68 12 217 174 192 84 30 137 95 93 122 203 7 200 26 41 162 133 54 226 72 19 237 8 81 181 234 55 27 80 102 150 123 24 184 189 170 198 90 108 129 172 37 32 42 166 73 216 118 59 5 180 6 195 28 218 230 16 171 153 21 183 188 138 113 115 66 53
175 231 9 227 47 135 97 85 22 208 164 161 93 143 206 121 62 29 94 103 2 146 84 235 126 136 162 14 7 55 33 147 174 104 68 234 122 236 217 226 211 26 39 137 78 192 198 181 203 95 90 54 230 123 24 102 189 72 59 200 42 41 19 237 27 216 30 12 183 170 129 73 118 81 133 8 184 80 32 108 150 171 21 57 195 87 229 172 15 5 218 144 16 173 125 151 115 153 166 40
175 227 85 231 9 47 146 97 206 135 103 62 22 161 26 235 29 143 33 93 94 136 2 7 84 174 162 122 208 14 104 164 126 55 137 121 68 147 234 181 230 226 90 217 189 54 236 39 192 95 118 27 129 198 216 200 203 183 170 123 211 78 73 12 24 171 102 42 19 229 72 80 57 59 133 153 32 237 125 151 87 41 81 108 15 21 30 218 158 38 82 184 172 110 8 187 195 119 144 186
144 130 108 81 237 148 32 138 79 113 115 188 150 37 166 44 53 28 66 221 149 109 6 41 195 184 52 16 8 4 11 98 169 30 225 88 172 192 207 12 178 199 194 117 43 176 116 63 187 19 48 206 96 165 180 77 72 185 13 137 134 133 196 190 80 145 89 78 10 82 160 1 156 224 3 83 34 51 154 173 49 131 71 210 27 121 170 233 218 86 153 100 76 129 143 167 141 235 177 171
86 153 66 79 145 53 180 218 194 88 52 190 176 63 138 166 28 6 11 165 44 43 155 100 152 113 188 48 148 237 117 34 130 131 184 207 199 13 169 4 112 120 163 196 156 49 10 179 214 132 71 221 35 81 111 18 31 134 70 223 185 1 128 77 220 172 167 224 151 27 45 96 144 137 37 139 149 115 80 225 20 98 108 116 154 150 32 178 124 30 109 41 16 51 89 8 205 3 192 210
175 121 231 62 9 164 208 135 97 85 93 22 84 147 47 136 161 217 143 211 78 94 14 104 126 203 95 2 29 39 227 206 235 55 103 162 68 226 24 146 122 234 236 174 7 123 42 33 198 41 200 26 230 19 21 137 30 181 54 72 192 59 90 133 5 183 12 216 189 102 73 229 172 8 27 15 150 195 57 184 110 170 6 237 153 166 149 20 125 116 99 37 40 207 182 118 81 32 3 119
119 105 215 101 74 75 232 91 114 186 60 23 158 20 38 96 124 99 116 86 83 145 137 34 179 64 152 31 153 27 165 111 234 213 45 196 112 227 226 139 110 172 70 183 218 206 237 49 92 11 194 43 35 155 143 160 230 120 131 189 214 25 100 156 67 69 223 199 78 127 36 192 134 63 167 46 22 90 108 157 47 50 71 65 224 198 162 204 163 32 103 176 57 220 118 180 133 10 12 59
47 227 29 103 62 14 236 104 226 147 126 123 234 217 206 189 26 230 137 118 54 33 94 27 143 102 171 161 22 129 90 162 55 164 21 133 192 9 12 200 175 2 87 85 203 39 84 231 174 235 24 93 146 237 97 121 181 158 7 210 5 208 80 187 82 68 95 136 198 182 122 38 72 183 211 125 135 170 73 186 32 119 114 59 19 40 75 57 105 219 81 151 108 41 42 232 101 61 74 215
47 227 103 104 29 62 14 236 147 123 226 234 126 217 137 206 27 143 94 237 102 230 26 235 175 118 189 192 171 161 162 90 55 5 84 231 21 54 85 129 87 170 133 22 9 158 2 39 208 93 210 211 174 125 164 12 122 97 95 32 80 38 187 121 203 198 135 7 33 136 146 75 73 108 24 19 81 82 186 200 182 181 59 232 68 41 72 183 57 74 40 114 151 153 42 144 215 119 101 105
29 103 47 14 62 236 227 54 104 26 230 126 189 33 226 102 123 147 118 87 217 234 206 22 94 175 85 73 129 161 200 24 146 9 137 90 183 84 181 164 231 171 55 125 162 72 38 158 68 7 32 27 174 12 39 235 42 133 21 2 203 143 97 93 105 122 186 208 121 95 192 82 5 110 151 59 40 211 135 198 119 182 144 37 136 101 81 41 75 108 215 16 74 61 210 232 187 57 114 80
130 144 138 81 108 237 150 37 32 149 195 148 41 166 28 44 188 169 115 30 6 184 113 207 79 221 225 117 8 109 4 98 172 16 77 53 13 178 11 78 185 66 88 154 48 51 52 43 116 173 190 121 211 96 3 76 72 196 59 126 194 156 87 42 20 124 160 228 199 224 134 19 205 71 5 83 100 34 153 176 151 182 86 136 198 89 233 1 131 58 122 163 73 31 10 219 141 180 192 40
144 130 237 108 138 81 149 32 225 150 6 148 115 166 207 77 98 178 53 117 79 169 195 13 66 184 41 109 154 78 28 30 11 221 172 16 44 185 8 190 113 188 37 4 48 121 88 3 151 51 5 86 228 59 71 76 173 21 153 63 83 126 141 182 87 211 58 165 156 160 52 116 198 233 219 43 42 72 176 193 224 96 196 205 128 199 89 20 40 1 19 134 123 102 131 152 73 145 194 147
86 153 180 218 145 63 165 194 152 18 132 111 100 220 155 80 176 66 53 214 163 49 10 179 52 224 79 167 137 156 112 196 190 70 139 131 27 120 134 88 34 31 35 45 199 1 185 43 128 205 28 51 20 223 117 170 192 71 213 184 207 64 187 89 193 201 169 76 67 212 206 166 48 11 99 65 138 36 69 210 160 142 204 157 133 19 107 13 140 44 168 143 25 127 151 3 81 6 12 46
119 105 215 101 91 74 114 75 232 158 186 23 38 96 124 60 116 20 86 172 99 145 152 34 218 83 137 27 213 64 153 49 143 165 199 134 111 192 179 196 63 226 31 112 71 234 194 45 227 139 47 110 129 210 133 89 162 180 69 35 50 220 43 160 67 10 80 206 92 155 171 214 237 11 100 223 132 70 12 90 235 131 176 88 66 120 163 103 25 36 18 230 189 156 78 157 65 32 212 127
47 227 29 62 103 14 206 104 236 147 226 234 137 217 123 27 230 126 192 26 54 94 133 22 129 189 9 33 175 12 143 2 102 171 164 161 174 55 170 90 237 95 162 39 93 72 97 80 85 118 208 136 231 203 211 24 121 122 210 158 7 200 84 146 183 32 198 181 19 235 21 135 82 87 68 38 182 187 125 5 81 153 108 186 42 73 75 78 41 114 229 216 57 18 40 151 30 59 119 218
47 206 227 143 29 14 62 104 94 126 147 103 72 226 175 137 234 236 27 230 102 85 162 161 192 211 217 54 235 123 22 208 9 200 33 55 133 129 12 158 121 174 164 118 231 39 84 2 146 26 135 171 41 32 93 189 237 68 136 122 198 24 90 59 80 97 203 87 19 7 78 186 38 170 81 73 95 21 108 30 150 61 82 105 181 187 37 8 166 144 125 184 60 210 183 195 219 5 130 191
130 144 138 237 108 150 81 149 32 207 28 184 41 195 166 117 6 44 148 30 188 169 225 78 37 79 53 13 98 115 221 172 178 8 185 113 48 16 109 4 66 77 11 190 51 121 88 154 211 96 52 173 43 59 194 156 3 116 76 126 198 153 71 224 5 86 235 175 100 145 216 151 21 63 42 31 87 208 136 84 134 199 19 124 131 135 160 20 143 163 196 102 182 176 83 120 122 233 94 2
130 138 149 144 117 207 237 184 78 169 150 79 166 66 11 51 108 185 77 190 32 71 88 28 53 13 115 148 81 41 154 30 121 225 6 63 156 86 172 195 48 44 109 1 153 43 163 224 205 100 134 131 120 199 176 76 96 145 165 8 31 194 235 208 98 3 167 198 139 178 116 196 221 143 21 211 19 59 151 37 52 188 42 218 34 214 16 233 152 173 182 35 10 70 223 216 179 4 20 186
86 153 180 145 218 165 63 194 152 111 66 18 88 155 176 53 100 79 163 190 20 49 214 10 34 156 131 179 31 52 220 27 70 112 132 223 35 167 137 43 80 224 120 1 199 139 185 196 71 45 213 99 11 117 96 28 48 207 134 128 205 64 51 169 138 192 60 6 184 76 124 170 89 13 116 160 15 67 172 83 101 50 210 151 193 113 166 119 36 154 44 148 188 225 3 105 4 212 91 69
227 47 29 226 62 230 14 103 234 126 236 104 189 123 109 102 27 186 133 26 72 130 137 54 192 149 90 182 33 206 165 187 120 147 87 105 82 32 12 171 183 237 94 21 170 200 150 121 88 115 163 129 217 38 138 166 66 131 144 20 158 211 214 16 143 22 73 80 225 63 77 153 148 19 176 118 24 74 30 174 185 190 119 210 195 41 60 5 184 71 221 57 233 6 162 169 78 152 55 172
119 105 215 101 74 75 158 232 91 114 186 38 23 60 20 96 124 99 116 137 86 34 27 47 145 227 143 172 234 226 153 192 83 118 206 189 49 103 218 90 94 78 237 230 152 110 31 199 111 165 12 64 104 71 126 121 133 162 62 29 198 22 14 139 112 179 100 134 217 194 108 45 236 57 213 32 210 214 88 102 10 123 196 235 171 80 70 21 183 229 120 59 155 129 180 35 147 156 170 54
47 227 14 29 103 62 104 137 236 206 123 27 118 26 126 230 189 158 147 217 237 234 102 226 192 125 186 54 87 32 133 38 12 129 90 108 33 80 75 21 94 74 215 105 143 171 162 153 119 55 232 114 5 101 95 187 151 170 198 211 39 72 235 122 59 161 174 182 85 22 40 183 81 210 128 82 24 9 200 73 152 229 203 208 175 84 48 93 231 121 136 2 7 144 57 97 145 60 164 68
47 29 62 103 104 14 227 236 54 26 126 230 33 102 147 226 85 161 217 189 206 94 175 22 146 234 9 68 118 123 129 162 200 235 72 7 122 39 24 84 181 2 203 174 164 183 231 87 73 137 136 93 143 90 95 211 55 97 171 208 158 135 27 133 125 229 12 121 151 42 110 32 38 192 41 186 59 198 21 5 81 8 108 237 80 16 195 30 221 182 105 216 37 78 82 115 150 40 113 144
47 175 62 103 85 29 126 9 146 161 135 231 206 227 104 97 84 33 14 22 235 162 93 208 2 7 94 236 68 164 137 143 26 122 121 192 54 226 27 136 39 217 102 181 234 174 90 147 203 189 230 72 55 32 73 211 129 95 24 216 19 200 81 170 80 183 172 184 41 171 198 118 108 42 12 123 237 59 133 30 218 158 37 8 116 38 195 150 66 144 180 229 78 151 28 82 115 113 153 6
62 47 29 103 175 126 9 146 33 85 206 227 54 161 22 14 236 181 104 26 200 97 231 7 68 164 94 72 93 147 102 174 84 135 226 2 217 39 162 137 129 189 208 230 235 90 143 121 203 95 234 192 136 24 122 55 19 73 183 27 211 216 123 42 133 170 12 171 80 115 41 198 118 8 151 87 81 30 184 32 37 158 237 113 229 125 108 38 6 195 150 16 59 172 82 116 186 110 221 15
14 47 29 103 62 227 104 236 147 123 26 54 217 189 126 230 226 234 33 118 102 94 137 21 24 206 200 22 87 158 39 161 5 125 175 183 27 162 9 203 90 72 84 164 85 174 2 38 143 231 129 12 95 73 208 68 186 211 55 133 171 146 235 75 237 181 151 32 7 136 74 97 198 121 42 122 119 182 93 192 110 232 229 135 59 153 114 210 170 105 82 80 215 15 101 40 57 108 19 81
130 144 138 108 81 237 150 148 32 37 195 79 188 115 166 149 41 113 44 28 6 221 4 30 184 109 98 225 8 169 117 207 172 16 66 53 11 78 178 116 88 13 52 77 121 48 173 185 96 43 126 86 190 51 154 89 194 59 124 72 160 193 19 153 198 180 76 3 145 192 56 83 165 12 211 199 87 196 143 106 137 235 216 175 177 1 176 20 228 107 100 84 63 210 73 5 94 131 42 34
144 130 138 150 108 81 237 195 32 149 148 169 207 184 117 28 115 79 166 188 113 225 37 185 78 30 173 44 6 51 8 41 221 109 154 16 98 4 11 66 76 59 53 178 172 13 88 121 3 77 190 48 61 52 141 58 198 233 5 40 156 194 228 83 160 116 182 219 196 224 212 43 96 1 100 211 199 197 34 191 134 142 167 19 86 176 126 205 31 122 204 71 45 192 213 222 159 235 21 163
86 153 180 145 218 194 165 63 66 53 155 214 152 176 111 88 100 79 18 52 163 120 132 34 131 156 70 167 224 190 179 49 10 223 185 45 31 137 20 220 112 80 43 1 139 35 117 207 28 71 199 11 51 27 169 196 134 89 76 205 138 99 128 213 48 184 96 193 166 192 170 60 64 148 172 124 13 201 116 209 210 151 6 44 237 107 77 101 216 154 160 113 119 105 56 187 67 91 212 206
138 144 130 148 79 53 28 81 44 188 113 166 66 207 237 117 52 6 108 184 88 11 169 221 194 115 150 32 37 4 149 180 185 86 172 153 225 176 98 100 51 43 63 77 131 145 30 190 48 76 41 218 165 96 89 109 116 8 195 155 31 1 196 16 10 70 19 34 132 120 199 224 112 167 179 220 156 163 13 45 35 193 214 178 78 160 124 223 49 72 152 20 83 121 71 205 3 192 139 80
78 185 51 138 117 76 169 207 149 121 130 150 184 156 211 100 59 28 71 212 136 142 224 194 168 198 153 197 30 79 202 175 205 208 1 41 159 95 167 213 40 191 86 55 131 57 163 20 122 66 166 5 93 31 237 216 190 97 145 3 126 11 88 135 65 179 36 195 220 43 77 139 67 231 39 58 8 144 68 42 115 73 160 154 173 61 204 63 21 84 83 172 22 15 52 203 70 9 10 164
185 78 51 59 76 212 150 159 169 117 168 205 197 202 130 138 40 61 191 184 121 69 142 207 65 67 25 198 213 156 173 20 64 157 204 1 36 83 31 153 46 127 224 100 28 3 163 71 211 58 99 179 70 32 160 92 144 195 5 206 167 192 21 95 19 120 137 175 149 60 115 104 45 139 39 166 62 147 194 182 108 14 145 217 50 214 172 237 63 134 27 136 216 30 131 235 154 122 219 55
185 51 78 76 117 121 207 169 150 138 130 59 212 184 142 168 28 198 202 197 159 40 173 191 65 149 175 3 213 211 160 136 67 61 69 100 36 58 204 195 122 68 55 205 83 95 5 30 99 1 25 182 64 157 46 127 93 153 21 97 224 19 156 208 144 233 154 166 9 216 163 179 8 194 20 237 203 164 228 39 85 60 108 79 231 225 135 219 104 84 22 115 41 31 62 2 181 147 92 143
105 75 101 232 119 74 215 158 38 186 91 60 114 99 23 83 20 137 116 206 27 153 96 230 226 227 160 124 90 234 152 47 133 64 86 12 103 110 213 87 29 192 129 62 102 118 210 237 14 104 172 183 151 111 189 221 11 145 171 34 143 125 187 236 13 32 80 82 165 49 162 4 22 126 108 218 57 128 181 198 196 88 182 200 26 6 43 199 176 115 19 98 7 154 55 48 229 95 54 39
47 227 14 103 29 126 236 104 62 147 230 123 189 234 217 137 226 26 27 206 102 118 54 153 143 94 237 21 125 170 235 192 175 162 183 33 87 90 80 231 84 208 122 12 158 210 121 9 161 22 133 198 39 85 135 5 171 151 57 97 211 136 174 72 38 73 186 48 93 15 164 200 81 55 2 218 19 129 203 32 95 108 145 42 59 146 24 7 75 68 229 110 187 18 178 114 41 119 78 35
29 33 103 62 47 181 54 146 227 200 26 9 68 7 226 206 85 22 164 126 236 161 175 174 72 102 14 2 203 189 230 118 93 97 90 24 137 136 55 39 104 94 192 122 234 162 231 183 95 208 84 135 147 129 217 27 216 121 73 235 19 143 42 87 211 123 171 198 32 41 229 119 133 158 105 125 38 57 12 8 101 80 110 82 186 115 170 59 75 237 151 81 187 210 40 30 182 108 197 150
29 103 47 227 33 26 62 14 54 226 236 146 85 9 161 175 230 7 68 126 231 22 102 234 181 84 162 94 93 104 189 97 200 164 235 90 206 118 122 2 135 24 183 136 208 55 147 39 203 217 137 143 174 42 73 121 27 123 72 95 192 87 129 198 158 38 216 105 119 41 229 151 171 211 110 186 59 101 170 125 32 57 19 133 40 21 12 8 114 61 215 80 75 197 172 182 30 195 232 81
29 103 227 47 33 62 14 26 236 54 146 161 9 85 226 7 230 104 231 175 126 94 102 68 181 162 22 234 90 200 97 84 189 93 183 206 55 118 235 164 122 147 143 135 136 217 208 2 174 39 87 129 137 42 203 123 72 24 121 95 73 192 198 27 41 38 211 158 151 216 186 171 110 59 32 105 125 8 229 119 133 30 21 19 150 12 101 40 57 170 182 108 195 37 81 144 237 80 61 115
47 29 14 103 227 62 236 104 147 54 26 217 189 230 123 126 226 33 118 234 94 102 206 137 200 87 21 161 12 143 133 175 22 183 27 85 9 162 5 164 231 129 24 39 125 2 174 84 203 208 235 90 73 136 211 146 121 68 7 192 122 97 55 158 72 95 93 182 237 171 151 181 42 135 41 198 32 38 110 186 30 219 210 80 16 178 59 228 153 119 105 8 114 81 3 57 75 170 172 229
144 130 108 138 237 81 32 150 148 37 195 188 41 115 166 113 149 44 6 30 8 221 28 184 225 4 79 98 109 16 169 207 178 172 53 117 173 13 11 78 66 154 121 185 88 48 77 96 72 52 116 3 19 192 198 59 87 51 228 76 190 141 160 211 137 43 233 126 83 58 182 94 12 86 143 206 199 235 124 5 219 89 194 40 187 156 61 84 175 193 210 174 164 145 56 176 216 227 34 196
130 144 138 150 108 149 237 81 148 195 32 184 28 207 169 117 166 115 37 51 173 225 185 79 109 30 8 113 78 41 188 6 76 16 44 11 4 221 98 53 154 66 172 88 3 212 233 141 156 13 19 160 224 1 52 61 205 77 142 178 121 192 59 83 48 58 228 190 199 182 219 71 43 194 134 72 159 5 168 213 167 198 40 36 202 176 204 34 145 12 139 196 67 116 86 100 143 137 10 63
86 153 145 180 218 111 88 194 214 66 165 190 176 53 18 155 79 34 152 63 70 120 31 163 100 179 52 45 131 43 10 20 49 137 185 48 11 80 128 156 35 132 28 223 199 207 112 196 167 27 139 13 224 4 138 1 117 154 148 134 6 44 51 151 220 96 169 210 166 184 113 71 89 124 233 99 178 193 188 237 172 213 3 192 77 101 119 221 60 216 76 205 105 209 170 91 227 201 116 225
144 130 138 148 81 79 237 28 108 166 66 53 113 32 184 188 207 44 52 169 150 117 11 6 37 115 88 194 221 4 185 225 180 149 86 172 98 41 51 176 195 76 153 30 43 77 8 116 48 100 109 131 63 145 16 19 190 96 89 13 214 155 199 165 70 196 218 34 20 1 10 31 132 178 72 45 78 193 120 121 163 35 112 192 179 124 160 83 224 137 3 156 60 220 167 71 223 152 49 126
185 78 51 117 76 150 59 121 168 207 169 142 159 138 212 202 184 40 28 130 65 198 61 213 67 211 149 8 3 64 205 36 156 30 204 197 41 157 154 69 237 46 191 137 173 127 206 55 136 175 108 122 195 19 160 153 224 1 71 83 100 166 134 227 95 144 58 192 25 172 233 99 68 182 194 126 81 17 190 20 16 167 145 66 93 228 50 208 5 163 86 80 92 48 174 133 225 32 97 57
185 51 117 76 207 169 138 184 78 149 28 130 156 66 1 79 224 194 100 121 43 71 168 212 150 142 199 153 205 220 163 159 134 86 166 237 196 190 139 213 65 63 176 202 10 204 167 88 144 53 145 36 160 180 49 132 52 179 218 137 108 20 3 81 126 59 115 233 34 192 131 175 46 31 69 155 83 157 40 35 41 30 198 19 60 64 206 165 99 197 227 32 127 211 8 216 143 67 80 191
185 51 76 78 117 138 207 169 121 212 59 168 150 202 130 142 40 159 204 184 28 61 197 195 198 65 173 69 36 191 156 213 46 149 205 175 144 160 122 55 25 157 237 1 67 108 127 153 137 66 126 163 136 99 194 100 79 224 83 73 206 60 32 92 3 211 216 64 68 227 20 154 97 19 47 30 102 208 190 179 231 235 81 93 50 135 192 48 225 145 5 134 41 139 166 85 8 125 104 151
119 105 101 74 75 232 215 91 114 124 186 23 38 158 86 96 20 116 99 60 83 172 34 111 153 88 199 155 11 214 145 131 165 223 50 196 89 179 49 31 45 160 43 139 134 112 176 120 110 35 218 152 163 209 137 100 180 71 185 156 77 201 57 70 220 53 226 10 213 177 194 234 64 127 138 63 221 27 132 167 92 36 25 126 190 46 143 216 44 109 106 102 154 13 56 140 65 12 225 166
200 33 54 181 68 7 146 29 72 236 9 103 189 174 26 2 203 14 22 97 226 164 136 93 85 230 161 62 90 24 47 126 95 39 55 227 175 122 183 208 84 121 147 231 135 234 87 211 162 217 104 94 102 42 57 151 143 216 73 198 235 110 118 41 172 125 15 206 123 21 30 8 19 182 192 119 229 171 129 232 80 137 59 114 5 178 16 75 27 98 158 133 101 78 187 115 170 74 221 82
200 33 54 68 181 7 14 236 146 72 189 147 26 47 203 29 62 95 136 126 103 230 2 90 151 39 174 104 102 9 183 122 22 211 125 85 93 217 164 24 55 97 87 57 161 175 226 227 121 123 15 162 73 42 84 231 208 135 21 110 206 234 27 137 118 198 235 216 229 172 143 94 153 5 78 171 129 180 192 80 158 99 182 48 218 38 117 207 77 197 19 59 133 6 98 186 18 12 30 111
54 33 200 236 29 189 14 26 103 62 126 72 47 227 230 104 102 147 181 183 68 87 217 7 203 226 123 146 174 2 118 24 234 164 211 90 9 22 151 125 21 95 136 39 42 161 73 94 57 175 121 85 55 93 162 97 5 122 84 182 206 41 216 208 158 172 143 110 135 231 30 178 186 15 12 198 8 171 235 133 16 137 38 27 98 129 48 75 229 19 80 192 82 28 37 6 184 232 210 114
200 54 33 181 29 68 72 236 26 7 146 103 14 189 203 126 62 95 2 47 9 87 230 147 174 104 39 136 24 211 102 90 22 85 183 164 93 161 226 97 227 175 151 162 42 217 73 125 55 231 84 122 135 208 118 110 121 123 234 41 94 30 57 21 235 15 8 172 16 216 77 143 182 5 229 206 98 4 6 178 158 115 171 37 129 221 109 38 198 137 120 225 32 186 59 184 214 192 82 13
7 146 181 9 97 85 68 93 200 174 2 231 175 136 161 135 22 164 90 122 84 208 55 33 216 226 162 235 95 24 39 203 94 121 54 234 72 143 103 230 227 198 211 26 189 29 236 47 14 126 62 183 147 57 15 217 42 104 59 87 123 102 73 125 78 110 118 170 41 21 229 151 206 19 30 40 8 61 197 172 77 182 192 137 119 5 158 38 129 171 232 114 178 149 80 27 101 75 99 186
200 33 54 181 68 72 7 146 26 29 236 189 9 203 174 2 103 14 230 126 183 85 95 97 24 22 39 93 136 90 161 164 62 47 175 87 84 42 55 135 226 231 147 122 227 102 162 57 125 208 73 216 234 104 94 211 217 110 15 121 235 151 118 229 198 123 38 206 158 143 19 172 129 171 21 232 41 186 75 137 119 101 192 27 182 170 23 114 80 105 99 59 30 187 74 82 77 8 215 5
130 150 195 41 8 138 115 37 30 109 113 221 4 188 16 225 98 173 148 44 6 166 144 184 172 149 178 81 108 28 154 237 32 13 59 61 169 228 79 77 40 211 3 198 11 141 117 191 207 233 116 87 19 219 78 182 96 72 58 121 66 126 73 102 185 5 197 43 55 48 124 51 52 190 123 53 129 88 122 230 76 146 222 196 151 21 192 22 60 204 133 94 12 181 7 175 160 83 200 104
130 150 195 138 115 37 109 41 8 148 113 30 188 225 221 4 144 98 173 6 44 16 166 149 184 81 108 178 169 172 79 28 32 237 207 154 77 117 13 59 185 228 61 76 11 141 3 78 66 121 211 233 19 51 40 58 191 198 48 219 190 87 72 160 43 73 5 126 53 182 96 52 88 197 83 116 196 124 55 151 21 122 194 199 128 212 175 12 213 222 142 92 205 176 208 204 120 230 224 94
86 153 145 218 180 194 111 100 63 163 155 152 18 165 35 190 214 49 66 10 132 156 70 112 220 53 176 179 31 167 120 34 223 131 224 128 52 45 79 137 88 43 139 48 185 27 196 134 80 1 205 71 51 117 207 199 151 28 20 64 76 169 213 13 202 184 125 36 65 212 15 157 19 89 142 25 67 50 209 60 168 170 159 193 126 154 201 197 210 166 96 233 56 11 17 107 138 206 204 106
86 153 111 145 218 163 194 100 120 70 31 214 131 35 180 112 45 179 66 132 220 223 167 139 79 155 156 224 176 34 63 10 88 49 43 20 205 1 53 117 190 71 51 52 165 196 185 152 134 207 11 48 128 78 169 151 199 57 28 18 77 96 124 15 166 138 184 172 76 125 13 198 116 67 229 110 154 73 121 183 208 27 21 60 99 64 19 36 149 137 17 59 91 213 212 170 235 80 150 42
130 115 37 4 113 109 221 225 44 188 6 138 195 150 98 79 16 148 30 8 184 166 28 41 66 77 207 117 169 149 172 11 178 52 190 53 13 194 88 86 185 43 144 48 153 51 120 100 154 173 131 176 111 116 76 35 81 179 180 112 70 155 151 124 87 19 45 214 218 145 128 220 132 126 1 96 211 163 196 32 31 139 237 223 160 108 212 121 3 165 73 224 63 199 89 83 34 156 59 205
185 76 51 169 207 117 173 184 59 191 197 61 150 40 28 1 78 205 182 138 58 141 228 198 121 130 3 55 21 195 233 25 214 219 19 73 216 69 122 212 17 102 95 57 65 204 181 222 36 202 166 5 39 41 160 115 8 66 67 22 157 68 45 192 179 93 206 9 137 83 154 194 159 176 60 168 224 90 104 136 123 118 97 146 127 100 46 120 164 31 111 167 125 7 52 70 208 156 128 33
130 138 150 185 76 51 173 195 207 169 184 117 191 61 28 59 197 40 144 115 78 225 113 58 141 198 228 3 41 16 188 182 222 149 8 109 205 108 6 154 37 148 1 30 221 81 233 121 219 160 98 166 44 5 4 32 224 237 212 204 60 83 73 25 142 179 79 214 55 194 178 69 159 156 168 21 66 213 77 52 167 122 172 126 19 88 13 70 53 192 65 202 92 99 120 176 46 50 216 157
185 76 51 173 191 169 197 61 207 40 150 59 130 117 195 182 138 58 184 28 78 141 228 3 212 222 198 205 219 202 159 25 121 65 233 168 36 142 160 69 1 204 157 213 154 83 115 60 149 46 21 127 5 67 55 144 109 225 92 64 16 8 224 73 98 99 50 17 214 216 156 122 41 166 179 30 108 120 221 81 32 194 19 237 167 104 113 97 188 123 128 93 66 181 20 206 126 6 102 68
91 119 74 23 105 101 232 75 215 114 186 158 38 124 96 116 86 172 111 131 45 223 153 163 214 155 145 120 11 34 88 31 176 112 179 216 218 100 20 70 194 190 35 57 165 185 180 27 128 48 52 66 151 152 50 43 90 6 156 117 110 137 60 10 220 102 87 154 167 189 226 126 49 4 25 207 139 19 18 113 188 227 63 53 36 71 221 198 211 127 98 89 92 51 39 99 224 229 174 76
130 37 115 109 195 8 113 4 221 188 150 44 16 30 225 98 6 41 148 138 166 178 173 184 149 172 28 77 144 81 79 11 13 108 87 169 32 211 237 207 66 154 116 72 52 151 19 126 117 53 59 88 48 73 228 43 198 190 124 3 61 40 96 95 102 121 196 22 146 110 191 7 185 182 62 104 181 51 24 175 5 219 174 76 183 78 141 14 42 179 39 26 90 120 233 203 58 176 200 230
130 150 195 138 37 115 109 225 98 8 16 4 41 148 173 113 30 221 6 188 166 184 169 44 207 28 144 117 178 149 185 76 51 172 79 81 108 228 154 59 32 191 3 13 121 77 66 237 72 141 61 87 78 48 52 198 11 58 190 40 53 197 182 19 233 116 160 211 1 219 128 126 88 151 73 43 205 194 83 224 21 5 12 122 212 120 124 14 222 92 96 204 60 179 123 146 175 84 102 55
153 86 180 218 145 165 194 63 18 152 10 100 27 49 137 132 66 163 112 34 220 179 80 35 155 167 111 214 156 53 88 70 224 79 223 139 131 120 52 134 196 176 190 31 45 43 20 199 71 192 1 187 205 206 48 133 170 28 12 210 185 128 19 60 89 117 184 237 51 207 171 148 81 166 113 96 11 169 76 116 82 124 6 138 172 32 13 151 44 108 25 69 213 50 99 64 154 188 83 201
153 86 218 145 180 111 190 63 152 128 194 18 35 165 100 48 163 10 66 132 49 155 112 220 214 80 64 131 179 34 137 70 223 27 120 50 139 79 157 53 31 36 125 52 45 88 176 196 151 1 92 25 213 156 134 69 205 65 20 117 60 167 212 199 204 67 13 43 185 202 17 224 210 127 71 51 160 154 168 159 207 126 83 91 142 46 186 15 116 76 28 227 178 3 99 87 206 197 169 6
86 153 145 218 180 214 111 155 194 70 120 100 163 179 112 31 131 176 66 45 223 88 79 35 34 53 132 190 167 52 49 43 139 10 63 156 165 224 220 152 196 1 185 199 20 18 128 48 205 117 71 134 27 151 207 77 13 51 28 137 124 169 89 76 184 11 60 154 96 166 116 80 187 113 6 210 213 83 186 201 148 99 160 50 91 138 172 4 193 64 188 74 73 119 44 110 101 209 192 215
221 113 44 6 188 4 37 148 130 225 98 109 115 79 16 138 150 195 166 8 30 178 41 11 66 149 28 77 184 53 207 190 13 52 48 88 169 117 172 144 81 43 87 154 176 151 86 237 108 72 153 194 131 185 96 173 100 116 180 128 32 120 112 211 51 196 124 3 160 19 199 35 76 63 83 1 45 70 89 145 165 179 155 218 34 31 139 228 163 126 73 223 214 132 233 90 205 141 224 121
185 76 51 169 207 117 205 138 191 150 184 173 1 28 59 78 130 61 197 40 195 198 58 179 224 156 121 167 222 141 182 214 120 212 166 160 3 31 228 21 83 213 100 131 70 45 154 19 204 194 25 111 73 36 233 159 163 69 168 65 176 66 149 79 115 71 88 202 219 155 60 41 20 43 157 34 139 223 99 50 208 55 53 216 142 122 112 92 46 35 8 17 5 67 145 30 64 225 102 109
130 138 185 51 76 150 169 207 117 195 184 28 173 191 59 197 115 225 149 78 166 198 61 58 148 141 3 121 98 40 228 109 1 144 16 205 6 79 8 113 188 154 30 182 233 160 41 221 222 4 37 83 81 178 172 108 66 44 212 219 190 53 213 19 52 224 237 5 204 194 122 21 11 88 73 60 43 179 176 156 72 32 167 128 168 142 77 120 13 99 48 70 36 100 69 55 25 202 159 151
86 153 218 111 145 180 194 35 132 165 179 100 155 163 131 112 214 220 70 63 10 139 31 66 49 223 88 176 152 45 120 190 79 34 18 53 167 196 137 156 52 20 1 224 43 27 80 128 205 134 48 185 199 51 117 64 151 60 89 207 213 71 76 36 206 65 192 169 50 25 160 83 157 19 69 28 166 209 12 99 170 184 187 212 107 133 210 91 11 204 92 193 237 67 13 96 126 124 125 138
86 153 145 218 180 111 194 100 214 163 155 179 70 176 112 34 31 120 66 10 88 49 132 35 156 63 220 131 45 167 53 223 79 165 224 43 139 52 152 18 1 196 205 190 134 185 199 128 27 71 20 117 213 28 64 51 76 207 137 48 60 89 36 50 157 67 83 25 11 69 80 65 169 184 142 160 159 92 202 166 168 151 212 201 204 154 127 91 193 124 46 99 77 209 96 13 19 116 113 17
86 79 153 66 53 52 180 6 194 190 4 188 28 225 145 44 148 88 113 11 207 98 221 117 130 218 48 138 111 176 100 131 37 115 166 169 155 109 70 184 43 120 185 63 112 214 128 51 35 45 132 16 163 179 77 165 76 150 220 178 223 13 139 31 30 1 172 154 151 149 10 195 8 89 224 34 49 91 196 167 152 156 96 50 124 160 116 18 41 81 199 87 211 67 205 80 20 19 233 72
86 111 214 153 155 70 163 120 45 31 131 100 179 176 145 112 223 194 218 35 88 34 220 10 66 132 43 180 52 139 167 156 49 224 1 79 196 53 205 20 199 185 71 63 134 207 165 190 117 76 51 152 28 169 18 166 128 151 124 11 27 184 77 113 6 89 137 148 101 74 4 91 213 44 48 60 186 50 23 36 25 119 188 64 99 154 105 232 13 221 215 172 96 67 69 83 138 92 116 110
189 26 14 103 230 15 33 54 227 125 104 226 236 123 217 62 147 47 234 118 183 102 29 229 200 126 57 162 90 21 164 110 94 143 175 39 84 22 231 137 208 9 235 27 24 95 97 151 161 85 55 122 93 136 2 48 181 7 153 68 135 5 174 203 121 73 146 198 119 42 87 111 128 211 216 170 114 19 78 215 190 218 75 105 192 59 145 206 80 35 158 74 101 210 186 31 232 163 96 155
152 18 128 63 165 80 190 180 48 153 137 218 27 145 17 13 12 133 125 210 151 154 187 178 192 87 171 206 129 194 82 111 19 86 73 170 3 98 222 228 141 20 49 60 66 179 34 102 16 112 126 35 233 225 223 53 100 219 118 50 214 237 163 58 189 201 176 31 10 56 32 155 89 6 117 106 1 147 215 88 156 70 28 81 91 140 21 45 167 209 114 123 5 51 131 107 186 4 64 132
152 18 63 165 80 180 27 153 137 218 210 128 12 190 133 145 48 206 192 187 171 17 129 154 151 82 125 178 87 13 19 194 170 60 111 20 86 228 98 49 34 66 53 237 222 16 3 126 100 10 73 81 179 141 219 118 201 28 56 112 58 35 214 189 89 106 225 163 155 233 32 52 176 102 88 223 140 6 147 117 31 209 184 177 107 50 21 193 123 1 114 54 131 70 191 207 182 108 132 115
