87 151 178 102 48 126 13 190 128 125 42 154 17 149 41 73 30 37 16 8 98 172 225 104 96 12 110 123 3 211 183 230 122 116 147 182 21 4 228 95 109 197 188 221 6 141 166 15 39 217 184 115 77 124 219 28 195 203 58 5 174 29 62 222 130 14 53 236 173 233 81 164 150 138 44 226 198 144 136 47 57 43 191 32 103 207 113 79 24 72 234 208 153 22 54 88 55 52 90 169
17 228 3 154 219 141 58 233 73 21 182 125 5 123 104 222 191 197 128 151 178 87 16 40 190 217 48 147 59 78 61 13 173 225 109 150 98 198 126 195 102 130 138 184 28 122 149 37 30 221 8 41 4 121 172 115 169 42 117 62 6 188 207 96 12 44 14 116 211 95 166 113 124 208 118 53 43 55 79 32 108 175 236 29 144 81 47 160 83 213 52 77 39 593 88 103 136 135 15 203
183 42 110 229 111 230 57 15 153 77 104 216 73 217 149 125 151 62 147 102 123 126 21 96 14 118 172 178 122 5 58 54 124 182 116 78 198 154 223 86 236 87 197 128 59 3 121 625 190 191 17 234 103 609 155 208 47 43 8 45 35 95 505 175 636 30 284 638 635 222 658 24 607 141 163 529 211 16 666 228 29 226 227 578 13 2 574 176 240 587 41 88 31 231 233 660 672 591 109 585
42 183 230 110 229 15 57 153 111 126 102 77 14 151 62 87 103 147 29 236 217 47 104 149 54 178 125 123 73 118 72 189 26 96 234 137 172 122 164 200 216 33 95 226 48 12 211 21 41 24 13 30 227 203 143 90 116 9 39 208 84 128 8 7 16 175 2 231 22 136 190 124 94 154 170 121 135 5 97 182 58 235 55 174 146 225 115 161 85 607 3 43 198 79 68 221 636 197 625 37
111 229 110 183 15 42 153 77 230 57 149 96 227 90 7 102 122 226 172 192 234 136 95 124 126 27 189 137 2 103 203 14 78 24 146 162 235 75 116 147 22 9 217 84 26 164 68 29 609 170 125 208 181 43 39 33 607 101 161 74 175 143 231 119 85 54 97 21 123 155 197 121 62 151 216 232 135 47 104 657 72 585 236 93 635 118 211 301 446 198 105 174 87 359 41 636 284 178 186 8
77 110 11 149 13 154 42 96 178 190 115 48 116 109 111 229 128 151 108 125 44 221 30 8 130 172 4 222 225 37 188 16 32 41 148 17 124 183 211 79 6 98 88 593 542 438 344 81 144 237 104 261 113 43 583 521 73 138 536 386 553 436 278 86 53 153 87 166 195 257 518 491 470 392 15 507 469 78 537 421 580 446 169 454 184 554 304 511 126 254 260 442 123 531 462 465 398 565 399 301
77 42 110 149 229 111 96 11 116 183 15 172 124 153 8 30 130 211 41 109 178 13 203 115 57 126 95 37 138 151 230 225 195 446 44 261 39 78 386 190 48 108 221 344 593 436 98 154 16 81 531 518 359 542 301 237 4 470 565 583 32 104 657 672 554 524 572 174 150 88 166 580 128 603 102 521 144 173 304 279 567 553 79 409 477 188 43 385 184 492 278 404 332 459 125 254 6 123 284 53
110 77 229 111 42 183 149 15 96 57 116 172 153 230 95 178 203 124 211 151 11 78 8 125 30 39 41 174 130 198 73 217 208 104 126 657 446 122 21 128 672 123 301 102 593 609 59 359 585 261 386 147 524 74 13 190 24 344 635 121 22 7 436 175 138 48 154 87 234 542 572 531 554 284 136 583 404 84 227 607 518 470 195 638 2 603 43 578 26 40 221 279 385 231 109 565 189 368 225 44
110 229 111 183 42 77 15 149 96 57 153 230 203 95 172 116 124 78 21 208 125 39 122 198 123 217 231 126 74 446 59 301 178 24 22 104 189 7 84 175 151 211 147 359 609 585 11 174 102 26 136 234 73 130 90 672 227 235 524 55 135 121 492 146 2 41 8 97 578 93 542 386 43 520 164 554 197 303 40 404 284 30 58 436 33 118 254 128 182 226 572 344 154 657 9 518 549 261 368 567
110 229 111 183 42 77 15 149 57 230 153 96 172 227 90 7 203 116 234 124 226 609 217 189 164 95 78 122 84 24 26 175 103 208 22 607 14 125 136 2 231 635 21 146 33 657 9 585 147 104 39 446 93 235 161 301 123 162 43 97 198 121 62 170 143 135 85 68 359 55 591 41 197 29 181 211 137 8 102 126 73 59 94 174 75 578 672 74 368 47 54 151 284 603 178 542 638 554 636 386
192 137 206 47 29 103 15 72 62 14 236 143 593 9 170 161 84 147 135 217 85 93 162 146 231 230 97 235 33 26 227 189 105 94 122 54 226 153 234 104 27 175 208 68 7 136 126 607 158 90 164 42 38 200 101 181 118 55 121 78 603 123 632 198 182 183 211 41 95 660 636 2 172 591 80 657 39 75 57 658 174 108 22 595 119 638 59 203 665 635 102 21 43 197 609 74 672 186 133 138
137 192 72 206 15 29 47 103 62 14 236 147 230 158 26 153 217 189 170 54 33 27 126 200 104 38 118 143 9 105 162 102 227 123 84 161 90 146 226 235 186 133 75 122 85 7 234 135 101 68 658 94 638 181 136 665 2 660 74 97 93 231 625 95 183 119 636 607 87 593 609 591 635 164 39 232 672 12 203 657 182 603 632 24 80 175 172 614 22 57 42 151 23 215 211 620 628 208 125 174
137 192 72 206 15 47 62 103 14 29 27 153 236 158 147 170 126 133 230 54 658 217 638 237 26 38 665 200 591 104 12 189 614 123 660 80 118 593 186 635 636 75 81 607 102 609 74 106 143 632 209 603 108 105 620 672 33 599 628 19 96 211 595 215 201 625 227 122 172 111 95 140 87 107 210 221 657 162 101 592 151 68 647 119 136 232 234 4 178 394 9 610 197 146 90 182 78 7 125 5
137 192 72 206 15 47 103 29 62 14 236 147 27 153 230 217 54 158 126 26 170 189 118 200 104 33 38 123 102 143 133 658 638 186 665 660 227 105 75 593 636 74 162 122 234 591 12 9 672 237 90 226 614 95 87 607 7 84 2 609 635 101 119 235 183 146 632 135 80 215 161 625 181 68 94 136 628 81 599 620 39 232 211 603 595 175 182 151 108 5 221 106 97 57 657 85 209 172 24 114
192 137 206 47 29 15 103 62 72 14 593 236 9 143 135 170 84 161 146 147 217 231 85 93 97 162 607 235 33 126 153 104 122 27 208 227 26 175 230 172 105 54 226 78 7 603 68 200 189 136 211 41 632 42 94 660 198 121 638 95 164 234 657 636 123 181 55 635 658 138 43 101 158 39 203 182 591 672 90 665 30 59 609 8 108 595 118 174 673 21 80 38 81 184 96 195 2 113 221 183
192 137 29 206 15 47 103 72 62 14 236 9 593 135 161 84 143 85 170 97 231 162 147 93 217 146 235 230 33 227 208 26 94 122 153 226 105 189 54 175 7 104 136 164 68 234 42 200 607 27 90 126 101 181 123 121 78 198 95 55 41 182 211 172 183 39 158 603 203 174 2 22 118 38 660 43 59 636 21 657 119 57 632 638 591 635 75 609 658 8 102 138 30 80 197 184 672 24 74 665
192 137 206 15 29 72 103 47 14 62 236 9 170 143 147 84 161 85 135 153 162 146 217 27 235 231 93 97 230 7 593 26 94 33 189 105 90 122 54 227 68 226 136 126 104 181 208 158 234 175 164 118 607 38 101 123 78 95 200 2 183 203 121 39 22 174 603 133 182 632 119 75 74 21 42 658 55 102 211 657 198 24 186 57 636 80 635 172 665 609 41 591 660 197 638 87 595 43 59 12
115 108 11 77 81 109 237 32 79 148 144 98 225 16 96 221 116 188 37 172 4 149 138 44 113 6 130 12 41 593 166 124 184 173 195 28 150 8 632 53 30 88 66 43 675 169 642 594 608 637 640 42 657 607 178 52 601 207 663 3 649 600 671 622 612 603 19 78 653 61 477 60 639 551 651 206 311 470 605 133 494 13 595 572 110 154 261 211 652 633 72 141 137 89 567 359 170 228 461 275
86 145 194 218 153 155 66 100 10 63 112 179 131 35 223 70 111 163 31 53 220 120 88 52 180 132 34 176 43 152 45 113 49 80 214 165 79 96 117 184 172 28 221 44 190 188 124 207 15 57 398 71 116 169 167 6 196 593 156 18 575 675 199 607 139 594 216 666 11 582 645 149 27 508 300 480 138 60 98 77 311 471 1 89 502 101 275 426 585 4 439 224 416 484 166 110 225 455 297 272
192 137 15 47 29 103 206 14 72 62 236 593 9 153 217 147 230 135 84 170 26 33 231 227 143 607 146 162 126 161 122 93 42 189 54 97 78 208 85 200 104 660 638 105 175 172 234 158 95 136 123 211 235 203 101 591 658 121 635 41 7 68 226 182 609 27 657 672 665 603 632 198 94 39 164 21 43 636 595 183 74 124 119 110 90 138 38 149 673 75 8 181 55 30 221 125 96 57 59 174
86 74 257 75 91 502 342 578 416 119 273 396 297 232 114 535 23 153 480 272 585 345 451 124 575 215 372 193 194 284 582 619 513 101 675 145 266 443 300 509 645 254 356 483 258 426 350 398 156 593 354 546 240 155 64 218 617 663 366 467 595 440 476 415 499 648 447 331 423 111 201 394 308 250 223 96 246 377 482 649 403 337 309 656 548 466 558 650 269 209 501 405 389 221 545 89 454 105 352 71
137 192 72 29 103 47 62 206 14 15 236 147 217 27 230 170 104 54 126 118 26 153 158 200 189 33 227 143 226 123 234 102 2 94 75 164 186 105 84 95 38 24 90 39 22 9 146 122 203 7 87 235 136 175 74 68 181 607 135 101 162 161 57 133 636 657 660 231 174 85 80 232 183 638 182 211 78 208 114 119 609 21 635 121 151 97 658 603 593 93 172 210 41 215 665 625 125 197 394 23
137 72 192 29 103 47 206 14 62 15 236 147 217 27 230 170 153 126 158 54 118 104 26 189 227 200 143 123 2 102 75 33 38 234 186 226 94 74 105 95 24 39 235 203 164 87 84 133 22 90 122 80 101 232 7 68 136 146 162 174 211 161 181 175 625 57 9 135 215 182 607 78 119 114 609 85 178 237 660 658 183 638 665 592 657 636 647 12 21 125 23 151 5 231 96 603 197 656 650 172
192 137 29 103 47 62 14 15 206 72 236 230 217 54 147 104 170 33 27 189 26 143 126 9 200 226 227 161 234 94 84 146 118 158 153 90 122 85 164 607 93 2 231 123 97 57 136 135 162 68 183 105 95 203 235 7 175 102 181 208 24 22 38 42 657 660 121 186 39 593 75 609 211 87 78 636 172 55 603 635 101 110 638 198 43 182 80 125 96 41 21 133 591 23 665 8 108 658 394 197
77 115 11 108 109 81 149 96 79 225 221 237 32 172 4 116 98 44 148 124 188 16 37 6 113 41 138 144 130 593 8 195 30 42 173 184 150 28 607 169 178 166 600 88 53 608 622 651 632 110 13 605 671 207 637 601 43 642 594 653 657 640 612 603 652 211 639 78 12 648 595 670 643 631 673 154 675 627 638 60 591 3 618 658 633 52 596 649 623 663 635 589 20 99 104 261 117 588 575 587
77 115 11 108 109 81 79 96 149 237 221 148 225 172 32 4 44 116 98 16 188 6 113 138 124 37 144 130 593 88 41 110 42 30 8 178 169 184 13 607 12 53 195 28 43 166 600 173 78 603 657 154 632 150 638 190 60 211 594 104 591 20 658 3 207 595 651 642 48 635 671 609 608 675 622 637 151 652 605 601 640 86 648 665 322 620 320 587 128 21 627 52 261 228 612 567 117 518 182 153
86 145 218 194 153 152 180 63 18 111 165 80 220 10 112 15 163 66 155 100 179 654 120 70 214 31 35 132 27 644 49 656 139 193 52 593 156 621 595 594 99 131 45 223 108 598 201 1 176 592 57 170 650 64 89 53 43 137 647 34 626 60 113 192 624 76 213 224 171 67 140 160 668 78 167 172 229 88 79 632 83 275 20 117 210 205 209 28 666 675 51 237 107 615 188 190 159 106 578 461
86 91 257 342 74 153 23 578 75 585 535 451 284 480 356 297 396 502 215 443 240 194 416 232 372 250 273 266 111 398 582 645 114 145 218 300 403 331 447 345 575 193 254 272 308 593 246 155 101 119 124 426 350 675 96 476 513 509 352 156 483 546 564 366 466 454 548 238 201 337 354 377 467 258 499 440 209 43 413 423 595 60 558 545 223 176 268 656 542 276 287 310 394 457 99 663 455 335 574 158
137 72 192 206 29 103 47 15 62 14 236 147 27 217 153 230 170 104 158 126 54 118 26 200 227 189 38 2 123 143 226 33 186 234 75 102 94 95 105 164 24 122 181 90 68 175 146 136 7 84 9 22 133 135 235 39 174 87 74 211 57 162 161 203 80 183 101 232 607 636 625 85 231 78 208 151 609 97 182 593 93 178 114 635 215 23 121 658 197 657 119 237 125 638 41 108 221 96 12 660
192 137 72 47 15 14 62 206 103 29 593 236 217 158 609 147 170 230 104 143 657 105 636 632 74 38 603 591 635 108 54 227 96 620 153 607 75 638 660 27 211 78 234 172 42 186 110 672 658 665 122 226 118 146 625 595 32 630 614 666 124 101 203 81 200 84 41 9 26 80 95 136 235 33 162 123 628 68 161 126 94 189 590 99 164 115 183 232 8 135 19 359 57 175 599 149 116 39 237 21
77 115 108 11 81 109 149 32 225 237 221 148 98 79 96 172 4 188 144 44 6 138 116 113 37 16 41 130 195 124 173 150 8 30 42 184 28 593 166 53 178 607 169 88 207 13 12 671 43 603 622 78 608 110 600 632 211 657 651 52 642 637 154 640 652 605 601 653 117 594 675 612 639 48 104 595 3 126 648 631 59 198 627 643 649 638 663 670 658 591 87 61 190 635 633 208 182 515 623 673
77 11 115 108 109 81 79 149 221 237 96 32 44 148 225 172 188 6 4 37 116 138 42 113 88 144 41 593 30 130 98 53 16 43 607 166 8 110 13 184 124 178 12 28 169 52 657 603 211 126 190 600 207 78 150 195 176 609 48 104 173 651 635 154 151 636 638 153 671 591 640 627 86 123 117 622 652 66 637 87 642 208 567 216 508 632 587 608 620 673 658 601 71 21 182 322 623 15 648 675
86 145 218 194 153 63 152 111 155 180 112 10 18 220 100 35 179 66 163 70 80 165 31 223 131 132 120 45 52 15 193 49 53 43 214 34 99 64 27 176 216 139 156 593 582 213 96 594 201 88 113 57 124 89 172 117 71 675 60 184 595 300 28 654 250 666 20 311 1 578 398 190 79 656 221 78 160 67 585 229 74 329 502 455 471 480 575 373 461 83 564 167 107 56 645 137 297 484 207 210
77 11 115 593 108 237 96 109 81 221 172 79 44 80 43 110 149 607 116 609 155 124 52 86 176 15 53 153 137 104 673 78 211 88 6 32 113 138 16 62 192 638 666 111 42 4 163 123 225 651 230 591 188 66 635 131 175 130 27 28 71 170 657 47 101 658 120 184 567 183 223 14 30 603 8 95 31 37 35 169 100 41 190 322 600 12 649 446 636 125 208 186 214 126 648 178 580 151 595 227
74 75 86 232 91 215 23 578 114 257 119 585 342 153 451 284 101 480 240 266 443 535 124 38 158 372 254 426 403 105 356 398 250 186 582 297 331 300 273 545 447 96 645 308 509 575 71 513 548 246 337 502 466 43 457 111 108 396 423 350 345 416 542 352 377 238 501 482 593 32 155 439 366 413 574 454 650 564 382 60 609 272 223 440 410 268 78 183 483 499 508 156 389 276 675 558 176 448 193 405
137 72 192 15 206 47 62 103 29 14 236 27 153 230 217 147 158 104 170 118 26 54 126 38 189 200 75 123 143 74 186 237 625 122 227 658 665 105 33 215 591 80 638 133 234 232 23 101 108 68 90 136 96 609 607 211 635 183 614 146 81 226 660 636 95 162 87 603 2 119 593 102 57 197 9 32 161 111 12 632 221 7 114 125 99 178 172 110 94 24 5 182 620 628 84 235 164 135 78 595
192 137 29 47 62 103 15 14 72 206 236 230 217 147 104 54 146 33 26 9 189 143 593 161 226 200 234 90 84 227 68 153 85 164 7 122 94 183 135 607 162 2 231 181 136 97 93 126 27 123 235 95 118 170 175 158 211 203 24 42 39 208 22 105 110 603 78 198 38 172 636 121 55 632 151 174 638 660 41 57 591 182 657 125 87 595 658 101 75 635 43 5 197 8 620 80 21 229 186 96
192 137 47 29 103 62 206 72 15 14 9 236 85 161 143 93 97 230 33 146 84 135 593 162 231 26 170 27 217 235 189 122 104 208 153 607 68 200 7 147 54 227 126 164 226 136 94 90 181 175 234 55 42 95 105 198 183 211 78 172 41 123 121 158 2 22 603 80 39 203 118 101 636 57 59 43 38 660 632 182 138 635 108 184 638 8 110 32 591 96 30 180 24 188 81 174 595 197 658 657
192 137 72 29 62 47 103 15 14 206 236 9 230 146 593 93 161 104 33 135 97 143 231 84 85 217 189 147 226 90 607 200 26 208 7 164 54 126 227 181 68 162 122 235 175 234 94 183 153 55 136 198 27 2 170 123 42 211 95 121 632 603 22 105 172 638 78 39 660 595 203 59 41 221 591 57 108 101 158 118 636 174 8 24 657 113 110 620 635 81 658 184 182 28 43 32 119 96 38 188
137 192 72 206 15 47 103 62 14 29 236 230 153 27 147 217 54 158 104 26 118 126 189 200 33 170 38 123 143 186 234 122 227 183 105 74 625 75 90 102 9 226 146 593 161 68 94 80 95 2 162 638 151 96 607 658 125 84 101 211 7 24 164 136 133 237 111 609 215 110 85 232 57 591 636 87 665 203 39 172 221 660 235 135 42 181 5 197 175 614 81 603 635 178 23 97 231 119 632 22
115 108 77 81 11 237 32 109 144 148 98 149 79 221 225 188 4 116 113 37 96 44 6 41 172 16 195 130 8 150 173 138 30 124 593 42 166 184 12 28 211 43 53 169 78 88 178 607 671 207 52 632 13 657 59 675 110 198 642 652 608 637 603 126 622 640 208 121 651 601 72 594 605 663 612 117 600 649 638 639 154 48 66 653 61 104 670 623 648 95 174 627 633 590 620 190 591 587 631 71
115 77 108 11 109 81 32 144 225 148 237 221 98 44 79 188 130 138 149 195 6 113 173 150 4 16 37 184 172 96 28 41 8 116 30 169 207 78 59 593 61 166 198 40 117 42 124 178 88 52 43 154 121 53 58 208 13 211 21 182 3 141 622 600 104 607 651 12 190 55 110 123 185 608 92 5 642 191 632 66 219 48 217 652 228 197 233 671 637 135 73 640 627 601 72 675 639 128 594 631
86 145 194 218 153 63 180 155 179 31 70 66 100 80 152 35 111 112 163 220 223 10 120 131 165 18 593 45 214 595 52 675 113 53 132 594 15 663 156 43 193 643 176 575 632 396 34 502 416 88 216 188 398 96 99 221 297 582 272 645 76 79 210 139 60 201 607 273 546 57 185 172 49 27 258 308 656 345 673 654 266 28 250 269 300 373 585 137 89 117 124 610 471 101 566 78 437 6 167 455
11 115 77 79 108 113 221 188 44 6 81 52 225 98 53 109 4 138 148 88 237 43 28 172 96 116 166 16 37 184 66 149 207 32 593 124 117 196 130 169 176 41 34 179 42 194 100 31 155 150 144 70 607 110 220 131 173 190 48 180 195 594 651 78 10 120 76 631 112 675 86 214 663 666 45 8 642 163 673 185 600 633 632 608 35 223 595 30 178 640 637 198 218 649 629 59 145 13 605 80
593 77 78 115 58 182 21 121 208 123 104 198 40 59 109 197 5 191 130 217 169 138 651 61 108 638 141 222 184 43 192 609 600 135 149 185 175 172 607 150 231 648 233 207 211 147 635 153 173 95 219 3 605 657 96 92 603 117 122 42 156 673 228 195 155 125 14 620 216 142 86 15 631 159 154 28 637 124 32 601 636 591 64 622 658 178 212 11 73 595 84 62 213 99 612 67 623 8 642 41
593 197 78 191 217 104 153 222 14 58 122 172 121 62 123 15 99 96 147 21 43 125 128 115 92 77 59 184 175 182 67 159 198 110 111 130 3 141 192 138 109 211 40 61 83 95 137 228 154 25 169 150 212 127 160 108 5 204 178 170 117 142 31 51 60 17 57 47 42 230 168 233 156 206 213 163 69 28 185 219 625 607 46 136 36 609 208 216 80 27 103 135 657 203 124 72 45 658 229 202
593 78 197 191 40 61 59 198 58 222 104 182 121 150 130 173 108 195 123 21 159 217 122 208 141 109 115 228 175 5 135 219 138 192 168 137 3 231 147 14 211 184 233 95 632 172 25 607 28 185 595 84 92 99 136 125 212 55 93 204 178 62 51 15 117 142 169 67 207 127 154 43 60 69 657 36 68 673 203 97 96 206 72 149 32 153 46 73 83 213 76 8 146 77 39 65 64 638 603 202
153 137 75 15 192 74 158 23 232 230 38 215 483 467 86 186 99 578 91 114 124 582 356 104 105 119 101 240 14 273 27 71 64 394 147 60 206 258 217 213 557 403 266 96 193 358 352 451 257 350 423 47 297 335 72 509 201 413 299 619 111 342 83 535 324 473 341 480 62 209 106 666 398 466 443 43 502 236 234 329 390 300 447 585 310 156 89 223 396 140 238 366 593 172 613 382 160 650 183 410
137 192 72 206 15 47 103 29 62 14 236 27 153 230 170 217 147 26 158 126 54 189 118 104 227 33 200 143 38 57 122 75 234 105 123 133 186 183 226 625 74 102 9 80 136 108 95 101 90 665 96 172 607 111 84 94 146 135 68 237 23 235 2 211 162 78 87 215 593 232 7 42 119 161 93 658 97 24 203 125 638 174 178 32 609 231 110 175 197 221 164 19 99 85 12 591 81 660 39 138
192 137 72 29 103 47 62 15 14 206 236 230 33 200 54 26 217 147 189 226 104 9 181 227 170 90 27 126 146 7 143 118 234 2 164 161 122 93 97 57 607 136 135 158 85 68 183 162 55 208 153 84 95 235 211 638 102 231 123 105 198 593 636 22 75 78 101 41 172 42 87 94 635 39 38 658 609 203 24 591 660 175 174 657 96 665 216 8 186 119 121 80 110 99 108 232 59 603 125 182
192 137 29 103 47 62 14 15 72 206 236 230 33 189 147 54 26 217 200 9 170 161 143 226 146 90 104 85 227 118 162 126 84 7 234 68 93 181 136 122 235 135 97 183 94 27 164 158 231 2 123 153 593 105 607 208 95 102 42 22 57 203 24 39 38 175 101 55 87 78 75 182 172 198 211 603 632 125 110 121 197 186 660 191 657 41 21 151 119 174 23 665 60 32 108 636 638 74 80 59
192 137 29 103 72 15 14 62 47 206 236 9 230 161 85 93 146 97 226 33 84 135 162 231 147 90 217 7 189 235 143 136 181 208 122 227 26 68 54 200 164 104 234 183 55 170 2 94 22 198 593 175 42 95 126 27 607 118 153 121 39 105 123 203 78 24 59 57 211 41 101 174 182 102 197 172 21 110 8 87 125 40 151 657 191 158 603 32 632 75 30 43 119 38 195 184 58 61 144 216
137 192 72 206 15 47 29 103 62 14 236 230 147 153 27 217 54 126 26 170 189 158 104 200 118 33 143 227 123 102 234 9 38 226 162 105 122 94 161 90 186 146 84 133 75 87 7 85 235 183 136 68 2 95 135 80 101 625 57 74 181 97 607 164 39 660 203 42 638 151 231 172 12 665 232 24 211 125 182 93 119 636 237 609 96 215 197 658 22 5 593 114 81 175 110 178 672 23 108 603
115 108 109 77 11 81 32 144 98 237 225 221 4 188 16 41 148 195 149 6 113 130 44 150 37 173 79 8 138 96 172 30 184 116 166 28 124 211 593 42 169 53 78 198 59 178 12 43 207 61 52 88 13 121 40 208 632 110 154 607 3 117 675 228 671 126 657 622 642 104 72 608 637 217 652 640 66 638 605 603 58 182 648 600 141 594 601 612 639 95 21 663 651 219 174 48 653 55 87 73
115 108 109 77 11 32 144 81 173 225 98 195 138 148 237 150 130 221 188 44 6 113 149 4 184 16 79 28 61 59 40 78 207 198 172 169 41 37 96 8 121 30 117 58 116 208 166 593 154 182 42 43 52 21 124 141 178 211 3 53 191 55 228 219 197 622 233 88 185 5 175 104 135 76 12 642 13 231 92 73 51 607 217 123 651 72 637 652 600 601 608 66 97 640 639 612 648 93 627 190
86 145 194 218 153 111 63 155 180 179 112 70 163 100 31 66 10 80 35 220 152 223 18 120 15 131 214 52 593 113 165 45 132 156 53 117 34 176 185 76 43 88 172 28 184 79 575 96 594 216 207 398 49 221 595 190 582 188 124 258 51 99 300 250 546 373 169 139 568 273 585 675 193 167 78 350 578 366 396 57 6 389 480 484 210 229 60 471 502 458 645 345 564 654 666 310 569 44 426 198
115 11 77 108 79 113 221 109 188 98 44 6 81 225 4 52 53 138 88 237 28 66 43 32 184 148 172 166 96 16 593 116 149 37 130 207 124 194 179 117 144 176 31 169 34 150 196 70 155 675 41 131 45 42 607 100 663 214 195 173 595 120 76 594 163 78 220 10 218 112 110 190 180 198 632 223 185 145 86 35 59 8 48 121 156 673 151 649 167 575 111 651 208 600 642 128 311 493 153 192
593 78 40 197 198 191 61 135 59 137 211 173 104 150 208 121 123 195 182 122 175 14 130 607 228 217 55 147 109 95 8 108 219 3 231 84 28 58 192 62 172 125 15 93 184 115 222 141 97 185 99 136 638 159 178 30 72 227 5 41 632 21 73 233 657 9 595 47 660 87 138 68 149 16 658 96 39 98 26 225 207 206 168 51 57 54 230 143 153 174 203 83 200 236 117 42 146 169 603 29
593 115 192 78 77 208 43 184 40 121 198 137 153 149 108 21 607 59 135 104 28 109 182 130 123 86 58 207 231 8 211 217 30 117 138 173 15 155 41 147 172 84 175 61 72 150 197 191 95 126 42 125 96 62 195 169 113 5 673 221 55 14 657 31 179 225 44 122 73 156 47 79 638 203 219 188 651 185 32 141 163 39 603 3 97 93 60 178 595 174 228 154 159 632 609 222 230 9 52 142
593 192 137 78 40 197 191 108 59 115 206 130 198 61 104 153 121 72 15 173 208 62 607 182 150 135 122 138 172 14 195 217 123 28 632 21 211 147 47 231 184 159 595 77 84 58 222 5 175 43 109 125 55 168 117 149 93 96 8 60 95 673 207 142 219 30 32 86 97 99 126 178 3 113 657 228 51 638 41 230 221 155 68 73 225 136 103 29 227 42 603 203 236 44 660 141 185 27 116 233
86 75 74 91 232 342 153 23 114 101 119 257 250 215 564 124 254 451 398 297 466 480 578 575 372 396 582 155 585 350 535 356 266 238 300 223 416 331 43 546 502 389 513 542 284 96 240 426 193 273 186 645 483 111 272 246 333 258 345 394 209 548 443 569 335 344 105 358 308 366 545 491 447 406 434 413 403 287 509 638 276 346 268 176 557 38 482 501 71 158 570 320 609 410 499 554 405 377 414 558
137 192 72 15 206 29 47 103 230 14 236 62 153 147 9 189 27 200 33 143 226 90 54 7 234 84 126 26 161 162 227 217 146 164 135 85 183 122 97 181 235 158 136 170 68 94 104 231 93 2 57 38 87 22 105 208 175 95 75 80 24 39 101 607 174 186 211 55 133 123 119 102 114 203 42 172 118 232 111 660 198 182 74 41 638 603 125 394 121 593 151 99 23 621 60 258 110 473 216 273
137 192 206 29 15 47 103 14 72 236 62 147 230 54 200 27 217 68 146 33 122 153 136 26 9 189 84 104 126 181 7 143 162 85 97 161 135 226 158 93 235 227 234 90 170 231 164 118 2 183 95 39 123 175 38 87 211 94 24 102 80 186 22 55 174 203 105 660 197 133 151 75 607 208 57 42 125 593 41 172 129 101 8 30 191 23 111 187 120 171 74 603 182 657 81 43 198 636 110 178
137 192 72 15 29 47 14 103 236 206 62 230 153 147 200 27 126 104 54 33 217 122 146 68 7 9 181 26 136 84 227 164 90 226 143 183 234 189 135 87 158 162 235 175 161 97 186 2 85 123 102 75 211 57 174 105 95 22 39 151 231 38 203 607 93 94 55 24 101 223 41 133 172 80 208 197 74 8 176 170 30 114 232 125 178 216 155 120 42 45 214 198 28 163 119 118 184 31 111 96
137 192 29 103 14 236 47 72 15 62 206 54 147 200 230 217 33 26 9 146 84 161 189 162 181 7 68 122 136 126 85 153 104 226 97 143 90 135 118 235 227 27 164 234 39 231 93 2 95 123 102 22 87 175 183 158 170 94 203 211 24 151 174 55 105 41 42 75 660 186 8 30 208 38 197 182 133 101 607 125 80 110 172 57 21 120 16 178 228 3 343 636 214 5 187 198 121 191 115 43
137 192 15 29 47 103 72 14 206 236 230 62 189 9 146 7 84 26 33 147 161 126 200 153 135 85 143 162 97 54 235 181 68 227 122 93 90 136 231 217 170 183 226 234 164 27 94 158 105 607 175 57 208 2 42 38 174 22 101 95 104 87 119 55 80 102 75 39 211 24 203 123 186 111 593 125 172 198 41 660 118 74 121 216 232 114 133 110 638 151 23 603 182 43 99 8 229 73 78 197
192 137 15 72 206 29 47 103 14 230 62 236 27 153 26 33 189 183 9 170 200 54 147 146 126 7 217 161 84 227 226 122 135 158 85 90 143 607 97 93 234 136 68 181 38 231 162 235 42 111 104 2 164 57 186 80 105 175 660 87 101 102 94 75 55 208 95 125 593 22 123 133 110 638 174 24 172 119 603 591 203 229 23 39 615 211 198 151 74 114 118 658 214 155 197 609 99 665 81 41
115 109 108 81 144 32 225 98 4 11 221 16 77 237 6 113 37 188 44 195 130 173 150 148 41 138 8 184 79 30 149 28 166 172 96 61 59 116 211 40 12 78 169 198 207 124 3 53 52 228 13 121 593 43 117 42 141 126 58 219 178 182 632 72 66 208 104 55 21 660 191 5 638 73 123 607 95 233 62 110 154 88 137 87 217 261 657 39 9 175 174 603 14 675 29 135 164 97 226 665
115 109 98 225 173 195 108 130 144 150 16 221 4 81 6 188 32 138 113 44 11 61 37 184 40 77 28 59 148 237 8 149 30 41 169 207 198 78 79 191 166 3 141 219 228 58 172 121 117 182 593 96 21 55 233 5 208 73 116 197 154 123 178 104 13 12 52 211 43 124 53 222 17 135 97 231 125 93 72 128 175 126 66 87 122 638 185 217 48 42 632 84 9 190 607 92 147 151 76 660
86 145 218 194 153 180 35 111 220 132 100 63 152 155 163 10 18 112 31 80 179 15 66 70 120 595 223 49 214 190 139 165 57 593 594 654 201 156 632 45 17 52 656 128 53 213 43 131 60 79 20 137 666 99 673 176 644 89 67 110 196 598 27 592 106 229 142 378 205 34 28 607 621 104 664 159 64 117 56 125 76 65 113 88 603 643 167 646 210 83 172 617 168 647 19 582 587 202 209 96
86 145 218 194 153 180 31 179 70 163 66 214 120 155 100 35 111 45 112 80 152 10 18 63 223 220 79 15 176 210 131 53 56 43 57 88 132 172 89 96 52 216 99 107 110 201 124 49 139 165 28 184 60 128 20 595 193 106 117 190 27 137 156 34 151 113 167 217 593 632 351 594 229 607 378 19 101 17 67 160 140 343 541 78 116 272 83 483 207 546 76 563 169 250 221 125 473 578 258 91
79 115 221 109 44 113 98 6 225 4 188 11 66 16 28 52 184 86 194 138 53 117 130 145 207 43 108 169 88 77 81 218 37 166 31 150 144 35 32 179 41 173 70 96 124 172 149 195 155 8 116 176 112 34 153 59 45 78 593 163 111 30 198 148 40 237 128 100 120 121 104 190 220 61 3 154 76 223 139 214 151 617 51 156 5 587 48 595 185 196 10 58 132 17 131 21 13 208 141 92
191 197 58 182 40 78 21 141 61 59 222 123 228 198 104 5 217 219 125 147 3 233 121 122 150 73 184 135 175 17 173 138 208 109 55 185 14 154 195 231 128 137 593 216 130 84 117 207 28 172 76 93 51 97 115 16 192 62 99 98 136 178 169 15 236 32 95 108 225 102 151 227 9 153 83 8 221 72 213 67 25 87 60 101 119 96 211 74 75 57 226 124 43 92 234 230 111 159 29 160
115 109 40 61 173 191 195 150 59 225 58 130 98 138 182 197 198 108 16 78 219 141 184 144 21 228 28 207 32 222 221 5 113 233 3 188 117 169 4 6 123 81 154 44 121 8 73 55 208 104 41 37 51 125 172 76 11 30 185 149 237 122 135 97 593 93 148 231 178 77 79 217 96 43 17 175 147 25 84 124 159 92 52 9 192 60 160 168 83 212 72 204 211 137 166 128 53 116 36 66
191 40 61 197 58 182 228 141 222 21 59 219 198 78 5 123 109 233 173 104 73 3 195 150 115 121 16 130 208 217 55 125 147 154 122 135 593 138 184 17 185 175 98 231 93 225 28 159 97 51 76 207 25 8 84 168 117 169 108 92 178 99 212 69 204 221 14 36 67 9 172 213 127 211 83 72 60 4 87 142 160 202 216 136 62 41 128 30 32 65 64 95 149 46 137 234 192 113 157 6
91 23 114 215 74 86 75 232 119 101 186 38 153 158 105 124 345 582 546 273 480 163 412 155 300 223 194 137 426 502 416 209 272 394 320 250 89 483 297 258 257 176 564 43 201 211 356 131 575 358 216 57 457 389 145 396 111 238 350 96 193 15 372 276 558 106 31 451 68 221 398 287 333 509 78 467 254 482 45 413 282 72 198 214 179 569 277 434 151 535 335 360 107 557 56 342 95 513 450 403
115 109 4 225 221 98 16 44 113 81 6 11 188 108 37 144 130 138 32 195 237 77 173 28 184 150 41 166 79 148 149 8 30 172 52 207 116 53 169 96 61 117 12 59 40 124 43 211 78 3 198 66 13 88 42 228 141 593 121 178 126 72 219 58 632 104 5 154 48 182 21 607 191 151 233 660 73 62 87 55 208 95 196 110 123 261 638 133 39 137 29 176 595 128 515 675 190 102 203 591
115 109 98 225 108 144 221 4 6 81 16 188 195 173 32 113 130 150 44 37 138 11 28 184 237 148 77 41 61 40 8 79 149 30 207 59 169 166 172 3 228 117 219 198 141 78 12 58 96 191 182 116 121 52 5 233 124 178 21 55 53 72 593 104 73 43 13 66 208 123 211 154 126 197 42 87 217 128 151 607 17 660 93 97 231 135 122 48 125 92 632 638 9 147 62 175 25 88 29 137
145 86 218 194 180 153 10 112 100 155 66 70 163 35 179 220 31 120 214 223 132 45 63 49 131 34 152 80 139 167 111 79 165 156 89 88 18 52 176 53 43 201 137 27 224 196 193 57 1 654 209 113 106 15 666 117 237 140 221 56 595 171 593 71 96 172 184 621 656 192 76 673 645 28 199 619 107 644 205 594 210 250 394 64 598 207 592 101 455 216 564 44 272 416 471 133 60 502 398 74
86 145 194 218 153 111 35 180 112 155 10 163 132 220 31 179 100 15 66 223 63 139 70 214 152 57 49 80 120 131 43 45 67 25 34 18 69 156 52 595 113 64 656 666 213 165 1 176 654 89 65 190 196 137 74 593 92 79 205 60 159 91 229 157 594 160 50 192 83 221 142 36 216 167 201 88 53 168 99 117 128 76 127 204 27 183 644 23 20 19 28 546 44 632 96 101 592 202 125 224
86 145 194 218 153 155 179 70 223 31 66 35 163 120 100 180 45 112 214 131 111 10 79 220 88 43 250 176 564 57 546 216 132 201 53 80 34 139 60 595 645 49 416 156 272 541 585 502 185 184 96 76 284 297 104 291 257 276 167 193 99 458 15 398 117 394 172 455 83 638 56 448 169 89 287 124 28 63 578 593 575 190 52 300 433 479 269 414 666 137 396 544 373 566 480 207 569 113 523 557
79 113 11 221 44 6 188 66 4 225 115 52 98 28 109 53 194 184 16 88 207 77 117 138 86 43 37 169 145 81 70 31 166 179 218 176 130 112 155 108 172 116 214 120 96 35 34 100 196 124 32 148 76 41 45 144 237 163 173 149 150 195 220 139 51 153 48 190 223 8 180 131 10 111 593 128 59 132 30 13 154 185 61 78 3 151 198 261 89 63 40 178 72 67 228 42 160 92 398 595
191 197 58 182 222 61 40 21 141 59 78 123 198 228 219 150 109 5 173 104 233 185 138 195 3 184 130 73 169 217 115 121 51 122 76 207 125 154 117 147 28 593 208 17 175 135 128 231 156 108 43 225 55 192 179 16 14 216 172 178 60 92 155 8 98 32 31 97 99 84 83 62 25 96 211 190 126 221 95 137 72 93 41 153 212 159 124 81 136 160 37 50 607 144 79 45 204 149 30 213
115 109 225 173 98 138 195 150 16 221 40 61 108 28 130 188 184 144 81 4 207 6 59 182 37 11 32 44 198 169 191 58 78 197 117 113 21 141 149 228 123 77 219 8 172 41 148 79 3 5 237 104 154 233 30 73 96 222 43 166 121 178 208 52 125 124 55 185 53 122 72 593 128 116 76 217 13 17 147 12 51 88 126 87 42 135 190 211 66 607 137 175 97 231 192 151 48 9 638 62
86 145 194 218 153 111 180 35 155 163 179 220 31 10 132 112 66 100 15 223 139 70 214 63 49 45 43 80 120 156 79 57 152 131 595 176 34 656 593 594 190 60 645 137 201 74 167 654 88 1 53 18 216 96 632 27 193 209 644 89 52 205 666 192 113 221 99 19 213 183 609 71 229 76 598 67 650 106 675 165 91 128 607 20 83 592 25 300 78 117 483 230 75 199 28 394 107 546 110 184
86 145 194 218 153 180 100 10 179 163 31 155 35 112 111 70 220 120 214 66 132 223 49 34 45 63 139 152 176 43 80 53 131 88 79 15 167 156 196 205 52 1 18 57 224 76 199 117 190 99 60 185 28 89 193 201 20 184 51 106 209 17 137 128 113 27 165 71 56 656 107 96 83 140 250 666 595 207 213 564 160 138 67 546 593 125 654 216 221 172 134 645 151 183 101 64 110 188 78 582
79 194 145 66 86 218 31 70 179 112 155 100 35 120 53 163 214 52 113 221 6 45 220 44 88 153 188 10 223 43 180 28 98 225 176 4 34 131 132 115 117 109 184 207 139 11 111 169 16 76 49 124 67 172 96 156 196 138 92 185 593 128 15 190 51 166 89 63 160 148 37 50 210 77 108 83 167 116 3 595 130 80 41 546 198 60 81 151 78 17 59 587 228 25 594 56 121 493 104 398
86 145 194 218 153 70 155 179 31 66 163 100 112 111 35 45 223 214 120 131 10 180 79 88 220 43 34 57 176 113 52 53 216 117 139 221 546 76 184 63 132 595 137 28 6 15 185 44 237 207 201 4 49 198 645 188 250 209 72 99 96 398 59 169 60 98 78 257 74 183 124 345 193 156 585 225 593 190 564 416 172 389 25 138 272 152 502 458 266 229 80 426 308 457 51 167 27 575 300 107
15 111 153 110 229 137 192 183 72 42 230 206 57 62 77 14 27 103 47 217 29 104 170 86 236 147 54 189 126 149 96 118 26 19 609 80 125 123 95 122 124 33 158 78 172 136 102 665 591 635 84 200 175 203 155 75 638 24 234 74 446 672 227 133 593 9 146 151 658 215 43 190 197 97 121 21 162 39 666 90 68 492 128 578 5 274 607 116 284 382 216 35 221 101 240 614 599 660 231 2
218 145 194 86 180 66 153 112 179 31 152 35 155 70 19 10 220 163 201 63 100 89 210 79 120 132 18 223 111 214 45 56 106 133 80 148 43 107 171 17 140 52 117 209 193 128 113 165 88 131 228 53 139 49 156 176 160 141 98 34 28 154 92 3 125 190 15 50 83 177 58 219 60 221 104 184 67 593 78 27 275 222 115 345 471 91 207 73 197 595 245 59 432 198 225 169 172 567 6 572
218 145 194 86 180 17 128 153 152 125 19 66 190 112 35 222 154 155 201 179 228 31 10 104 210 3 18 197 141 220 219 73 63 163 100 70 58 89 223 171 191 133 151 233 80 5 217 106 123 21 132 120 182 147 43 111 56 148 140 178 16 214 107 165 117 79 40 98 78 49 209 45 131 60 160 59 83 198 193 52 53 48 156 50 15 92 67 27 176 61 177 245 122 28 139 87 88 172 159 345
246 308 250 276 564 541 535 437 458 455 566 373 523 546 287 268 451 345 502 396 416 297 272 411 269 479 342 448 558 356 493 357 575 291 257 263 562 397 423 285 273 310 398 366 414 578 258 447 283 467 317 457 483 377 350 306 337 295 539 509 331 267 378 326 443 499 302 548 354 454 556 513 415 585 545 487 316 343 482 300 403 255 265 506 579 410 563 238 480 324 491 309 542 462 376 473 371 240 449 526
485 362 481 312 294 419 512 519 381 515 277 424 253 400 516 560 412 488 320 550 503 328 282 522 562 434 450 313 582 532 357 263 479 397 398 358 333 345 347 360 457 288 317 504 330 351 448 364 471 558 484 544 367 321 287 430 468 275 568 300 477 494 378 432 426 551 433 379 480 472 388 261 507 322 586 498 563 474 569 325 561 289 575 376 531 355 533 401 343 571 536 341 292 570 573 593 444 369 389 359
246 308 250 564 276 541 458 437 523 566 455 535 373 546 287 448 268 451 479 411 345 357 342 502 263 297 396 272 558 416 269 562 317 457 397 378 493 398 291 569 238 575 356 257 310 570 300 578 480 366 426 267 283 316 443 539 285 343 331 585 454 447 403 324 505 545 542 306 482 274 318 509 240 583 414 354 431 576 326 273 377 375 506 469 498 303 423 563 525 302 376 511 395 270 320 380 254 421 439 487
246 308 455 250 373 564 276 287 541 268 345 535 546 437 458 558 566 523 451 479 291 342 310 502 269 416 448 272 396 297 357 366 411 283 454 562 447 377 403 306 509 548 337 482 257 356 578 263 398 493 583 440 254 240 520 397 372 421 457 469 443 423 521 331 303 378 255 575 354 505 563 324 422 585 556 487 513 460 317 410 415 300 322 295 499 449 402 302 526 442 429 506 344 278 537 273 480 399 350 559
562 357 479 457 263 397 448 317 398 485 426 300 569 480 512 276 481 312 362 250 570 238 294 564 320 515 345 468 519 400 412 381 560 458 419 282 308 558 582 450 455 253 516 488 550 576 503 378 246 277 251 424 484 328 437 243 568 287 523 351 358 545 573 256 347 438 507 434 261 494 265 536 327 535 439 546 313 579 586 566 532 544 349 275 504 315 432 290 540 451 272 311 593 474 456 288 260 518 376 561
263 357 457 397 562 479 448 317 398 569 570 238 426 300 480 250 276 468 485 564 312 481 512 362 320 378 308 345 246 294 412 458 437 582 282 523 558 450 455 381 566 419 351 515 519 451 535 516 287 546 277 532 400 576 315 560 550 243 434 579 544 488 261 313 536 265 503 438 347 545 424 256 373 411 356 358 251 541 431 327 328 568 439 456 272 260 484 507 343 268 360 518 494 333 504 493 573 433 297 578
381 519 294 400 485 277 481 516 312 362 424 512 515 419 253 488 503 550 320 328 412 347 560 522 532 288 434 313 504 333 282 450 358 321 582 388 430 544 360 367 325 379 338 551 453 408 345 581 494 484 384 355 527 568 334 477 247 533 461 572 305 311 293 292 330 401 567 470 359 558 586 471 364 444 301 432 385 368 446 353 275 538 508 490 409 492 279 498 524 593 243 319 531 289 283 271 613 329 561 540
267 471 364 299 557 460 553 483 467 335 394 248 255 390 336 474 433 573 273 498 258 411 432 275 441 304 473 492 465 491 262 341 524 539 563 507 279 436 318 552 350 368 495 459 446 544 264 493 575 477 274 334 339 554 374 567 359 376 323 352 260 417 584 404 487 363 367 476 489 349 435 470 423 344 500 508 293 393 268 322 545 259 572 365 475 243 287 343 510 521 354 301 286 525 280 326 456 583 245 378
381 294 519 485 400 516 481 512 312 362 277 515 488 503 424 550 419 253 328 320 347 412 504 522 313 532 434 333 560 321 282 544 288 388 453 360 450 582 494 461 325 551 247 527 311 358 533 408 338 484 367 334 345 568 401 384 305 292 581 379 355 558 353 293 329 430 586 538 470 572 359 477 330 575 444 385 593 508 567 301 271 561 471 433 497 409 398 368 490 531 632 540 446 427 432 657 307 448 562 319
267 471 364 299 483 467 390 557 335 474 394 273 258 460 432 433 411 248 336 553 473 498 255 275 492 544 575 350 524 279 567 334 368 367 359 446 573 539 304 341 477 563 376 436 508 491 554 318 441 393 470 572 493 343 507 326 495 533 301 500 552 311 293 459 322 435 349 366 264 395 406 274 409 330 374 352 417 404 284 418 320 510 578 339 345 283 465 385 423 414 403 584 383 356 344 388 528 545 310 305
381 519 400 294 516 485 312 481 512 362 488 503 550 328 277 347 504 515 424 419 253 320 313 522 434 412 532 333 560 282 321 288 453 544 325 401 461 388 408 360 345 494 551 582 247 558 311 484 450 568 384 533 358 329 367 527 334 338 292 379 355 305 353 581 561 430 586 593 293 538 575 470 572 398 271 301 471 477 409 632 359 307 497 385 444 508 448 330 567 241 480 457 562 540 433 426 287 368 585 554
267 471 364 299 467 483 557 390 474 460 335 433 394 273 248 336 258 553 432 411 498 255 473 544 275 492 524 575 304 318 539 563 367 334 491 493 350 279 376 507 393 341 567 573 359 441 368 436 446 343 554 495 477 395 326 435 572 417 274 465 264 459 508 322 533 423 404 552 470 287 366 293 262 500 330 339 584 374 323 356 418 583 310 578 487 352 414 284 261 406 383 283 349 345 344 268 431 403 576 545
381 519 516 400 294 485 481 312 512 362 488 503 550 328 277 347 515 504 424 419 253 320 522 532 434 313 412 333 560 282 288 388 582 461 321 544 325 408 358 345 453 401 494 551 247 450 568 484 558 311 360 355 533 527 334 329 379 367 338 384 292 353 305 581 561 430 293 301 538 497 471 586 572 470 359 271 351 241 508 307 477 593 409 575 567 398 330 629 368 671 613 427 632 385 444 536 585 657 562 490
267 471 364 299 483 433 467 336 460 474 557 432 273 335 258 544 367 394 334 498 411 492 575 248 553 390 350 255 533 491 524 318 275 473 567 304 359 279 539 573 366 493 283 343 436 446 554 508 417 441 507 310 395 572 403 326 376 320 406 368 563 341 274 287 404 418 393 345 264 435 477 306 459 284 349 578 383 495 500 478 509 470 385 469 293 339 574 356 466 546 305 586 322 423 311 465 243 584 558 414
519 381 400 516 294 485 481 312 512 488 362 503 550 328 277 347 424 515 419 504 253 320 412 434 532 522 560 313 333 282 288 461 582 494 358 325 311 345 450 321 551 558 388 401 408 453 484 360 568 329 247 544 367 430 379 471 355 561 533 477 368 292 338 572 527 384 305 536 351 586 593 334 364 307 330 353 241 293 470 289 301 432 359 567 538 562 427 271 409 497 398 581 300 446 480 275 385 613 531 508
267 471 364 467 483 299 336 411 433 474 557 248 273 258 460 255 335 498 394 553 390 304 432 491 441 544 575 334 367 473 493 318 343 350 279 393 264 417 539 492 323 507 524 459 359 436 465 275 376 404 567 533 262 495 281 395 573 326 584 435 341 330 477 274 469 500 286 446 554 563 414 583 546 366 309 470 284 418 303 387 508 423 383 356 475 320 368 293 513 407 572 322 287 466 478 406 283 260 456 510
267 471 364 467 483 299 411 557 433 336 390 273 474 335 258 553 248 460 498 432 255 441 318 491 544 394 473 304 436 492 334 367 575 350 417 274 264 493 524 275 567 359 507 414 554 533 343 539 446 279 459 376 406 508 431 326 393 563 404 573 469 320 366 477 572 583 465 495 341 303 242 283 284 513 509 287 470 395 418 243 356 344 576 423 435 456 262 578 521 352 322 478 309 383 574 500 466 392 346 339
267 471 460 553 364 433 255 573 336 318 467 544 483 274 441 498 474 557 248 299 367 432 273 411 335 304 390 334 394 507 436 275 264 402 575 492 258 491 350 473 493 431 417 366 554 287 339 291 533 343 455 268 359 524 539 310 283 406 393 403 297 567 508 446 502 374 574 558 465 284 480 477 576 306 414 345 375 572 352 454 395 578 356 521 344 300 326 509 495 459 476 378 322 487 520 354 242 383 563 373
267 471 553 460 255 441 364 304 264 573 436 339 491 554 417 544 274 474 318 242 406 432 273 433 557 498 275 374 291 492 299 483 575 336 394 346 248 334 507 344 467 366 287 252 284 359 513 350 258 487 343 335 521 283 254 465 574 524 480 509 389 268 473 476 502 390 493 508 455 567 585 466 354 322 402 367 546 539 578 300 372 345 403 446 297 563 411 375 399 572 454 296 262 272 378 243 583 562 459 475
306 283 366 486 310 506 361 302 403 324 505 240 337 447 291 377 482 509 548 331 578 427 343 469 443 493 585 583 303 520 454 450 284 376 352 421 529 574 411 575 356 267 433 478 383 563 336 423 418 254 498 318 544 495 334 326 367 414 297 238 364 502 320 533 555 432 538 471 272 396 539 576 248 416 480 569 542 349 435 274 273 439 322 579 398 413 501 545 393 341 426 408 395 258 359 582 497 300 330 350
306 310 283 366 403 509 377 447 482 506 486 302 343 548 505 337 324 240 361 578 331 291 364 471 493 248 427 450 376 443 352 267 585 469 474 432 583 529 284 575 326 356 336 574 423 539 383 478 433 411 303 418 393 454 520 563 498 367 320 351 318 275 495 421 412 395 359 341 544 398 477 446 254 572 238 533 576 492 567 435 279 502 273 334 501 277 297 330 480 414 507 552 467 397 524 582 402 396 419 346
278 399 344 521 422 537 365 239 254 372 513 445 583 295 303 469 421 542 499 520 454 415 491 296 518 554 462 257 440 304 436 464 442 465 441 346 255 291 417 264 363 382 580 298 256 525 260 342 495 406 482 487 354 242 496 548 371 259 386 332 262 284 309 476 585 478 574 286 509 383 449 323 529 526 316 339 281 244 556 443 578 387 423 420 475 375 377 252 429 366 410 340 447 492 322 404 466 547 290 418
278 344 399 521 422 537 254 239 365 372 513 295 303 583 469 445 542 499 421 520 491 454 415 518 554 296 304 436 257 346 462 417 441 440 442 255 264 464 291 465 406 256 382 242 342 580 548 482 363 260 298 386 525 284 495 496 371 478 259 487 585 309 262 383 574 332 354 509 466 449 529 339 377 366 526 443 286 578 323 476 556 423 281 447 429 252 418 387 244 475 410 290 375 492 420 404 549 425 407 376
344 278 399 521 254 422 537 583 365 303 469 520 421 239 454 513 372 542 445 554 491 295 518 499 346 304 436 415 442 255 256 441 296 291 406 417 386 382 462 580 464 242 440 260 482 257 332 264 465 284 495 574 496 383 585 509 478 548 259 529 327 366 339 363 449 342 290 492 443 429 298 428 402 404 526 374 556 293 309 578 446 525 262 549 375 586 310 418 466 524 459 315 534 410 487 281 376 389 359 292
521 344 583 278 303 421 469 454 399 520 254 422 365 537 372 542 239 518 513 445 442 295 256 499 440 415 382 580 291 296 462 482 327 464 496 491 260 346 386 509 332 257 465 574 284 554 529 304 383 375 436 495 548 363 478 315 525 366 298 402 556 290 526 449 585 376 410 443 310 447 255 578 242 460 429 377 259 406 354 441 265 371 476 428 417 418 505 487 342 352 324 264 423 280 340 240 403 374 492 446
521 278 344 399 365 422 537 583 254 303 469 421 239 454 520 372 542 513 295 518 445 499 296 415 442 491 440 554 462 256 257 464 436 304 291 255 580 382 465 482 363 298 346 441 496 525 264 495 284 487 585 417 548 354 526 574 260 509 366 478 262 383 315 252 242 371 244 377 529 578 556 375 259 342 332 339 443 309 449 386 406 316 286 476 475 322 293 380 281 376 404 387 492 429 586 420 410 283 327 418
278 399 344 521 422 537 254 239 372 421 583 303 469 454 520 513 365 445 295 542 499 415 518 296 462 442 256 440 491 257 291 382 464 580 260 465 346 548 496 554 304 327 482 363 342 298 290 449 436 556 332 429 417 410 259 255 386 509 284 441 525 526 315 574 447 375 371 264 383 406 585 529 366 354 478 402 460 377 487 476 443 265 578 340 310 495 423 262 242 337 403 240 280 309 306 283 418 281 376 505
583 421 469 454 303 520 254 521 344 278 399 372 422 537 542 365 239 518 513 442 291 440 445 482 295 499 256 382 580 415 548 509 296 496 327 464 462 332 284 346 366 386 447 574 585 578 529 478 377 443 257 383 260 491 315 465 310 240 290 363 403 337 525 376 495 375 298 331 505 418 342 265 354 283 324 304 476 449 352 554 460 556 402 306 436 423 429 371 410 428 406 526 501 259 487 255 493 242 441 340
399 344 521 278 491 365 441 554 422 304 537 264 255 417 239 513 254 436 372 542 583 445 469 346 295 303 242 421 406 499 415 462 520 518 454 296 257 363 260 339 298 465 291 259 464 374 442 525 487 495 371 252 256 466 386 482 262 284 402 440 556 580 382 420 526 449 309 425 383 585 509 375 574 280 548 387 475 377 478 389 244 492 476 342 410 354 529 281 496 429 359 323 404 332 286 290 366 549 283 322
298 363 462 525 465 487 371 354 296 316 380 286 476 464 323 425 281 475 387 340 309 407 489 262 244 257 420 280 391 445 295 440 259 521 577 584 422 537 423 322 495 260 278 518 399 254 239 344 415 513 365 372 563 583 580 442 404 256 339 499 542 359 275 382 374 269 492 446 572 567 293 470 291 454 341 547 477 376 421 539 279 389 524 491 368 327 556 500 303 469 517 531 466 508 575 326 478 459 565 496
491 554 304 441 417 255 436 264 346 344 513 278 399 521 406 242 537 422 365 239 254 445 372 542 499 295 583 469 303 415 520 518 421 462 454 386 466 339 296 374 465 257 495 291 260 259 428 332 402 256 284 464 574 389 482 252 585 529 383 442 478 363 366 490 309 375 525 262 493 517 298 578 293 280 509 283 286 420 371 382 444 404 418 487 580 281 342 492 443 459 290 559 548 449 549 581 376 414 446 385
363 298 487 525 465 462 371 286 354 316 296 380 323 281 476 475 425 387 464 407 340 309 489 262 244 420 257 584 280 259 391 445 295 440 521 423 577 322 422 537 495 260 278 563 344 399 415 518 239 254 365 583 372 513 359 339 580 442 275 492 404 341 389 542 279 572 446 477 469 547 567 374 524 478 382 256 470 459 364 508 575 539 556 383 376 394 517 491 432 368 474 526 315 326 471 421 269 304 291 255
304 491 554 441 255 417 264 436 346 406 242 513 344 278 399 521 537 422 445 239 372 254 339 295 542 365 499 466 415 386 303 583 469 374 520 462 421 518 260 465 296 389 259 257 428 454 402 252 291 332 495 309 256 482 281 284 464 442 444 363 449 290 490 574 420 509 371 298 517 549 559 404 525 429 585 283 366 414 280 383 382 323 286 530 529 492 580 487 493 553 262 342 459 375 292 410 446 293 524 359
293 586 305 385 404 292 459 549 565 531 540 463 571 543 547 262 444 341 581 322 389 492 524 514 490 359 446 567 309 368 495 275 572 319 554 508 432 314 279 477 304 301 470 436 491 528 281 339 474 409 374 242 417 371 534 364 466 255 441 406 346 539 563 264 323 386 469 521 583 251 244 252 518 344 487 387 365 475 465 363 525 537 471 428 254 296 303 500 513 462 278 399 286 510 298 407 584 517 442 326
491 344 278 554 399 513 365 521 304 254 537 239 422 441 417 255 436 264 372 346 303 520 469 583 542 421 406 454 499 295 242 445 415 518 296 339 291 257 386 332 256 442 462 382 466 482 580 260 284 464 585 465 374 383 574 252 478 548 428 509 342 495 366 529 259 402 389 490 440 496 449 443 578 290 429 410 556 262 418 293 377 363 327 283 310 309 375 420 526 447 581 492 305 404 385 549 460 517 319 586
554 304 436 441 491 255 264 242 417 406 346 339 513 466 374 252 386 344 542 428 278 490 332 537 399 581 422 521 239 254 319 389 314 514 517 444 372 365 292 385 518 469 293 303 499 305 549 586 382 583 540 580 445 446 421 520 295 492 256 415 454 567 463 565 290 531 543 359 442 459 309 404 449 291 284 366 429 495 524 585 257 283 547 553 571 279 402 462 260 383 410 527 574 259 548 568 572 432 478 414
305 293 586 385 292 404 565 540 531 543 571 549 459 463 547 444 341 581 262 514 490 524 322 492 359 446 368 567 389 319 314 554 572 528 508 309 275 432 301 279 470 436 477 495 409 242 406 346 491 304 251 417 474 534 374 466 339 264 271 379 501 386 441 500 428 252 539 405 281 255 364 289 326 361 247 469 471 335 365 510 244 484 453 568 551 518 575 349 506 497 494 583 408 311 563 323 521 283 486 344
554 436 293 586 292 304 305 534 253 255 549 404 531 262 385 339 309 565 491 463 540 441 264 389 492 341 322 547 459 242 252 528 365 374 417 279 524 543 490 359 346 446 406 571 495 567 444 581 584 368 466 452 244 405 472 387 344 572 323 475 249 430 281 301 513 521 465 553 477 369 407 275 363 370 487 298 420 270 371 514 432 462 470 286 409 320 288 338 277 285 508 296 518 515 386 364 319 530 425 256
386 554 491 436 346 304 406 417 242 441 428 264 332 255 513 518 344 490 339 319 382 466 580 314 542 581 256 374 278 303 254 252 514 365 399 454 520 469 442 537 444 422 583 521 327 421 239 372 292 385 389 540 446 496 567 549 295 492 586 284 529 499 463 565 296 495 531 543 293 574 482 376 445 290 291 359 305 470 366 517 271 301 331 402 464 383 524 571 585 501 309 265 415 578 572 528 477 509 409 478
293 305 586 385 292 531 404 565 540 543 571 549 459 463 547 444 341 262 581 514 492 524 490 322 446 567 359 368 554 572 314 508 436 389 528 301 279 470 319 309 477 409 432 275 495 242 374 304 339 474 406 491 441 255 346 252 264 417 466 534 386 428 271 379 494 251 471 289 500 365 521 405 501 281 510 539 244 311 518 551 469 563 364 568 361 453 344 517 247 484 583 283 584 376 366 542 461 575 497 475
534 365 586 293 292 341 305 531 540 565 253 492 385 463 404 549 359 344 459 524 528 279 571 446 543 547 309 497 389 554 521 568 405 567 368 436 572 275 495 322 301 304 255 469 581 254 491 441 508 583 399 358 490 513 444 264 247 432 430 477 339 484 518 501 353 278 284 584 320 482 470 537 573 409 350 542 553 372 422 563 471 281 364 338 530 575 285 270 296 403 262 417 256 585 578 298 249 539 363 370
305 293 586 385 292 531 565 540 404 549 543 571 459 463 547 444 341 554 581 492 524 514 262 446 359 567 490 436 368 322 242 572 314 508 389 406 301 304 279 275 346 528 432 470 495 319 374 477 409 491 309 339 441 255 417 252 264 466 534 474 251 386 379 471 271 521 428 469 344 365 542 289 517 501 539 513 500 583 518 494 361 510 254 405 563 568 364 551 484 284 311 281 247 244 418 283 303 506 453 537
568 497 484 247 353 453 253 408 534 384 325 320 492 292 305 322 549 586 293 515 404 531 538 524 434 277 333 313 575 424 359 565 412 389 339 405 355 309 436 459 463 544 567 338 581 554 358 547 334 285 444 385 275 446 471 540 522 314 514 370 461 301 551 252 430 572 388 282 532 543 441 553 427 365 255 480 508 528 571 300 270 450 487 271 432 288 582 341 350 419 494 249 364 262 470 344 466 560 518 426
293 305 586 385 292 531 565 540 404 549 543 571 459 463 547 444 341 554 581 492 514 524 262 446 436 490 359 567 322 242 368 314 406 304 572 508 346 389 301 275 279 495 319 491 309 432 409 441 374 477 255 528 470 417 339 264 466 534 252 474 386 513 542 469 344 428 521 471 271 365 583 517 539 254 303 563 501 251 379 518 361 283 284 366 494 520 454 422 281 500 537 421 405 575 332 311 442 364 506 289
554 346 436 406 242 304 491 255 441 417 264 513 293 292 305 344 586 549 385 404 386 540 463 492 531 521 565 459 524 542 339 365 543 254 490 399 581 341 374 444 278 446 495 303 469 520 547 359 389 466 583 571 422 518 372 567 421 537 514 454 309 368 301 314 528 239 252 428 322 332 534 279 508 572 319 275 409 442 262 432 470 445 580 482 382 291 284 366 509 499 477 585 296 548 295 256 501 574 415 283
554 436 242 406 346 304 441 255 491 417 264 374 492 524 446 567 359 386 368 339 341 301 508 572 409 432 275 466 470 252 293 344 279 474 477 404 305 385 513 292 586 531 540 565 495 271 389 543 459 549 542 364 332 517 518 547 471 521 254 428 580 571 382 303 444 490 379 583 463 469 399 581 514 278 314 442 520 454 539 322 355 365 421 553 309 262 528 256 460 563 422 289 372 319 408 537 501 366 241 534
267 367 533 544 433 334 497 568 471 318 336 498 247 353 453 274 484 427 388 338 343 575 538 366 582 321 553 408 310 450 330 320 283 306 282 573 527 411 482 333 313 493 578 358 434 432 300 403 394 273 546 557 299 532 483 492 350 460 377 585 284 506 473 258 287 474 480 509 335 530 414 339 359 502 574 395 322 325 240 452 364 277 508 345 238 275 467 355 576 569 567 297 426 563 554 443 398 360 436 369
497 247 353 575 453 544 568 519 334 367 533 321 313 277 434 388 333 381 484 550 405 320 400 516 582 338 488 503 532 408 433 539 282 347 493 427 294 450 358 522 538 287 325 480 326 328 350 300 318 285 498 345 412 504 360 356 424 274 267 527 558 546 471 312 284 578 515 355 426 502 485 585 512 268 396 482 366 501 509 273 297 336 331 569 419 416 362 461 272 311 481 258 398 534 574 492 306 301 271 253
497 247 353 453 568 484 408 427 538 325 384 367 388 544 533 338 334 355 321 271 434 313 527 333 461 433 358 575 582 366 532 450 320 519 311 336 498 282 506 329 283 274 306 480 551 310 277 300 482 522 381 486 400 318 550 241 350 330 471 426 509 284 488 516 578 492 585 322 301 503 347 436 361 405 403 331 242 305 360 530 345 359 572 377 294 508 567 569 287 554 292 302 398 406 238 494 412 339 285 328
497 247 353 453 568 484 408 427 538 325 384 367 388 355 544 533 338 434 321 313 334 271 333 550 532 582 519 450 282 527 461 488 575 320 433 503 358 300 311 366 329 480 381 522 506 400 310 306 516 347 498 277 471 336 328 551 426 318 274 350 486 283 287 412 482 241 330 360 345 361 405 578 331 569 322 301 558 302 267 509 398 504 284 403 492 285 530 585 238 570 258 294 534 436 335 359 242 557 494 273
289 348 245 341 279 552 275 432 368 492 446 524 572 359 477 364 474 567 584 471 508 301 470 409 379 563 489 547 510 495 494 349 539 413 460 374 311 423 555 531 394 565 271 551 293 299 262 322 459 540 352 404 376 251 571 500 586 266 273 473 573 385 363 439 435 298 475 557 365 483 545 467 305 340 509 487 580 335 464 556 387 390 543 281 525 476 505 258 326 382 280 329 579 323 577 383 260 350 442 356
289 245 552 341 348 279 275 432 474 492 368 524 446 364 572 477 359 567 471 584 508 301 409 470 563 489 379 555 413 349 547 539 495 394 423 510 299 352 494 374 311 460 557 266 473 322 271 273 531 439 251 467 545 483 390 335 565 571 551 293 459 258 579 540 262 350 404 586 356 376 500 573 509 326 385 305 329 580 435 365 543 577 461 248 464 382 476 505 280 361 487 496 363 475 575 442 339 324 298 383
572 359 446 567 368 508 492 301 275 477 524 470 409 432 279 474 379 341 364 271 471 289 584 494 551 311 374 531 565 385 293 540 547 571 510 355 459 586 305 404 495 543 552 549 245 460 292 539 436 329 461 500 325 463 348 408 563 322 386 241 384 554 251 484 435 581 242 307 252 568 573 413 361 561 349 580 264 491 304 376 339 262 382 441 444 518 243 489 383 442 538 555 418 326 528 478 466 261 490 387
572 567 508 301 359 446 409 470 477 492 368 275 524 432 279 474 379 341 271 364 471 289 355 494 311 551 374 408 531 565 584 459 385 571 404 540 305 325 495 293 241 461 436 586 549 460 547 539 322 543 292 463 384 329 242 307 361 510 554 484 568 245 339 386 538 252 580 581 563 283 517 552 466 453 366 561 284 573 441 326 444 264 406 486 500 247 490 544 575 346 382 577 480 389 418 518 501 427 332 304
409 301 470 508 572 359 567 477 446 275 492 368 379 524 432 271 474 279 341 364 471 355 311 551 289 494 408 325 374 539 461 241 329 538 322 531 573 404 575 459 565 495 571 384 305 366 580 386 563 361 540 453 460 427 326 284 584 242 552 307 405 293 501 510 283 561 577 339 252 385 568 436 586 463 480 484 547 544 292 300 247 574 549 518 517 245 313 558 466 585 382 500 534 543 476 426 389 413 333 486
253 419 515 288 424 430 277 560 320 412 358 485 532 582 481 312 522 450 334 362 544 282 294 313 360 434 512 333 573 433 553 367 498 472 336 516 533 274 318 261 519 378 381 457 330 243 438 345 507 267 536 452 593 456 530 344 248 550 480 562 317 375 343 465 488 249 369 576 365 255 448 460 400 580 338 283 503 492 521 382 216 578 256 340 96 339 359 471 305 260 479 632 525 586 546 518 569 477 366 470
301 359 409 470 572 508 446 567 492 477 275 368 524 379 432 271 279 474 341 364 471 355 408 289 325 374 584 495 494 436 311 539 460 386 510 241 242 459 551 404 255 554 441 332 573 544 580 322 264 293 461 547 304 382 334 339 406 575 284 561 305 344 531 563 405 384 453 366 586 283 538 534 292 469 307 565 585 568 383 484 578 478 346 577 361 549 240 540 491 329 418 385 528 350 501 552 463 553 417 583
253 515 485 481 312 424 294 419 362 277 512 516 381 519 400 320 560 288 503 488 412 550 430 522 532 313 333 358 434 328 282 347 582 360 504 450 544 334 533 433 367 498 345 494 401 551 457 461 477 573 408 379 561 448 378 325 318 355 274 558 527 470 593 384 572 586 330 305 409 632 321 562 359 261 283 292 567 329 361 553 263 388 301 311 581 518 405 271 357 531 317 538 578 364 385 508 540 20 338 256
301 409 359 446 572 470 508 567 477 275 492 379 368 524 432 271 279 474 364 341 471 355 289 408 374 584 495 325 241 460 436 494 311 242 551 459 539 322 386 404 547 554 441 552 510 406 563 561 531 293 307 580 339 255 461 264 565 304 332 540 453 305 577 346 575 573 491 329 382 385 366 538 350 571 586 344 417 544 361 476 394 568 348 484 284 283 442 252 240 517 483 384 247 549 292 553 500 245 466 405
253 515 485 481 312 424 294 277 362 512 419 516 381 519 320 400 288 560 430 412 503 488 550 532 522 333 313 358 282 434 328 582 347 450 360 544 504 334 533 498 367 433 345 494 318 477 448 573 457 551 408 461 527 379 470 274 401 378 409 355 330 325 558 283 593 572 301 359 261 561 311 562 553 361 96 388 567 384 243 586 321 632 263 364 581 578 518 292 538 405 216 357 386 305 432 531 490 446 486 172
515 424 277 419 320 412 253 522 333 532 313 434 282 360 560 582 358 294 485 312 512 481 362 381 516 450 288 519 400 488 503 550 328 430 347 345 558 504 544 480 351 300 426 378 334 573 533 398 355 408 367 379 216 263 570 287 494 551 401 433 546 357 457 238 325 461 20 397 569 575 448 384 561 274 498 321 99 364 484 562 268 572 388 477 361 317 389 593 470 486 283 359 508 306 568 311 329 567 301 632
313 333 522 532 282 434 360 277 515 582 424 419 320 450 358 412 512 253 516 485 560 519 550 381 312 481 488 503 362 328 294 347 400 504 345 288 558 573 287 480 300 426 216 569 378 20 398 570 351 355 544 546 575 272 430 268 311 238 494 551 562 78 416 99 455 92 405 60 83 401 357 471 484 568 502 160 263 479 127 329 321 539 184 59 578 275 461 379 301 222 572 508 169 359 325 67 453 317 364 125
516 519 550 488 503 381 400 512 294 485 312 481 328 362 504 347 515 424 419 277 282 522 333 313 532 582 434 345 558 320 560 412 401 360 450 253 355 358 287 300 494 461 561 551 325 127 480 222 426 570 99 408 213 479 562 311 569 379 46 272 204 67 275 60 544 329 484 83 159 141 357 168 191 568 36 307 202 477 384 17 142 546 92 3 578 572 160 241 378 405 416 228 125 238 398 154 632 76 64 212
419 277 424 412 515 320 253 522 333 360 532 282 358 434 313 582 288 450 560 430 345 480 485 481 300 351 364 398 471 573 544 426 519 362 516 558 312 216 512 294 367 279 274 275 569 261 400 343 381 359 243 553 432 498 334 446 536 575 305 369 293 318 387 388 507 238 404 607 570 124 477 474 378 492 301 572 562 460 472 317 172 567 325 585 586 459 330 488 405 407 550 368 546 524 503 494 576 584 78 613
253 288 412 430 320 277 560 573 515 419 358 450 582 424 471 282 360 313 532 378 333 343 216 553 522 434 345 366 283 544 274 351 306 460 267 546 334 506 291 578 575 364 310 480 300 505 302 585 426 317 248 455 403 485 367 336 525 330 433 318 498 486 255 507 472 243 398 322 569 261 361 387 110 539 272 284 238 287 479 443 558 562 427 244 312 380 324 377 240 512 570 354 296 416 493 482 533 375 502 583
558 345 268 287 455 373 546 401 541 241 322 437 561 307 535 495 269 416 325 272 398 461 426 502 480 329 396 311 374 297 551 300 494 366 308 313 339 252 250 246 408 238 283 347 451 333 282 276 255 582 434 547 361 450 563 479 453 379 564 384 586 356 291 524 458 539 454 575 320 310 492 466 569 441 567 460 580 247 562 436 326 572 309 493 442 448 486 517 404 304 501 301 446 549 526 360 410 554 508 355
253 277 424 515 419 320 412 560 288 430 532 282 582 358 450 522 360 333 313 434 343 485 345 306 481 283 366 312 403 274 294 506 512 216 302 378 362 578 544 310 486 516 480 546 398 498 261 337 240 351 558 580 361 317 585 426 519 471 243 377 505 518 367 442 364 375 300 334 472 324 460 255 382 573 318 465 553 452 344 509 330 561 376 457 593 304 496 632 433 443 469 454 482 576 331 583 359 291 536 607
558 345 268 287 455 373 546 401 241 541 561 322 437 307 461 329 535 325 269 398 551 374 495 494 311 272 416 426 480 300 396 250 252 502 313 297 308 347 547 276 567 524 408 379 451 238 356 366 539 572 339 586 580 545 454 384 326 563 492 564 446 479 361 458 517 453 246 442 434 562 508 466 579 436 448 275 493 283 439 320 566 582 333 569 301 310 349 501 413 341 368 357 359 282 291 450 427 404 410 477
343 320 412 277 246 276 546 250 450 582 564 378 455 306 345 458 358 403 366 283 308 419 253 448 424 532 506 523 515 578 541 310 411 216 240 502 331 272 360 373 437 282 505 396 585 287 566 482 302 333 351 317 291 297 377 357 416 274 509 443 268 263 479 398 313 480 575 535 318 324 493 300 486 288 544 269 238 284 267 522 569 560 558 498 426 337 430 457 433 447 548 451 336 573 570 361 397 471 468 427
401 558 241 307 345 268 561 287 461 329 551 494 311 325 373 455 355 408 384 379 546 271 347 322 328 550 252 374 504 294 484 568 488 535 247 453 312 517 538 503 313 466 436 434 409 495 398 339 427 437 485 547 400 242 541 333 567 269 381 563 396 272 361 519 572 554 448 416 362 451 426 481 301 586 508 480 477 492 250 320 532 582 300 497 470 282 516 446 238 502 540 385 275 524 514 341 442 406 543 549
277 343 320 412 515 424 253 419 532 288 450 306 360 358 582 313 283 560 430 351 434 282 333 310 366 522 578 506 544 367 471 331 585 334 403 321 216 364 284 398 574 533 345 433 274 493 527 302 330 336 548 388 575 498 482 248 486 318 443 338 497 377 507 393 291 353 447 383 576 395 427 243 529 505 376 478 480 300 426 509 559 337 469 287 453 247 568 536 558 567 267 583 572 254 444 468 546 502 240 474
331 403 283 310 366 306 578 506 505 324 447 486 377 509 302 337 548 482 240 361 443 585 291 427 376 493 284 574 529 383 451 583 478 343 469 418 454 421 450 254 545 542 520 439 501 303 423 495 563 540 356 326 435 352 568 411 353 247 479 458 497 575 579 432 453 246 477 484 538 346 442 308 531 349 535 572 539 251 562 327 565 256 555 470 275 277 471 386 364 436 490 586 446 408 341 398 567 368 242 474
331 578 509 482 447 548 585 443 403 377 240 337 505 324 310 366 284 306 283 574 506 383 529 478 486 376 291 302 418 361 493 583 469 454 421 435 254 520 451 303 542 352 427 501 356 346 545 442 495 439 521 423 251 349 406 343 326 513 344 372 579 382 257 411 332 535 270 580 450 242 342 327 540 249 575 440 528 539 436 563 414 555 238 290 428 395 518 554 398 266 396 446 537 239 245 386 562 491 368 256
365 285 534 363 298 525 462 487 296 281 465 371 584 354 316 464 407 489 323 380 476 244 475 286 309 387 322 405 262 425 280 423 440 575 521 495 257 259 340 420 518 539 445 577 563 295 391 275 341 269 471 326 492 279 482 501 415 442 376 359 435 344 500 254 404 528 496 547 524 422 580 502 284 272 505 510 537 394 509 416 348 324 240 372 586 478 383 513 578 446 339 350 572 239 396 399 382 315 552 293
285 365 534 269 272 416 502 405 396 273 575 297 467 483 473 356 258 539 350 546 390 394 378 326 299 493 563 557 489 354 525 476 335 266 440 380 423 245 316 352 363 552 455 487 545 298 341 345 509 518 275 376 471 296 413 578 558 464 276 462 501 324 348 579 465 500 492 287 280 510 373 482 505 496 257 475 582 541 322 320 535 349 289 555 478 340 439 495 577 250 359 383 300 317 435 240 584 371 375 246
286 323 281 387 407 487 475 425 371 420 244 363 298 309 465 462 525 584 354 296 476 464 316 380 489 262 340 280 259 257 445 495 295 391 440 322 577 423 521 415 260 239 537 279 422 510 365 500 399 278 254 372 404 344 513 518 442 547 563 359 583 326 275 492 368 539 499 524 459 580 446 478 575 435 528 469 293 491 534 383 284 376 341 586 285 542 405 382 572 501 509 531 529 549 567 421 482 477 565 496
365 534 285 518 341 563 256 496 547 405 464 580 442 315 275 460 382 495 477 296 474 525 262 584 322 572 359 465 363 521 376 348 492 567 552 583 440 354 487 462 471 432 459 470 445 298 478 510 539 299 508 423 332 435 531 394 404 494 279 364 383 446 265 476 418 371 489 284 524 565 344 281 289 293 469 571 586 254 454 386 245 286 278 326 301 557 295 327 409 529 309 500 475 260 528 292 422 244 380 505
528 586 549 292 385 404 293 305 463 547 309 459 262 540 444 389 565 531 501 405 543 581 490 571 554 534 436 322 346 406 339 514 341 304 319 466 500 491 242 441 417 314 255 281 264 495 539 374 326 252 575 244 513 420 251 323 492 365 387 524 371 475 428 446 359 567 407 517 279 425 584 510 477 465 470 275 286 260 432 386 259 487 368 301 278 344 254 363 356 537 542 462 361 256 572 413 409 521 508 423
456 536 261 260 507 395 243 248 559 393 438 392 511 576 375 340 402 431 274 553 318 573 336 498 509 433 491 445 493 439 284 239 377 399 383 513 279 278 270 349 462 583 545 469 304 521 352 344 249 417 281 257 478 585 387 537 435 556 376 295 530 475 363 552 542 524 251 337 529 447 267 487 465 574 495 554 418 415 422 293 482 446 449 309 423 365 414 506 492 471 332 436 464 531 406 262 540 323 410 528
375 402 274 392 511 576 243 438 261 431 507 559 395 248 456 536 393 553 260 318 521 583 498 365 336 340 344 469 303 399 573 278 433 520 544 460 454 421 462 256 518 366 254 482 383 537 542 422 334 509 471 580 296 525 465 291 478 574 267 367 284 363 382 445 377 283 376 464 298 255 492 442 378 295 513 495 310 403 359 332 578 372 279 259 475 304 446 491 239 275 529 567 585 410 556 524 418 487 526 343
402 559 375 399 344 278 521 365 422 260 537 239 513 491 583 372 254 303 469 295 520 445 438 392 243 542 421 507 511 576 395 274 261 554 454 499 415 255 456 536 248 304 462 291 296 257 393 431 436 417 518 553 441 256 264 449 340 482 465 346 429 460 464 290 556 410 585 259 442 548 318 574 383 509 327 526 284 495 366 336 406 578 440 443 332 363 529 580 382 433 339 283 487 420 377 310 262 478 376 403
507 261 248 395 243 576 393 536 392 511 431 438 274 456 318 375 553 559 498 433 336 544 367 334 253 402 430 560 533 288 573 472 369 378 260 317 468 320 450 412 452 527 267 330 582 263 397 515 338 419 424 562 448 479 277 340 471 364 343 357 580 481 382 370 485 358 351 313 532 561 494 362 530 457 249 398 321 477 442 522 518 521 270 250 474 312 434 564 554 344 432 279 327 388 458 531 567 581 383 275
261 536 243 507 576 438 395 392 431 511 393 248 456 559 375 274 553 318 402 260 263 562 397 340 317 357 378 479 498 448 457 468 573 336 433 544 412 267 250 382 276 327 580 564 398 320 496 460 485 419 442 334 256 582 481 290 450 560 480 253 426 351 315 429 344 364 449 367 300 521 265 569 275 570 518 362 251 469 477 343 583 308 424 332 246 430 556 312 494 410 341 458 423 439 304 545 43 206 505 82
456 260 402 375 559 261 536 507 431 243 274 395 576 493 340 248 511 392 438 303 393 575 509 482 583 291 520 469 454 366 553 495 505 573 578 447 513 376 254 421 278 521 377 318 399 372 542 344 548 403 283 352 445 411 284 310 414 324 462 539 537 257 585 306 356 240 435 295 502 365 422 574 476 529 506 297 326 296 415 443 499 383 518 267 354 394 396 302 336 440 478 239 416 498 423 331 465 491 486 433
456 375 261 243 511 392 438 576 536 507 431 260 248 395 274 402 559 393 340 553 573 318 521 344 278 583 518 445 399 372 462 254 469 537 422 542 454 295 365 421 513 303 498 257 415 291 465 336 495 239 562 378 296 317 509 256 520 525 371 442 363 499 284 493 574 505 410 464 259 487 580 433 545 255 482 298 491 366 283 352 556 476 275 439 526 377 376 383 479 578 480 544 582 412 575 382 267 569 460 297
260 456 340 354 476 380 402 440 559 375 261 487 316 525 462 257 296 391 536 489 507 363 465 243 431 445 576 511 298 438 371 295 274 464 248 395 392 423 259 415 286 393 280 521 262 577 553 323 573 372 297 502 254 309 499 281 537 422 378 356 278 575 399 416 396 539 318 272 513 239 352 322 342 394 475 495 291 454 326 509 493 344 303 284 285 387 529 269 299 542 505 557 563 583 376 520 552 574 425 455
511 392 438 243 576 431 261 507 375 248 395 274 536 456 393 559 402 553 318 260 573 340 498 336 433 378 521 544 317 583 462 334 454 344 367 291 505 422 493 278 303 574 469 542 399 343 471 479 284 366 383 509 267 578 283 421 525 585 439 537 520 564 257 487 562 249 448 250 270 545 563 460 259 580 403 324 443 370 518 310 240 492 297 255 478 556 455 445 275 382 529 377 371 254 354 472 306 526 446 465
559 456 402 536 261 395 507 260 243 393 248 438 392 511 576 375 431 340 274 553 573 318 364 445 336 498 562 471 278 460 433 399 583 383 255 474 465 521 284 304 344 432 580 275 574 529 544 295 442 446 469 479 478 296 332 317 262 311 378 327 477 382 267 303 279 415 518 462 509 464 584 454 439 513 359 585 387 545 491 493 376 291 537 561 494 520 410 372 662 567 487 525 329 254 354 554 286 281 476 435
666 629 625 613 619 641 597 661 588 631 651 604 605 589 670 640 633 623 664 617 648 637 655 600 612 639 673 601 652 618 642 606 596 627 608 653 649 622 616 643 634 646 621 594 675 609 671 165 27 615 620 80 644 591 592 656 650 635 65 603 636 654 206 47 630 38 593 89 158 607 595 63 598 124 23 159 412 157 647 171 60 168 137 43 155 192 204 49 201 153 142 351 658 172 662 624 626 213 632 660
666 613 629 625 619 617 641 661 597 664 673 616 634 609 635 631 667 596 636 651 604 591 589 600 605 646 655 630 620 588 674 640 633 587 648 672 599 618 623 652 670 645 601 653 662 637 603 394 638 12 612 628 80 606 639 590 348 89 627 201 660 440 563 133 614 642 658 473 621 165 124 594 654 608 47 665 359 158 467 274 611 644 650 492 172 607 354 275 487 273 213 341 412 476 572 659 446 578 471 483
628 660 614 665 620 638 599 658 591 672 635 636 609 603 607 590 657 661 632 617 593 595 675 663 594 645 643 613 597 673 641 598 619 602 656 621 616 587 624 650 654 674 646 644 201 615 592 647 625 630 667 664 662 96 62 81 649 206 611 108 140 14 107 671 236 47 72 659 237 29 626 389 578 193 104 103 142 394 405 227 89 610 177 143 32 172 217 213 257 210 106 666 137 410 234 147 170 159 124 648
617 613 661 597 619 664 673 616 641 666 591 620 660 634 638 658 635 665 629 628 646 625 609 643 614 636 672 599 663 603 607 590 675 657 593 649 632 671 594 605 595 648 612 670 642 637 618 601 96 588 604 589 596 172 124 653 608 651 630 631 639 674 667 633 650 644 624 654 600 655 47 662 623 170 645 42 640 116 587 27 602 656 206 598 149 622 71 611 142 652 62 627 192 621 137 508 237 359 615 180
628 660 620 614 665 638 591 599 658 636 635 609 672 603 607 590 657 661 632 617 593 595 645 613 594 643 673 597 641 675 619 663 664 616 650 656 654 615 646 621 587 644 592 598 647 674 625 62 626 201 666 624 96 634 611 14 667 610 29 47 630 602 394 669 369 206 236 172 99 472 104 103 389 578 60 124 662 343 126 108 193 89 15 72 649 107 147 668 270 366 465 557 274 249 140 284 405 412 257 81
617 613 661 597 619 673 641 664 616 666 591 620 643 638 658 663 628 665 646 671 660 609 649 603 635 614 675 599 672 607 625 634 629 636 632 595 593 645 81 657 605 237 612 594 648 590 642 637 670 601 618 596 608 630 650 653 656 589 108 588 662 615 206 639 640 631 644 622 180 600 621 604 96 624 651 124 654 674 389 32 27 172 633 293 394 652 116 598 366 492 359 655 554 71 137 201 627 148 193 60
613 617 661 597 619 673 641 664 616 666 591 660 638 620 635 609 672 658 636 665 599 634 646 629 614 625 628 663 643 590 603 649 675 607 657 605 612 648 618 670 671 601 637 642 588 593 630 632 596 589 604 662 639 674 653 633 651 655 594 640 650 608 71 624 237 631 96 623 644 600 667 652 595 622 656 172 81 27 602 645 627 606 206 567 572 598 654 508 359 32 621 124 108 587 116 470 477 409 446 192
613 661 617 597 619 673 664 641 616 666 591 660 620 638 635 609 658 665 672 636 599 634 625 628 614 643 629 646 649 590 663 603 607 657 671 675 605 670 612 632 648 601 593 642 637 588 618 596 653 589 639 604 633 640 623 608 651 650 631 652 594 622 71 627 598 644 600 606 624 655 595 96 656 621 654 630 47 237 592 645 27 206 172 81 674 192 461 567 508 647 137 667 116 470 62 662 572 492 359 124
613 661 617 597 673 619 641 616 666 664 591 660 620 635 638 609 636 672 665 658 614 599 646 628 629 649 643 625 607 603 632 663 675 634 621 657 593 590 595 27 605 47 594 671 598 612 656 601 644 615 96 642 206 592 670 648 654 62 647 588 71 650 637 624 630 81 137 589 237 618 116 172 653 633 600 604 608 639 640 14 627 409 103 32 596 398 662 170 124 192 623 631 60 508 567 587 651 652 12 201
661 617 613 597 673 619 641 616 666 591 664 660 620 638 635 609 636 665 628 614 672 599 658 643 646 649 629 607 625 603 663 634 632 675 657 671 590 593 595 96 605 601 594 612 670 648 642 621 637 588 589 644 598 618 47 653 615 81 650 27 656 608 116 600 654 62 172 206 639 604 640 137 596 124 630 71 633 652 627 192 237 631 651 623 624 436 647 592 12 587 409 201 518 72 662 622 645 133 14 227
617 619 641 613 666 664 616 673 661 629 634 597 625 675 663 646 594 593 591 611 648 665 643 609 662 630 659 587 612 638 595 605 635 602 601 620 637 645 674 632 618 667 596 589 670 653 603 658 642 672 604 660 655 651 600 636 588 96 142 608 614 623 607 628 284 599 172 572 567 153 446 67 156 654 86 508 631 124 633 578 64 639 212 644 359 585 652 92 622 657 518 492 275 213 394 301 354 77 590 454
617 619 641 666 613 616 673 664 625 663 629 675 634 661 594 597 595 593 646 632 643 620 630 591 587 665 611 662 645 659 638 602 648 667 635 674 628 614 658 660 609 605 603 612 670 653 618 637 672 596 601 589 642 636 67 599 600 607 124 96 92 608 604 212 588 654 655 657 172 651 622 153 623 644 639 572 127 598 652 142 633 671 649 36 284 157 578 359 585 590 567 301 640 25 508 518 446 46 477 627
619 641 617 666 613 594 625 595 664 632 629 673 634 593 616 661 675 663 597 646 643 630 587 662 611 598 674 592 654 644 603 645 667 621 607 656 620 659 153 624 647 657 650 602 605 589 670 604 80 588 27 591 648 609 601 637 180 218 172 615 636 612 60 596 651 63 638 635 628 649 237 660 631 201 614 642 618 137 672 655 206 20 49 590 600 96 653 658 81 62 665 626 35 47 230 220 192 89 165 15
619 641 617 666 634 664 613 673 616 594 629 646 663 675 661 595 632 625 597 593 587 630 662 674 645 667 643 611 659 605 654 644 596 670 618 589 612 601 637 653 600 620 648 604 635 655 631 607 603 623 124 588 639 608 642 602 591 651 598 636 650 633 172 640 96 609 656 657 638 627 590 622 660 621 628 116 652 672 624 615 606 599 665 614 77 649 471 60 412 89 149 20 658 201 453 359 572 585 610 81
492 275 359 650 567 446 524 477 301 508 474 470 656 341 572 409 644 432 626 592 364 624 289 368 654 471 669 279 610 668 647 412 573 621 379 539 434 598 271 320 450 374 333 351 582 282 358 480 348 355 300 313 625 426 584 615 495 563 534 322 551 575 569 510 311 288 389 532 245 277 460 405 515 419 398 664 253 560 494 552 424 326 457 501 404 646 360 531 518 547 595 408 459 570 580 238 562 613 339 436
650 656 539 644 592 624 654 626 647 575 669 668 492 610 405 567 359 621 326 524 598 446 275 615 508 301 572 493 470 432 409 341 471 356 534 573 474 495 355 374 664 477 364 501 368 412 398 350 563 480 300 502 544 379 271 279 408 434 348 578 272 285 551 613 426 71 416 322 334 311 366 450 396 625 436 320 284 338 469 597 533 358 389 289 497 649 367 634 325 273 518 583 297 245 510 595 646 577 568 554
671 631 605 651 670 640 633 600 588 652 637 622 653 648 612 639 627 623 642 589 604 601 596 608 606 655 618 643 619 649 641 675 629 666 617 597 663 81 593 591 620 638 237 124 673 603 660 665 193 613 108 149 609 672 165 599 607 172 148 635 96 594 658 89 625 628 32 180 156 192 67 645 636 657 42 614 492 436 595 554 518 667 115 587 142 662 12 508 616 113 661 674 630 252 221 632 138 484 567 664
631 640 651 600 633 671 605 623 627 622 670 652 639 588 642 637 608 612 606 589 653 604 648 601 596 618 655 649 643 619 675 629 666 641 597 617 593 149 663 172 81 124 113 237 221 638 148 591 96 613 108 193 673 188 607 660 138 32 225 620 165 665 192 594 116 180 453 44 12 89 645 322 632 156 603 41 518 115 599 4 272 515 484 616 658 586 635 98 6 345 672 609 416 436 320 42 567 325 492 657
631 640 651 633 600 627 623 652 588 671 606 670 605 622 604 639 589 655 596 637 642 612 608 648 653 601 618 649 629 619 666 643 641 675 613 597 617 673 165 661 237 81 625 609 616 71 664 156 63 591 635 172 662 593 124 12 630 322 149 180 663 674 638 461 192 634 567 572 607 96 474 658 359 492 108 64 508 667 660 32 620 665 131 275 471 603 148 646 563 27 193 80 409 590 672 636 650 116 446 518
631 651 640 600 633 623 627 652 622 605 606 670 671 639 588 608 642 637 589 612 629 604 601 653 596 655 648 618 666 649 643 619 675 617 641 165 593 673 663 156 237 613 597 149 124 172 81 138 148 131 518 96 193 616 609 113 43 108 322 492 591 638 567 71 32 620 41 607 436 594 188 416 508 635 221 272 661 572 89 116 645 586 599 52 63 359 575 86 634 674 180 398 88 194 524 53 374 446 554 169
