87 178 126 151 48 102 73 190 154 125 17 128 15 236 183 29 13 118 62 14 42 98 200 16 230 211 104 147 203 103 225 54 30 41 110 47 3 95 226 228 39 8 227 24 33 115 149 189 172 123 90 6 174 4 153 164 22 21 26 121 2 58 84 234 77 221 186 57 217 141 208 219 37 96 135 162 27 166 53 9 207 176 137 109 5 181 188 68 133 12 233 7 75 88 81 44 117 229 11 175
178 87 17 154 48 228 126 3 73 151 190 125 102 141 225 98 219 128 58 233 5 115 21 16 30 104 182 123 109 150 41 13 8 78 4 222 138 62 147 211 149 172 121 197 59 191 221 118 195 237 77 130 207 37 14 11 217 6 184 198 28 117 166 40 185 47 202 213 169 236 108 44 95 29 64 79 86 66 208 203 103 173 57 153 32 100 51 137 113 55 42 43 67 142 122 188 167 1 61 12
183 230 54 110 42 229 57 189 15 29 14 236 47 62 103 33 200 147 73 126 217 104 118 26 102 77 90 158 22 186 227 95 203 24 226 149 174 7 39 87 146 211 111 68 181 216 38 123 75 121 21 208 2 9 161 143 84 162 234 74 151 231 124 235 114 85 125 94 16 164 97 172 131 96 135 232 171 120 93 119 178 35 175 128 41 215 109 136 72 105 116 214 153 5 223 115 225 198 70 45
29 103 236 14 47 62 54 189 230 183 226 33 227 15 200 90 126 42 147 110 234 24 217 7 84 104 22 174 26 9 2 162 231 57 161 164 143 229 94 135 73 85 97 95 39 203 208 181 235 175 87 93 146 68 186 211 77 102 118 216 121 158 136 55 123 21 114 198 38 16 151 75 119 74 225 221 149 30 178 41 105 72 232 6 171 115 111 101 13 5 4 96 48 3 35 98 58 37 228 163
119 161 57 9 90 162 101 85 84 235 74 234 226 227 114 110 208 97 7 105 231 135 175 93 143 75 121 42 232 96 186 2 146 124 164 116 68 174 22 103 215 203 26 158 122 33 183 94 24 77 229 38 136 95 216 198 181 29 47 189 23 39 55 172 230 15 131 91 200 62 14 111 54 126 100 170 223 21 78 59 138 104 11 163 155 132 35 117 102 123 45 112 147 207 31 149 118 217 151 145
77 11 13 149 110 154 30 8 115 37 4 41 113 130 178 195 222 221 138 48 44 128 190 150 166 225 188 148 126 151 102 6 144 98 199 78 43 42 184 173 109 3 17 79 73 88 28 59 176 191 169 211 16 53 87 141 5 134 228 34 196 233 219 125 15 57 139 117 61 40 132 230 71 58 21 229 52 118 35 66 49 96 163 172 86 124 123 89 155 32 72 183 223 207 121 208 131 198 108 201
77 110 42 11 149 15 48 229 151 13 190 154 128 96 183 208 230 57 126 102 125 115 116 111 130 59 175 231 8 150 41 21 37 30 78 222 117 74 135 97 5 84 143 114 138 93 170 17 198 195 184 174 73 119 32 58 9 107 144 26 178 121 101 94 166 235 124 186 173 43 169 87 39 75 3 55 193 123 61 141 6 189 199 95 211 207 172 134 105 177 28 217 140 85 233 225 232 104 227 203
77 110 42 15 48 151 11 125 208 13 229 149 183 230 126 231 190 57 154 97 96 9 128 93 21 73 26 175 135 84 174 119 59 198 121 102 189 74 123 101 17 222 235 122 116 163 7 95 58 85 178 117 55 39 87 170 5 211 203 161 147 162 3 78 104 227 94 143 114 124 136 130 30 22 90 111 105 8 35 41 68 186 233 115 217 47 14 137 138 141 62 146 199 139 43 40 118 134 150 6
208 231 9 97 135 93 84 175 85 7 235 162 174 22 161 77 198 121 94 146 110 42 26 95 55 90 68 39 143 15 203 164 234 24 136 2 227 229 183 230 122 226 189 181 216 59 33 21 147 123 126 103 119 57 125 96 104 73 74 14 29 217 151 62 116 149 58 101 48 11 200 47 54 124 78 13 5 211 236 111 170 114 75 40 61 232 186 105 117 102 190 87 3 154 41 178 30 115 118 215
208 84 231 97 93 9 162 161 85 135 90 7 235 175 121 143 94 24 234 226 198 68 174 164 55 22 2 146 136 227 122 181 216 33 26 95 110 203 229 39 189 103 15 183 42 29 77 230 14 200 62 147 59 119 57 101 47 123 21 236 217 105 74 73 54 104 126 114 125 78 111 186 40 170 232 96 75 158 117 124 163 31 116 58 61 11 100 207 155 13 120 5 149 118 151 45 35 172 128 38
47 143 227 103 206 62 175 171 29 94 121 162 85 9 161 192 235 14 208 12 135 226 32 146 84 231 234 97 123 115 174 93 104 126 137 164 147 237 230 42 133 236 203 211 170 54 41 217 144 2 22 78 181 55 27 7 172 19 80 33 8 183 108 187 16 68 28 39 66 184 186 30 189 216 116 3 95 138 37 81 87 188 72 200 149 5 158 182 118 6 228 142 150 90 233 26 136 15 195 198
47 227 103 29 62 14 236 171 226 143 94 162 234 206 161 104 147 175 84 9 2 33 121 217 230 85 189 135 54 235 123 231 164 24 97 181 203 174 208 200 192 26 146 183 93 90 7 126 22 39 95 137 12 153 41 186 68 119 237 172 133 158 72 38 42 211 101 55 105 96 15 21 27 114 87 102 182 16 8 118 115 187 6 5 3 151 32 232 116 78 141 170 136 75 122 221 216 229 228 166
86 237 171 47 153 206 201 89 108 81 140 209 227 210 193 12 103 32 106 111 27 145 14 236 137 133 107 152 88 187 143 129 192 218 148 166 72 62 170 4 217 80 78 177 16 56 29 180 18 38 123 126 186 115 156 199 20 82 165 13 144 194 87 147 79 142 6 94 234 15 138 151 159 37 189 44 34 102 104 230 178 158 130 3 188 105 219 96 172 202 53 98 162 54 5 66 101 57 190 49
47 171 103 227 14 29 206 237 62 236 143 153 226 54 12 147 162 32 217 230 104 189 192 234 94 123 72 108 81 86 6 210 137 38 187 200 186 126 133 33 15 158 98 119 27 3 16 221 24 101 115 4 228 183 87 181 161 201 105 182 175 121 89 26 88 141 144 170 80 9 172 96 90 2 151 107 148 225 114 235 209 82 5 129 232 97 203 84 188 218 152 85 44 118 193 21 140 75 164 135
47 103 62 227 143 121 175 29 171 94 161 14 206 9 85 211 203 235 162 226 84 78 164 115 12 95 39 2 208 174 135 236 237 126 200 30 234 146 41 54 22 8 133 42 181 32 147 192 97 149 33 172 231 93 104 138 80 116 7 66 16 27 28 3 170 217 4 137 68 24 123 44 72 79 15 165 188 184 37 152 113 18 108 189 150 216 166 5 186 98 153 187 117 233 63 169 19 142 6 53
47 227 175 103 94 143 62 9 121 161 85 206 29 171 162 84 135 164 208 235 231 14 226 97 174 93 234 146 192 203 2 22 211 7 123 104 181 12 115 236 137 147 126 42 8 217 41 39 95 33 78 68 237 30 133 54 3 24 216 172 32 80 233 28 142 55 149 5 16 184 116 19 170 138 27 72 15 200 230 136 189 150 228 183 182 18 90 37 198 165 169 187 117 66 210 26 195 152 129 57
47 103 227 121 175 143 62 29 85 171 161 9 206 146 94 162 84 14 135 208 235 226 97 231 164 174 93 2 203 104 181 234 192 22 230 33 236 12 217 126 147 7 172 137 39 68 54 32 183 42 189 123 116 95 211 115 170 90 133 216 27 55 136 26 187 122 237 41 78 153 80 24 200 186 119 118 8 184 15 114 198 158 72 19 38 87 149 66 151 73 57 28 210 5 30 117 138 16 3 110
237 108 115 148 138 11 32 66 79 144 166 81 37 78 113 130 188 12 28 53 150 184 109 133 195 199 8 225 30 44 41 206 6 98 196 221 52 96 43 116 187 88 16 63 176 156 194 117 77 192 228 3 19 4 134 169 207 210 34 49 165 153 131 137 172 170 71 100 27 121 129 72 149 139 167 224 227 10 171 80 233 141 107 173 145 223 105 218 89 86 82 124 219 205 190 211 193 203 185 220
86 153 218 145 115 111 11 66 194 237 79 188 88 138 176 53 113 44 34 77 184 165 6 28 100 96 108 166 169 131 172 4 137 31 117 180 207 152 43 52 78 63 190 196 151 221 112 116 37 155 148 70 225 98 199 124 71 179 35 223 48 27 156 41 185 32 89 1 193 8 170 120 206 30 109 81 20 49 10 227 16 128 105 224 18 133 167 80 210 3 107 171 187 74 150 186 163 45 158 139
47 121 62 227 103 143 175 78 14 94 9 203 161 29 84 85 208 147 162 104 164 217 226 234 211 93 135 235 95 42 206 236 2 171 97 231 123 39 172 146 24 8 174 116 68 41 30 137 126 22 237 12 5 192 115 3 200 133 149 15 32 138 7 33 117 207 28 181 189 27 169 142 184 21 136 230 54 233 150 100 55 183 198 186 119 44 165 79 170 228 26 16 19 110 96 90 158 152 71 108
20 119 23 105 101 91 74 111 75 60 86 215 232 38 114 99 158 96 186 116 153 124 213 57 145 160 83 64 218 45 25 31 67 194 46 165 202 127 36 131 172 156 69 223 34 159 214 163 179 100 157 70 112 204 35 224 139 110 65 71 237 120 167 168 196 108 143 152 27 92 11 63 170 49 180 229 187 155 43 230 183 134 132 78 137 185 193 50 80 199 89 226 47 234 138 140 142 32 212 148
47 29 103 171 227 236 62 14 226 147 234 143 206 94 104 24 217 203 192 162 2 187 189 161 123 27 54 164 90 22 9 174 84 133 95 235 12 137 121 126 33 186 230 7 208 129 231 39 181 175 200 85 97 237 135 38 158 87 82 210 153 146 68 93 114 21 55 26 80 119 211 172 101 105 136 232 75 118 72 16 32 218 183 182 81 102 152 170 198 228 57 41 5 166 122 141 115 96 74 15
171 47 227 103 237 206 29 236 153 143 14 27 192 62 234 226 187 86 126 210 94 133 137 12 147 38 129 80 186 123 217 203 104 162 218 54 95 235 87 81 174 158 2 82 152 22 32 189 211 175 24 170 39 166 161 9 145 208 230 231 18 84 72 118 90 135 232 121 165 102 75 101 200 148 16 85 108 105 115 151 97 164 201 89 33 19 106 199 37 114 181 172 26 21 5 111 228 96 7 3
103 62 47 29 14 227 236 226 104 94 234 143 171 175 9 217 24 161 85 84 203 231 2 54 164 22 147 162 33 97 121 135 123 208 174 146 93 230 39 95 7 235 126 186 200 189 90 181 206 158 42 183 26 129 105 21 192 87 110 38 41 211 12 68 27 102 118 144 55 73 101 229 32 133 15 57 137 119 187 75 216 82 115 198 37 136 116 182 232 172 58 81 153 16 5 210 170 149 114 8
115 108 237 11 138 77 150 41 130 78 8 30 3 225 184 79 169 37 28 32 98 148 109 44 113 221 144 188 166 195 228 207 6 4 81 117 66 149 185 178 16 43 141 172 121 88 233 190 211 53 219 153 48 86 126 58 100 173 154 87 176 96 5 203 156 13 116 151 95 102 123 164 21 71 224 199 42 175 62 31 12 34 52 227 110 119 70 196 137 59 182 20 131 39 213 72 174 14 89 147
115 77 237 11 108 225 78 138 3 172 86 184 169 109 166 153 221 149 110 6 148 28 32 44 41 154 4 141 98 88 79 178 16 144 117 228 207 96 66 30 5 190 121 151 233 8 150 37 176 188 102 58 21 116 53 43 185 211 81 48 219 227 126 147 72 113 71 130 123 14 213 89 42 13 20 202 193 195 137 131 87 165 182 143 128 201 199 234 187 210 142 34 164 209 236 226 175 94 95 1
86 153 218 145 194 180 111 63 152 165 220 170 132 18 100 66 80 10 210 155 112 139 1 49 176 196 224 137 27 205 52 179 67 79 35 187 34 71 131 53 64 156 199 127 167 108 44 31 120 163 134 142 206 157 192 11 28 212 166 168 133 188 223 185 227 51 43 70 213 23 138 36 143 19 184 20 89 88 237 214 46 201 117 171 6 65 96 76 190 207 159 107 202 193 115 94 113 99 124 91
86 20 111 153 60 23 119 215 38 145 91 101 105 75 74 158 218 114 99 232 96 186 124 116 194 34 213 64 57 165 199 180 134 152 160 132 100 112 83 49 172 31 139 171 196 35 80 223 170 66 137 63 71 131 27 176 192 210 187 88 155 156 43 45 167 237 18 179 129 214 25 163 67 50 120 70 138 69 47 143 159 202 220 224 1 46 157 108 133 205 36 127 78 89 11 32 10 166 206 65
47 171 62 227 29 103 236 14 226 206 147 234 104 27 217 143 153 192 2 237 12 24 187 133 203 54 95 189 94 137 164 200 121 123 162 174 181 210 90 211 39 129 126 161 22 33 72 87 16 80 82 230 38 9 186 81 7 158 68 152 172 32 175 183 86 75 26 102 84 15 170 21 78 228 218 232 3 118 97 146 57 136 208 85 166 235 115 151 114 55 108 105 96 119 30 231 135 5 93 19
171 47 103 227 236 62 206 143 14 94 29 237 32 234 211 137 147 81 27 108 192 126 217 123 175 54 187 133 144 104 115 129 12 16 82 121 118 174 226 208 203 235 80 152 21 200 186 37 9 87 228 3 158 172 166 85 33 78 72 135 165 84 5 168 41 39 96 219 162 26 102 231 24 19 141 230 161 38 202 95 8 18 30 148 116 189 233 159 149 73 212 170 66 63 99 198 2 55 142 22
108 115 237 11 138 77 78 184 28 41 150 166 32 148 130 207 8 79 30 144 37 169 117 225 66 98 3 86 109 185 149 113 121 44 178 195 172 81 43 126 4 153 156 100 211 6 233 188 48 224 221 88 219 228 16 176 53 31 151 175 194 58 190 13 199 167 95 141 102 96 123 154 137 5 87 216 71 208 116 174 203 21 34 51 164 196 89 131 63 19 134 193 227 10 70 210 1 173 155 104
115 237 11 77 108 138 86 78 79 153 184 207 166 169 148 117 44 32 28 66 3 100 88 43 176 190 185 199 225 121 30 149 172 131 63 71 150 41 165 154 221 109 8 145 130 178 37 1 6 4 53 98 13 156 34 144 110 48 213 196 81 96 113 205 227 137 123 31 163 211 120 19 167 5 16 134 224 152 233 51 170 193 27 70 58 89 21 208 187 126 141 175 151 216 194 10 210 234 219 47
86 153 218 145 111 194 180 155 66 63 112 152 100 170 10 220 156 176 165 132 1 49 137 31 34 179 196 79 71 18 80 35 199 52 139 70 131 163 210 167 53 88 224 64 237 185 27 223 120 213 11 138 188 43 206 205 214 166 113 108 134 44 184 6 20 45 124 171 148 192 28 96 89 172 115 99 187 193 207 227 51 4 133 23 19 81 76 190 117 201 169 127 143 67 157 151 221 3 62 77
115 86 153 237 171 11 108 138 227 218 100 47 111 165 145 32 131 156 109 63 234 187 152 166 120 137 27 44 186 71 194 123 103 221 185 180 206 223 226 169 62 20 16 66 3 121 192 172 113 78 225 184 29 183 158 88 133 80 28 6 163 148 155 12 79 10 38 112 176 53 214 14 143 228 236 98 43 1 213 130 105 170 188 150 18 207 30 147 35 34 49 96 117 119 37 90 70 41 167 60
20 86 111 153 119 215 23 74 105 60 75 38 101 114 91 158 99 232 96 145 186 218 124 116 57 34 165 170 172 27 213 83 194 64 180 31 100 49 160 137 80 199 152 35 134 71 132 223 112 187 70 192 171 156 63 120 78 88 214 138 143 45 66 176 47 43 163 131 139 18 210 196 224 167 179 237 226 227 155 110 206 1 108 234 159 202 236 11 229 129 166 46 94 205 220 67 53 25 121 36
47 171 153 227 29 206 103 237 62 14 27 86 236 192 187 32 137 12 38 186 226 234 158 133 143 75 111 108 105 218 189 101 129 81 104 114 72 54 119 230 96 15 217 123 57 80 126 232 210 147 172 145 162 90 152 6 201 16 94 87 82 215 3 74 225 221 170 98 33 229 121 88 4 144 140 95 110 161 102 228 198 182 107 89 203 141 118 193 5 59 151 124 188 209 174 44 2 41 24 106
103 62 47 29 227 14 85 161 226 9 164 175 84 2 174 236 121 234 104 94 7 54 143 24 22 162 203 146 217 231 93 33 181 208 135 97 147 235 95 211 42 189 39 183 171 90 230 41 200 68 123 8 158 126 206 26 110 149 15 55 115 172 184 136 28 37 186 216 116 229 221 119 27 73 30 5 72 21 3 105 192 57 188 32 102 6 198 137 16 114 4 113 87 133 101 166 38 117 182 78
103 47 62 175 9 85 29 227 161 121 84 143 208 226 135 94 231 146 171 162 164 206 14 235 174 203 97 93 234 192 22 7 211 2 104 126 12 32 41 95 133 33 181 54 42 230 39 149 27 236 28 115 172 184 119 8 217 137 116 80 24 72 37 66 188 158 200 170 216 147 30 68 81 237 19 90 123 183 114 144 186 55 16 117 187 194 108 113 131 189 6 221 152 44 102 198 166 165 38 169
103 62 47 175 85 227 161 29 9 226 14 121 143 164 94 84 234 146 162 174 235 93 231 135 97 171 2 208 42 7 104 54 33 203 181 22 192 115 149 24 211 217 236 41 184 206 28 123 8 172 147 200 37 126 72 39 116 32 183 95 230 90 68 189 12 221 216 26 119 30 137 4 113 3 55 16 158 19 117 78 6 110 133 15 136 188 66 187 198 44 114 144 105 73 57 129 186 80 5 27
47 103 62 29 236 227 14 171 234 147 226 104 94 217 143 54 206 123 189 24 9 126 2 84 230 162 175 90 121 161 208 231 164 192 22 174 186 85 235 135 203 133 33 137 200 95 97 12 16 158 82 211 7 39 153 87 129 38 146 21 26 187 27 183 118 181 3 93 72 102 32 228 237 68 15 114 5 41 42 172 105 75 219 57 182 55 119 80 136 73 115 96 151 98 141 152 170 198 110 232
108 237 115 138 78 37 79 148 11 166 144 130 32 41 113 66 184 188 81 28 4 8 150 30 109 98 44 195 221 43 225 6 117 169 77 88 53 16 172 12 207 96 86 199 52 34 194 121 116 149 3 153 133 227 206 196 228 100 134 176 187 124 170 211 171 178 49 156 71 143 185 126 10 192 173 233 137 224 190 145 63 180 193 167 48 119 129 210 80 203 141 89 139 72 201 27 19 165 94 95
108 115 237 138 78 150 11 130 148 184 195 144 32 28 77 169 166 225 79 37 207 117 109 3 173 185 41 30 172 113 233 4 8 66 121 86 141 58 81 98 43 228 44 88 176 221 196 6 156 219 5 51 178 199 188 96 149 123 76 182 16 53 198 116 12 59 100 142 224 154 134 40 1 52 19 61 213 227 31 206 212 34 205 131 194 159 175 187 21 137 70 153 155 71 167 190 48 143 10 126
86 153 111 145 218 194 165 180 63 155 66 100 152 11 31 131 223 176 170 132 210 112 34 18 220 138 35 79 64 179 213 20 124 96 70 156 1 88 10 49 199 71 137 53 185 120 163 45 23 237 172 80 193 99 196 166 224 167 139 89 214 27 117 207 44 52 115 43 116 105 184 205 77 169 227 28 91 134 107 67 78 209 201 74 190 188 51 6 76 216 60 206 143 187 192 57 113 19 101 186
115 108 237 11 138 66 79 113 148 166 188 44 53 88 28 78 4 153 6 176 221 52 86 184 98 37 77 34 207 117 194 225 172 41 96 100 43 63 196 169 150 30 3 210 16 32 49 130 8 109 218 199 165 10 180 155 131 81 31 185 116 170 133 151 149 152 48 12 19 145 227 70 144 121 178 190 124 137 187 233 112 89 195 228 80 156 1 71 224 211 206 171 192 220 132 120 179 134 27 139
115 185 207 78 117 138 11 169 76 184 51 100 77 28 121 156 86 150 237 108 1 3 224 71 41 79 175 123 58 213 167 30 142 5 31 149 66 159 130 233 131 21 205 182 225 194 202 109 8 43 98 166 208 228 67 168 176 190 141 211 219 153 212 163 44 172 73 70 227 32 179 113 47 198 48 145 6 65 120 112 104 64 147 95 195 63 62 164 10 178 97 154 88 116 188 40 36 83 126 199
115 185 78 237 108 150 104 14 121 123 159 202 147 172 169 67 217 62 11 100 213 153 116 64 5 168 59 207 205 77 175 3 51 142 117 21 227 122 208 212 184 76 131 137 130 111 156 58 28 31 36 47 167 198 65 70 190 211 138 127 157 32 186 25 102 224 15 143 179 69 96 1 55 154 46 103 120 128 73 125 110 40 112 126 17 228 236 163 233 27 165 223 187 158 141 197 71 194 136 204
78 185 115 121 207 150 76 108 237 169 184 28 175 51 159 138 117 123 100 168 104 156 142 202 228 195 30 211 198 130 3 208 213 224 1 62 67 5 32 182 212 58 233 55 41 122 147 167 8 109 21 205 172 219 65 178 141 98 14 40 154 86 59 11 206 64 173 47 217 61 136 137 227 116 95 97 79 71 31 16 9 93 77 164 36 225 73 144 87 163 166 66 190 143 179 194 149 203 70 197
20 99 60 160 105 75 119 74 101 83 232 23 111 91 215 86 38 153 114 186 158 96 124 213 116 57 218 145 172 64 27 165 80 170 187 210 223 152 49 34 88 202 214 89 159 110 201 180 179 46 199 11 171 36 71 140 31 90 112 63 176 156 67 131 155 120 204 229 167 70 194 234 56 65 227 209 47 129 107 35 192 196 1 230 53 226 138 18 25 193 157 134 177 69 139 143 106 43 50 45
153 171 47 227 86 206 29 218 103 27 137 145 236 192 237 111 226 80 234 38 187 14 62 143 57 126 170 158 230 189 12 133 186 54 147 152 165 88 72 90 121 35 96 210 151 172 123 105 15 166 188 18 174 4 217 81 63 32 138 162 6 180 19 66 44 75 10 175 235 23 102 53 129 49 115 94 131 87 216 183 114 119 2 104 176 184 82 74 78 34 112 48 132 148 221 113 203 116 9 223
103 62 29 47 14 226 227 236 181 33 171 7 9 2 164 121 54 146 200 161 24 203 85 234 175 189 206 143 39 22 230 183 162 97 94 217 231 93 90 84 174 104 135 147 42 27 229 15 95 55 208 192 57 136 235 216 72 68 26 211 149 137 82 102 41 118 172 123 187 186 75 105 126 129 158 110 119 16 115 87 237 12 116 198 133 38 122 32 114 8 101 73 80 210 19 232 81 78 96 74
103 62 29 47 14 227 236 226 104 9 85 161 33 164 94 7 231 175 2 24 143 146 203 234 230 183 42 93 84 97 121 162 181 22 54 189 174 147 171 135 123 217 208 235 26 39 95 90 68 206 55 200 211 126 57 136 41 229 110 8 158 119 192 198 118 102 186 15 105 172 216 73 149 38 87 21 115 116 114 27 137 129 182 101 122 32 5 133 75 12 184 37 59 120 144 30 81 16 195 40
103 227 29 47 62 85 161 226 9 14 143 94 162 236 234 231 164 97 84 175 104 93 2 146 33 135 7 171 235 230 203 181 121 208 22 42 24 147 183 174 217 54 55 189 90 123 39 26 68 211 206 95 41 192 200 136 126 8 105 198 110 172 102 119 118 137 149 158 15 129 32 229 116 182 186 87 101 27 115 57 122 12 38 5 81 16 144 30 21 37 133 72 237 216 108 150 195 184 187 73
47 103 29 236 14 227 62 171 226 104 147 54 94 123 143 234 230 126 206 217 189 153 9 24 2 174 84 161 175 203 231 183 200 33 162 192 121 137 208 135 235 85 164 90 97 211 237 96 115 22 26 7 114 158 186 42 95 27 119 39 87 110 146 116 12 93 105 102 151 41 15 172 57 38 5 133 75 181 118 215 3 73 68 6 21 101 125 32 55 229 4 232 221 72 16 225 198 98 86 136
108 237 115 138 148 144 11 41 32 37 130 150 166 81 78 8 225 4 30 195 113 98 188 184 79 28 77 221 109 3 6 172 228 44 16 96 66 149 86 43 169 178 173 207 53 233 121 117 141 227 88 206 116 156 211 199 12 187 219 137 153 124 52 34 185 193 201 71 48 13 196 210 87 126 58 133 192 194 176 224 203 89 129 154 59 234 171 80 143 5 72 164 95 27 100 151 105 19 119 102
108 237 115 138 150 11 148 144 32 184 195 130 28 78 169 37 166 173 77 30 3 207 8 233 81 156 41 225 117 185 71 149 19 142 192 1 137 141 79 109 172 228 206 205 51 86 12 113 121 219 212 4 66 76 224 182 43 227 61 134 16 159 6 168 221 5 213 176 98 199 187 188 88 143 52 44 67 53 58 49 210 40 72 133 36 194 10 94 167 196 96 234 175 129 204 64 116 46 80 198
86 153 111 218 145 194 180 63 66 155 18 165 152 170 31 11 100 210 176 1 88 34 179 138 44 112 80 237 10 156 196 70 132 35 131 137 185 214 49 199 64 163 223 79 53 220 6 167 193 27 120 89 213 227 71 52 45 166 96 224 115 4 139 43 77 108 184 190 169 205 113 207 124 188 209 20 216 201 172 206 28 187 99 51 23 171 221 143 105 117 76 186 134 78 192 3 148 107 140 225
115 237 11 108 148 79 66 138 113 166 188 28 86 44 207 53 6 4 37 98 78 194 32 225 221 34 153 88 184 176 77 117 43 41 52 169 150 81 8 144 196 3 172 130 131 100 30 96 19 185 149 116 63 109 199 137 165 121 31 16 12 180 49 133 228 190 155 195 193 10 233 152 70 151 218 224 210 192 72 124 120 89 178 145 170 48 156 206 20 223 51 71 187 213 112 167 83 160 107 76
185 237 78 108 159 150 121 115 76 168 202 142 207 211 212 123 51 175 156 169 30 137 28 65 122 55 67 8 227 178 172 64 117 184 100 36 213 3 104 228 198 41 138 5 86 147 62 233 208 182 1 73 16 217 195 40 167 157 224 59 205 87 154 14 206 126 32 130 136 102 145 11 46 153 197 149 21 116 127 97 61 71 17 190 12 93 219 58 98 231 95 10 47 141 125 192 9 179 164 83
115 78 185 138 237 207 76 169 51 184 156 11 108 224 1 28 117 30 149 121 150 8 86 213 159 77 167 100 71 168 43 41 205 175 202 142 176 123 79 227 130 66 211 5 64 3 208 141 212 134 40 166 32 137 194 55 58 233 31 195 228 199 65 131 163 21 10 219 47 147 44 109 2 182 67 46 144 164 126 36 203 112 153 220 172 143 198 234 190 145 174 95 84 139 73 206 225 102 97 157
185 115 78 150 76 51 108 207 237 138 28 184 159 168 169 121 156 117 123 142 212 175 202 1 224 40 122 195 65 137 73 100 213 167 130 205 55 67 198 206 126 79 61 32 219 228 59 11 36 233 136 125 227 147 5 47 3 66 204 190 86 208 71 8 46 69 178 157 98 109 41 211 141 12 172 62 14 64 116 30 68 102 97 182 163 197 127 173 144 19 231 87 145 225 31 16 176 104 179 93
20 60 99 86 160 74 75 111 23 119 101 215 105 91 83 232 124 38 114 158 186 153 96 213 116 57 145 64 172 223 165 218 46 199 89 34 180 202 201 50 88 131 36 127 152 132 49 112 134 159 71 176 214 138 45 31 63 100 155 67 179 196 177 11 25 35 27 209 18 194 43 170 139 140 157 210 53 106 110 142 167 65 69 168 120 163 204 156 92 80 107 193 166 1 128 70 187 185 56 212
7 174 97 9 85 231 84 93 135 175 161 208 162 146 164 2 235 181 55 136 68 90 94 24 226 216 121 22 198 33 122 234 143 227 200 26 95 29 203 103 189 39 183 236 230 54 42 62 15 14 59 147 47 211 57 87 229 104 217 41 119 73 114 110 172 61 123 40 126 192 78 118 75 27 206 125 72 101 8 133 105 74 232 116 96 21 30 151 178 149 153 12 171 5 150 182 102 137 186 225
15 147 230 236 14 62 183 103 104 217 33 54 29 200 47 7 189 68 24 2 174 123 164 181 203 175 42 121 226 22 136 26 9 84 208 126 39 161 227 85 229 162 235 95 231 146 110 97 57 90 93 55 135 94 211 234 73 143 21 27 87 5 122 125 102 137 151 216 198 153 186 118 158 172 111 180 48 18 98 3 228 58 38 78 171 207 206 170 182 114 133 190 152 80 165 16 192 117 115 81
183 15 87 230 54 200 33 103 29 236 14 174 7 203 42 24 189 126 226 57 102 227 62 208 175 229 164 2 147 68 9 22 231 39 84 104 234 47 110 90 211 95 135 162 73 181 121 118 94 97 146 235 26 93 186 136 161 55 217 143 85 178 27 151 158 172 216 38 198 125 137 21 123 30 153 133 206 8 105 114 16 75 111 12 74 122 41 184 171 119 28 48 232 131 117 115 120 192 96 70
15 183 54 200 33 103 7 29 14 62 230 236 189 181 68 26 9 42 175 84 146 2 147 174 104 85 22 231 162 47 226 24 39 136 164 97 161 208 110 203 227 135 93 95 235 229 211 234 217 94 55 90 121 57 143 123 87 118 73 21 126 102 186 171 216 158 122 5 172 115 198 125 206 120 58 41 3 16 28 117 30 70 137 100 109 8 133 207 131 38 184 151 153 6 27 228 98 178 31 59
97 9 85 84 231 135 174 175 93 7 208 161 235 162 55 2 146 216 94 164 198 181 90 136 226 24 68 121 22 143 234 122 33 227 26 29 95 103 200 189 203 39 230 47 183 59 236 42 54 62 15 14 147 61 211 57 87 126 229 123 40 217 118 104 73 119 78 110 125 114 172 27 101 192 21 41 171 75 149 186 38 74 206 8 116 5 170 232 158 187 30 77 105 151 72 133 16 129 182 58
7 174 97 9 85 84 231 135 146 181 2 161 175 33 93 164 136 208 162 235 68 22 90 24 55 226 26 216 121 200 198 94 183 122 29 15 230 234 95 189 103 42 143 227 54 203 236 39 62 57 229 14 47 147 110 126 87 59 123 104 73 114 211 61 72 119 125 192 158 217 172 21 38 27 171 40 118 75 5 186 206 137 182 41 187 116 133 8 58 120 74 78 129 151 215 82 105 131 101 16
130 150 195 173 8 41 30 78 37 59 138 115 61 40 109 149 184 225 16 228 28 144 4 211 172 98 113 3 221 198 141 219 6 166 169 148 182 233 108 121 32 188 58 5 11 44 55 178 123 117 207 21 197 237 191 81 95 39 185 203 116 102 122 77 87 43 73 154 76 93 136 96 22 13 174 51 222 146 79 208 97 175 72 9 231 147 224 202 104 12 212 66 129 52 156 204 135 126 14 187
130 150 195 173 30 8 41 115 138 37 78 109 184 61 225 144 28 59 149 16 228 169 141 11 4 98 108 172 40 219 3 237 113 148 233 32 182 207 76 221 81 166 77 117 178 58 197 185 5 6 51 198 121 79 188 21 211 122 12 66 44 160 154 43 191 73 123 55 1 224 9 83 87 116 156 212 52 142 97 22 72 196 135 199 231 175 71 222 202 13 161 85 93 204 162 167 164 136 208 159
153 86 145 218 111 194 100 155 35 180 112 31 132 179 131 223 49 10 34 66 120 220 70 170 1 163 53 196 152 176 137 52 214 63 18 139 156 205 45 167 165 64 185 71 210 79 43 224 199 202 27 20 134 60 213 88 99 51 117 207 190 96 44 80 138 19 48 151 107 28 124 67 188 142 128 89 169 23 65 186 104 6 209 76 184 113 193 159 56 15 126 116 157 172 106 212 74 62 5 91
86 153 111 145 218 194 100 66 31 163 131 112 120 70 180 34 170 35 223 49 179 167 224 10 139 155 45 132 214 79 156 71 205 63 176 78 1 152 165 20 220 43 172 96 124 137 196 207 121 117 88 64 184 18 27 80 67 213 185 53 199 134 166 28 52 57 138 51 110 187 151 60 116 48 19 99 23 77 115 210 11 91 227 143 21 190 198 202 183 102 229 104 147 169 50 125 128 208 127 74
115 86 138 130 79 66 195 145 150 225 37 28 111 184 30 221 4 153 11 113 194 8 41 169 117 78 98 218 166 109 100 44 188 77 52 35 112 6 43 172 149 207 173 131 34 176 88 3 16 132 196 155 53 228 179 70 31 139 199 124 223 220 116 185 59 148 49 211 96 120 121 10 224 156 71 1 233 237 60 202 180 5 21 167 51 45 134 141 178 198 108 163 89 165 76 170 58 210 205 32
197 76 185 59 150 61 173 191 40 122 51 184 207 169 141 182 228 195 21 58 78 198 28 117 123 121 1 8 130 55 41 3 233 219 5 222 138 25 136 65 69 178 109 204 16 73 175 104 57 168 216 213 159 156 67 212 157 98 115 224 225 125 214 87 211 167 60 202 137 92 160 93 36 62 186 208 127 172 30 83 68 142 102 38 75 230 119 190 108 50 90 158 64 105 174 144 7 97 9 20
150 195 130 173 138 78 41 185 184 197 8 28 61 219 37 30 115 59 40 76 141 51 207 169 109 228 182 225 117 16 113 3 98 58 4 233 1 5 144 191 198 6 123 122 172 221 73 156 121 178 224 160 11 214 166 188 108 44 205 21 149 167 204 142 52 148 222 60 159 83 100 55 32 194 120 196 77 176 213 88 25 69 53 154 43 125 66 212 168 179 50 81 45 175 237 70 71 104 92 216
185 76 150 197 51 195 207 169 28 130 173 184 78 182 61 117 138 191 40 228 141 142 1 219 159 115 59 3 168 58 65 8 233 98 5 213 123 225 21 121 202 41 198 212 109 30 64 156 157 122 67 16 69 36 178 160 204 25 55 11 83 222 205 104 224 167 73 60 4 211 237 46 108 62 37 127 175 154 92 144 32 149 172 190 221 166 6 86 100 99 87 50 66 216 77 194 43 93 81 136
86 111 153 23 91 119 74 75 20 232 105 101 145 215 114 124 218 38 158 99 186 57 60 116 96 223 131 31 45 214 194 25 163 69 34 64 132 36 35 112 179 155 213 159 88 172 65 46 127 100 160 157 180 10 83 50 120 204 199 156 167 168 139 196 92 43 152 216 110 66 70 202 176 165 49 220 89 224 52 71 138 67 80 63 185 27 134 77 4 1 53 229 90 170 102 6 166 18 48 13
195 130 150 173 8 41 30 37 115 4 138 109 225 78 16 149 59 221 98 113 61 228 184 28 3 40 6 141 172 144 169 11 219 188 148 166 44 108 182 77 211 233 32 58 5 198 237 21 81 178 72 79 123 117 95 116 146 185 212 121 207 62 174 76 12 52 66 203 22 73 104 142 191 39 43 29 202 14 196 103 42 181 197 160 51 13 87 175 204 154 102 110 83 88 120 46 24 194 236 9
195 150 130 173 225 115 98 8 41 30 138 37 109 4 78 228 184 16 221 3 28 6 169 207 113 59 141 117 233 219 40 144 188 172 61 5 182 51 178 44 121 58 148 149 11 32 76 166 185 66 198 108 197 21 79 52 123 191 237 104 211 62 77 194 1 122 73 88 142 81 175 43 87 12 14 55 224 72 147 103 212 154 187 29 116 128 100 67 217 53 208 202 164 54 47 160 97 126 231 93
153 86 145 218 194 180 111 100 10 112 155 35 66 49 132 18 34 63 137 52 53 179 170 152 220 131 70 120 223 31 165 27 88 210 176 214 163 139 196 79 80 19 133 71 167 1 113 199 206 188 45 43 156 44 224 134 187 192 205 6 166 171 89 20 124 12 48 96 185 151 60 138 148 190 221 117 209 237 23 64 99 51 91 98 81 172 28 201 207 184 116 227 74 107 50 4 213 56 82 186
86 153 111 145 218 194 35 100 132 112 155 131 180 31 179 223 10 220 70 66 49 34 120 139 163 214 45 63 152 196 170 165 20 176 23 91 124 1 64 60 18 43 67 167 137 50 157 96 36 53 88 65 190 99 205 25 79 52 210 80 213 185 117 199 142 116 92 74 127 27 48 44 207 158 19 224 159 69 202 172 51 119 134 151 227 128 71 138 38 212 89 156 168 75 46 101 186 232 209 28
86 153 111 145 218 194 179 100 112 155 31 70 131 120 223 35 66 180 132 34 214 163 139 45 49 79 10 88 176 167 220 20 124 1 196 224 60 199 156 43 52 205 53 91 23 99 170 71 165 152 185 89 63 134 74 64 210 18 166 137 51 117 27 186 213 57 113 138 119 184 201 215 83 80 75 76 188 128 207 96 28 172 38 202 151 209 190 105 158 107 187 50 110 160 67 169 21 44 19 11
79 66 115 138 113 11 221 188 37 194 52 225 53 98 44 4 169 207 166 176 28 43 88 6 117 184 100 148 145 131 109 195 130 34 150 218 112 41 153 16 196 30 35 8 139 3 1 51 49 120 77 228 223 70 185 155 180 199 132 78 86 149 179 10 144 63 172 76 71 224 173 31 237 32 233 165 124 60 45 205 5 210 21 220 141 116 134 167 96 219 156 121 108 81 111 89 170 178 211 182
185 76 169 51 207 117 1 156 28 184 150 138 224 205 167 195 173 78 130 182 61 59 40 141 198 71 197 191 21 179 58 219 121 115 214 233 166 5 228 70 65 109 60 8 123 213 41 3 159 176 30 160 199 225 196 168 155 37 131 98 83 34 16 122 100 64 202 45 43 31 157 99 134 120 111 178 25 10 73 36 222 112 172 163 69 139 88 204 55 211 212 208 142 52 19 11 218 49 104 66
150 195 138 130 169 207 184 28 115 117 185 76 225 51 78 173 8 197 11 41 30 37 228 98 3 109 4 141 233 1 149 58 219 166 182 59 113 172 16 5 61 6 123 77 40 221 108 148 32 191 21 198 144 121 237 178 66 43 122 156 188 52 194 142 224 79 44 176 73 86 88 213 205 212 53 100 160 159 167 204 190 104 199 67 137 196 168 222 60 131 154 89 71 202 83 116 34 64 65 50
86 153 111 218 145 194 35 132 112 100 131 31 10 180 179 155 70 220 139 49 223 66 196 34 20 165 137 176 120 214 1 199 88 170 45 152 79 156 163 63 167 43 27 52 91 53 23 64 18 224 60 89 124 119 107 205 166 65 138 71 209 19 134 99 74 75 80 201 117 193 185 210 157 96 67 11 213 207 28 51 106 44 177 50 101 36 113 202 232 227 192 190 57 206 56 184 140 114 25 151
86 153 111 145 218 194 100 34 31 155 112 132 49 179 180 35 70 66 10 1 214 131 120 176 223 196 20 45 220 156 163 79 88 63 224 167 43 205 139 152 60 99 199 71 52 165 53 64 170 185 213 134 18 89 124 138 117 23 44 210 74 80 207 28 166 91 113 96 27 67 83 137 75 51 184 50 188 201 11 209 101 119 105 36 157 159 127 202 190 193 19 232 65 186 169 48 116 172 78 107
86 153 145 111 194 218 66 79 180 52 188 100 131 53 207 113 28 44 98 138 225 35 221 6 117 169 4 112 63 10 34 88 132 49 176 139 184 1 165 115 185 70 196 179 220 43 51 11 37 31 155 223 76 89 120 45 152 124 166 3 30 210 67 109 137 224 116 16 91 148 8 23 60 19 167 150 80 205 18 214 92 71 78 170 160 48 83 190 163 41 20 64 233 156 50 96 99 172 130 216
86 153 111 145 218 194 155 31 100 179 70 112 131 214 120 66 180 34 20 23 132 10 45 88 223 35 91 156 163 176 49 60 52 1 167 124 139 99 196 224 79 220 74 43 119 185 137 199 205 57 105 75 152 71 64 186 113 232 170 207 4 215 53 76 213 188 165 169 51 101 117 89 38 63 138 134 6 65 28 166 158 25 77 44 184 27 18 172 114 98 83 67 221 159 69 50 96 157 171 187
15 26 189 110 183 48 229 125 33 151 54 128 42 230 200 77 73 122 102 118 68 126 208 136 146 13 9 57 231 111 90 7 47 190 93 97 175 14 84 181 95 29 62 96 35 17 174 85 121 135 22 214 119 19 103 186 115 87 27 162 153 104 227 147 39 226 137 170 192 114 191 188 154 235 236 116 163 198 225 234 216 59 123 164 158 178 80 6 215 53 143 155 74 161 218 55 203 75 120 21
152 18 210 180 63 80 165 194 218 145 170 27 137 56 106 107 19 12 133 89 201 140 177 153 193 192 209 187 206 171 129 81 82 17 151 66 32 87 112 48 237 126 125 128 190 179 155 10 100 34 72 35 118 53 178 86 49 111 31 120 52 148 131 214 73 1 154 70 132 220 144 98 115 88 176 228 223 108 139 16 50 5 102 219 147 172 141 123 185 28 167 92 45 71 60 196 205 222 224 233
152 18 210 63 165 80 180 170 27 137 194 218 133 12 19 145 206 192 187 129 171 81 153 82 56 106 107 201 140 177 89 193 209 32 87 118 237 72 151 17 48 190 10 66 126 178 112 125 144 155 179 53 128 34 148 108 100 52 35 49 86 131 1 132 139 98 71 73 154 228 214 220 16 120 115 88 111 31 60 176 172 223 28 102 20 123 196 219 54 205 167 70 104 96 147 5 185 184 141 222
