39 9 71 327 13 242 298 221 214 200 325 136 329 286 304 218 120 220 211 223 35 309 161 32 179 108 265 60 50 159 262 26 178 31 189 186 135 20 203 160 165 276 105 114 87 63 58 321 90 341 338 243 119 28 17 333 225 18 53 311 300 231 268 319 65 19 106 107 54 332 305 322 202 173 117 192 210 185 1 284 134 208 162 69 30 67 80 206 27 73 308 289 212 204 292 254 174 326 78 256
125 244 57 75 163 248 275 144 279 278 282 187 40 16 175 182 307 130 266 251 296 313 97 213 91 267 83 110 196 108 45 197 235 285 93 345 99 123 96 76 290 133 24 141 160 161 132 80 6 193 231 261 323 151 295 333 30 86 84 299 12 81 101 114 49 50 207 344 1 121 33 332 26 88 22 11 164 150 339 85 270 156 201 70 321 215 63 158 118 43 324 258 120 127 142 65 51 293 189 134
9 71 39 327 136 13 304 218 298 214 242 329 221 200 286 211 220 161 120 325 54 60 179 341 35 94 73 348 265 206 50 129 311 159 210 31 69 108 46 256 309 87 65 32 80 223 63 268 3 166 26 140 160 12 189 243 119 133 174 33 177 332 20 47 321 139 322 269 274 138 1 333 114 11 17 81 241 308 305 37 100 194 123 181 292 93 158 165 146 231 202 337 277 272 344 261 283 105 186 84
325 242 120 39 13 9 223 71 327 220 211 298 218 214 221 108 136 50 286 304 200 329 31 309 165 35 26 265 179 321 161 159 32 189 60 322 54 63 243 160 90 129 333 332 178 135 106 262 1 46 80 203 119 30 73 28 324 289 19 311 186 114 18 284 17 70 69 53 173 192 194 92 341 231 313 326 308 57 65 47 276 138 87 292 268 254 162 267 204 109 212 250 210 105 202 156 91 158 180 103
201 339 155 316 6 274 270 194 11 24 299 158 156 37 138 336 219 261 120 211 26 325 160 322 223 220 242 333 1 332 23 13 80 218 108 161 81 231 9 323 133 165 71 14 235 309 39 60 278 35 27 57 327 103 179 31 75 114 12 250 141 40 226 177 247 18 344 324 130 55 63 33 286 289 189 32 193 260 50 284 307 112 265 331 192 163 243 180 345 83 93 298 187 174 204 221 97 244 99 159
160 333 1 80 332 231 307 26 248 75 57 244 278 243 125 63 275 120 163 189 201 144 182 40 211 108 279 114 325 187 175 83 339 261 299 282 6 220 219 97 158 213 156 81 196 274 141 242 309 16 155 23 194 130 24 336 316 60 13 30 9 270 37 123 218 11 322 45 327 161 138 39 103 93 71 14 99 223 345 106 313 296 110 267 286 266 251 298 165 235 179 280 295 35 329 76 200 321 344 265
57 75 163 279 244 144 125 248 282 275 278 187 40 182 307 175 266 251 16 313 267 110 91 83 97 130 108 296 213 197 285 123 196 96 24 76 333 151 295 6 45 84 93 345 235 150 290 332 193 1 121 88 63 231 81 70 344 51 299 261 30 99 160 49 243 101 118 133 189 132 26 141 247 50 207 331 161 34 257 80 171 55 142 114 86 224 201 339 215 164 120 270 10 324 27 73 156 223 216 95
30 103 234 165 23 320 62 153 230 157 246 98 138 309 315 223 36 115 322 21 134 123 139 236 11 336 66 347 194 250 148 263 83 86 181 119 188 241 112 228 127 25 198 158 106 302 12 346 238 270 222 113 174 219 186 99 272 31 256 167 176 195 107 225 44 41 162 155 68 276 288 141 50 33 273 239 252 156 284 264 105 295 56 126 49 283 316 89 102 154 183 20 245 293 128 308 117 42 326 324
57 163 144 75 279 244 282 248 125 275 251 266 278 313 267 110 91 307 187 40 182 175 16 97 296 83 108 130 285 197 96 123 196 151 295 88 84 290 213 333 45 51 193 332 171 76 1 34 224 93 63 70 101 189 99 216 24 50 243 30 231 10 150 4 299 301 257 247 160 345 118 161 121 120 344 116 331 141 252 170 207 92 26 172 114 80 100 235 33 211 49 147 324 195 38 37 264 287 271 109
30 103 165 234 23 320 62 153 21 157 246 98 230 322 223 139 36 11 115 236 284 181 138 106 263 225 113 134 250 123 241 219 309 198 228 89 302 326 119 107 337 346 127 264 186 273 146 83 41 99 201 176 274 66 194 162 27 315 155 336 18 292 229 114 72 152 232 44 158 25 53 308 318 180 14 254 195 102 47 19 295 256 204 299 217 112 137 316 156 276 104 147 325 347 338 185 319 141 270 33
57 144 163 279 75 282 244 125 248 275 251 266 278 313 267 91 110 187 40 307 182 175 16 97 83 296 108 197 285 130 96 123 151 196 290 213 295 84 45 333 76 189 51 332 1 88 231 93 193 63 243 99 247 216 161 101 30 171 70 224 331 160 345 10 201 34 121 118 24 114 50 235 92 164 147 116 4 257 299 26 324 120 321 344 264 100 207 211 177 260 141 33 150 301 80 133 298 170 215 6
30 103 165 234 62 23 320 246 153 230 223 157 98 21 322 36 138 309 228 250 225 123 134 119 219 236 181 106 263 284 11 115 139 113 18 127 27 107 241 83 89 337 264 346 315 288 336 72 198 302 273 176 180 326 194 229 155 186 292 66 102 162 41 204 112 254 158 44 146 299 25 137 274 14 201 126 154 156 117 232 237 141 222 152 128 47 325 108 50 300 147 19 53 114 61 17 188 12 276 33
163 57 279 144 282 75 244 125 275 248 251 266 278 313 91 267 187 110 40 182 307 175 16 97 83 108 296 285 123 130 151 196 197 63 290 96 243 295 84 213 333 99 189 93 321 332 1 118 70 231 345 88 193 76 216 247 51 45 4 331 30 34 224 26 171 271 164 160 121 257 10 74 116 50 207 324 114 161 92 100 101 314 235 147 120 299 211 33 172 82 344 140 95 37 52 141 199 301 260 156
30 103 165 23 234 230 153 62 320 223 246 157 21 98 36 123 181 263 241 89 264 44 302 346 219 236 322 96 176 106 309 250 273 225 119 108 117 138 291 134 112 66 232 72 127 115 288 139 195 14 239 336 272 228 121 284 315 146 45 25 337 295 102 83 229 292 198 11 113 129 41 47 152 27 285 312 33 321 46 107 158 326 325 145 300 104 347 316 237 255 180 318 162 185 245 204 155 338 252 53
163 144 279 282 57 75 244 125 275 248 251 266 278 313 91 267 187 40 110 182 175 307 16 108 83 97 123 130 296 197 213 285 96 151 84 118 63 321 70 345 76 196 193 93 45 333 4 243 332 295 51 92 290 1 88 257 231 224 26 271 121 30 50 74 80 189 156 160 142 216 164 171 314 331 99 120 114 19 34 141 324 235 101 247 28 10 330 195 207 299 73 172 116 347 309 215 190 344 293 223
30 103 165 234 246 23 153 230 106 309 123 223 62 320 322 36 219 98 138 228 21 44 127 263 181 204 18 96 157 241 225 292 229 115 186 27 337 288 102 83 89 198 284 273 86 155 264 119 152 108 139 307 134 66 107 72 11 174 146 231 194 114 195 53 47 25 7 236 250 113 45 201 237 117 302 41 336 67 291 338 112 285 295 346 347 180 265 14 147 312 49 162 54 176 299 90 19 272 254 300
30 103 165 123 234 223 320 62 23 309 246 153 98 230 108 219 322 138 96 83 241 21 263 119 264 36 181 325 106 292 284 285 295 155 47 18 157 194 146 337 273 321 53 139 204 107 89 66 11 333 346 307 115 114 228 50 225 291 176 198 274 326 186 232 1 112 147 174 90 265 45 236 44 102 127 129 40 27 231 113 288 243 156 180 302 175 218 46 202 63 196 270 74 128 14 289 272 319 41 308
30 103 165 106 234 322 23 66 223 138 346 325 283 219 54 47 156 272 336 241 158 181 232 292 256 184 146 162 96 217 123 102 337 119 45 127 218 345 99 62 11 50 198 284 265 237 31 228 245 321 213 1 107 90 25 288 33 230 117 41 81 12 27 114 152 309 109 145 343 204 229 44 211 89 141 333 300 170 180 305 197 276 174 73 17 137 263 3 76 347 108 139 264 157 134 20 242 281 196 105
30 66 103 165 283 272 346 245 234 23 184 232 293 241 217 181 93 322 106 47 33 54 336 337 158 146 132 17 292 123 138 12 311 156 223 119 210 315 228 3 102 45 162 343 145 166 288 197 96 101 59 139 285 215 345 112 198 213 117 62 41 99 121 305 325 239 43 107 25 264 348 276 157 154 126 46 140 113 44 174 109 81 230 219 203 256 281 134 105 205 53 227 347 141 127 22 115 295 284 76
93 151 290 101 293 84 177 215 166 3 140 33 12 245 100 341 272 174 73 235 213 45 94 129 206 194 196 132 76 348 261 54 81 69 323 345 339 46 241 99 210 133 96 123 232 197 158 139 146 190 156 346 80 283 268 11 66 161 155 311 337 60 274 292 37 322 181 256 130 296 40 47 65 121 141 6 269 249 119 285 175 138 270 114 295 184 97 83 87 217 30 1 307 224 265 314 115 278 17 43
245 174 272 93 84 177 33 99 151 293 12 100 290 346 215 140 132 283 161 66 206 232 133 341 166 158 3 94 81 210 261 196 156 338 139 224 45 213 184 292 1 11 217 235 73 76 101 80 194 348 114 305 119 47 239 256 69 337 60 197 311 143 20 322 79 241 202 54 141 274 308 96 345 296 146 160 89 181 40 302 123 339 265 130 270 138 112 318 117 231 129 105 155 268 46 333 342 219 332 6
317 67 199 185 319 2 300 192 162 289 41 254 212 180 204 276 18 173 53 27 107 284 17 225 305 58 20 109 262 135 178 5 19 78 66 90 208 105 59 102 28 281 227 128 154 203 217 288 117 205 184 340 126 169 134 239 346 61 283 228 145 232 15 183 44 43 343 191 253 245 7 79 143 170 95 25 255 311 238 37 259 241 287 181 137 49 55 100 56 177 222 165 188 292 338 250 150 326 86 312
317 67 199 319 300 2 192 185 162 254 180 41 212 289 18 204 27 276 107 53 173 284 17 225 109 58 305 20 135 5 262 78 66 178 19 105 154 208 102 59 281 128 90 217 227 288 169 340 184 126 203 228 28 61 134 346 283 232 117 205 239 43 183 7 15 245 44 145 253 170 238 188 191 49 72 343 95 79 25 137 250 311 272 259 77 150 143 222 37 82 181 277 167 338 241 56 177 140 292 86
317 67 199 192 300 319 185 2 162 254 180 212 53 41 107 276 204 173 18 27 284 289 225 109 17 305 58 20 78 262 135 5 19 90 66 178 105 28 128 217 208 184 59 102 169 346 281 232 283 227 154 288 343 145 340 228 219 259 191 117 205 203 134 253 95 43 137 165 322 239 126 44 22 311 55 61 149 272 15 222 49 338 245 68 181 72 77 82 56 183 54 116 146 7 297 37 250 264 312 337
317 192 319 2 185 289 162 284 212 107 53 300 67 41 199 173 66 225 276 254 281 78 17 180 184 217 109 19 204 37 145 27 90 128 305 28 283 58 346 343 259 232 288 20 228 18 205 5 227 61 126 59 208 272 178 149 262 105 102 191 134 135 239 245 169 322 117 203 137 95 222 138 79 154 43 152 44 337 312 311 77 56 68 113 183 294 338 22 326 349 250 156 115 104 328 72 340 158 181 143
317 199 185 67 300 319 2 192 289 212 162 41 276 254 53 204 284 58 17 173 27 18 180 66 107 225 305 78 20 109 262 128 135 178 184 208 59 288 227 283 203 19 5 217 281 154 232 117 90 346 105 205 239 28 126 134 61 43 340 102 145 311 343 228 272 245 255 338 7 79 56 55 253 287 44 37 207 49 337 47 259 77 150 72 181 143 48 86 349 222 238 22 264 326 183 68 188 169 344 191
317 192 319 300 185 162 212 67 2 41 289 276 107 254 173 53 199 284 180 17 225 18 58 204 27 305 262 20 135 66 109 217 178 90 78 184 19 105 283 208 128 281 232 346 59 5 288 169 28 102 134 259 227 228 126 311 154 145 203 54 205 61 343 37 44 117 250 72 292 43 15 137 138 25 337 272 165 340 229 181 191 77 7 95 239 183 260 253 146 100 47 219 56 245 322 22 116 241 55 222
66 184 317 217 192 283 319 346 107 185 232 162 284 300 276 17 2 53 212 41 67 78 289 305 90 199 225 19 109 254 173 180 20 135 58 272 262 28 37 311 245 204 27 105 18 145 259 281 5 128 178 169 288 191 208 149 337 343 54 203 59 117 46 100 239 77 181 73 207 95 134 177 210 205 129 227 241 146 277 138 228 253 166 61 69 292 140 264 3 47 126 348 82 322 206 174 137 198 165 344
225 204 27 228 18 67 180 254 317 102 288 126 134 61 137 199 162 281 319 219 284 300 58 185 20 41 107 2 154 250 59 276 15 208 109 105 72 192 152 262 305 25 117 229 340 212 43 178 17 289 22 227 44 53 5 203 205 79 135 78 143 66 173 239 326 49 312 183 170 85 7 222 188 226 338 346 310 90 128 232 217 169 167 104 113 28 106 186 19 280 86 184 23 245 238 295 55 177 150 272
228 281 152 134 288 229 225 126 61 102 250 72 25 59 15 167 44 280 227 154 79 340 208 203 222 143 183 43 137 22 205 49 239 312 58 170 117 310 188 85 7 86 186 326 104 300 284 106 178 226 238 162 343 150 185 145 2 68 234 107 114 78 338 276 41 20 105 113 262 259 53 192 28 32 254 212 95 17 115 135 180 67 148 204 128 66 23 27 263 209 319 317 219 19 236 141 55 18 56 217
67 317 204 180 27 18 225 199 254 219 162 41 102 185 300 281 107 284 276 228 319 58 2 288 20 109 192 134 212 305 208 289 105 59 137 17 262 53 154 66 126 61 178 5 43 106 340 22 78 152 205 135 44 143 173 227 229 250 117 79 15 25 203 338 217 72 167 222 90 322 128 232 169 49 312 183 170 346 245 19 272 283 239 165 326 28 310 86 113 85 177 186 191 238 226 23 184 7 140 157
152 229 102 228 281 15 250 134 25 137 280 312 72 126 44 61 167 288 222 310 225 49 183 226 154 205 59 170 104 85 188 7 86 340 238 208 106 22 43 227 150 68 203 117 56 79 239 207 114 55 58 326 186 143 148 328 113 343 338 255 145 38 294 234 334 219 287 204 349 122 209 64 302 263 273 330 180 27 153 62 32 320 95 236 89 103 18 344 284 230 240 23 67 21 254 300 315 78 233 98
67 204 27 317 180 254 199 18 225 219 107 162 41 228 300 284 319 185 276 102 58 288 109 2 20 134 192 208 281 305 22 212 105 66 53 17 43 5 137 289 262 59 126 44 173 78 61 178 106 152 154 135 250 72 340 227 143 165 128 229 28 205 19 169 117 322 217 222 312 15 167 49 232 338 90 25 79 7 191 170 272 226 86 346 283 203 177 183 239 245 23 156 238 158 68 253 311 198 139 188
55 312 68 349 148 56 328 294 222 226 334 303 310 306 167 104 207 25 77 344 72 44 277 15 253 137 112 315 82 134 228 102 250 126 225 229 61 152 183 188 288 263 14 7 273 191 170 302 281 147 49 318 89 280 208 22 86 150 59 238 291 176 234 340 255 232 227 198 162 264 64 287 219 85 284 342 336 145 154 205 67 43 247 233 343 271 180 168 300 201 195 117 113 346 143 308 23 331 122 240
317 319 192 2 67 212 300 185 41 162 199 53 173 289 107 254 180 276 18 27 284 204 225 17 109 305 19 58 262 20 78 135 90 28 5 178 219 66 105 102 208 281 217 154 169 283 59 228 232 54 128 15 346 205 177 253 184 134 227 106 340 43 137 288 165 49 191 322 126 22 311 117 290 82 95 203 44 61 235 146 260 292 259 183 216 207 100 201 337 250 85 343 116 113 170 272 55 245 238 33
317 199 67 180 254 204 27 18 109 300 185 192 319 162 2 5 41 212 107 53 276 289 225 173 169 305 219 284 17 20 58 102 191 281 78 66 135 105 262 208 19 95 90 253 149 178 232 205 59 184 217 128 82 154 28 346 137 43 227 343 283 311 134 15 22 340 165 207 288 145 116 77 106 228 344 260 216 177 54 55 277 322 34 68 101 49 245 290 259 126 147 337 301 10 229 61 44 203 117 56
55 349 68 148 56 328 294 303 334 306 312 222 226 310 104 77 344 167 277 253 207 82 112 25 315 137 15 44 72 14 291 287 131 263 318 209 255 176 122 191 342 147 330 229 335 74 264 302 64 102 227 271 331 252 247 89 42 280 273 225 172 233 343 308 202 116 195 126 232 145 168 188 134 61 198 183 281 38 181 2 152 29 250 205 258 10 240 260 336 269 124 7 216 208 259 170 292 228 257 219
235 101 132 133 293 33 93 215 290 316 24 12 151 158 6 16 37 177 84 194 130 339 299 270 11 156 138 296 155 274 287 227 336 131 201 278 205 219 22 209 64 335 122 322 330 261 291 154 128 259 271 340 260 180 187 97 254 183 196 188 43 165 253 27 168 344 23 77 67 175 240 55 233 323 319 40 193 147 203 17 186 184 15 326 208 99 238 207 78 295 161 343 145 53 331 255 82 80 129 258
149 191 95 169 5 199 109 317 343 67 204 145 180 27 254 219 205 259 18 253 82 281 34 107 77 277 78 162 53 66 207 300 41 185 2 276 319 305 232 208 192 165 344 284 102 139 346 22 19 322 217 128 198 225 292 212 28 306 90 340 283 137 290 4 216 184 106 43 337 154 94 245 59 156 20 146 147 151 174 105 272 241 116 262 17 227 177 23 84 54 318 47 58 181 99 164 301 273 10 190
55 349 56 68 148 328 294 334 303 222 306 312 310 226 167 104 77 344 277 207 253 112 315 25 15 137 82 291 44 263 72 287 176 14 147 255 247 191 331 252 102 273 264 302 74 318 209 42 131 89 122 229 330 280 335 216 199 10 183 188 172 61 126 64 7 116 342 260 232 195 271 225 317 134 5 124 234 128 168 227 250 301 52 233 319 308 205 181 2 258 38 240 145 85 281 336 67 152 202 170
287 131 255 209 330 122 336 42 295 23 227 61 335 64 103 16 291 154 43 126 59 38 112 168 264 22 252 234 315 271 55 68 263 40 340 278 208 182 83 128 288 293 175 176 123 195 205 233 316 187 297 273 344 101 104 318 14 52 349 132 89 235 312 290 219 302 6 239 338 328 33 342 272 138 294 93 346 156 102 158 226 225 172 240 56 44 306 27 343 259 180 203 253 207 117 285 204 228 232 215
55 349 68 148 56 294 328 303 334 306 312 222 77 310 226 277 344 253 167 104 207 82 137 15 112 315 25 191 147 74 317 255 199 72 263 247 44 291 287 10 5 216 176 331 209 116 330 2 102 185 14 318 302 172 273 122 252 131 260 124 225 335 264 64 271 169 67 300 343 232 145 301 229 227 95 89 128 42 162 319 173 254 180 126 297 154 205 61 259 281 29 181 269 249 280 183 7 188 48 340
187 182 40 278 175 16 83 123 285 163 57 96 75 197 279 282 295 144 244 125 45 251 275 307 213 266 76 248 121 193 51 97 267 130 91 215 345 313 108 33 110 235 201 296 101 287 55 290 255 316 133 323 219 151 61 36 171 48 12 243 339 289 207 132 299 27 349 44 293 336 338 196 88 281 195 6 102 226 126 50 120 161 344 204 271 312 223 11 250 103 332 93 21 288 335 38 70 319 24 247
199 55 317 5 56 349 148 68 328 294 67 109 334 306 303 77 191 222 277 180 254 312 253 344 169 207 226 15 112 204 315 310 167 137 2 18 82 319 185 27 300 102 162 305 216 104 10 291 255 41 95 17 147 116 247 287 232 74 263 276 107 128 331 289 225 177 173 20 25 149 192 212 209 205 301 154 172 273 302 284 176 260 66 264 252 281 4 145 318 58 44 53 190 208 343 14 346 272 126 61
191 169 5 109 95 149 199 317 77 253 55 148 68 277 344 306 56 82 207 349 180 343 34 67 145 294 328 254 303 204 222 334 205 291 232 112 315 312 226 66 281 263 185 4 172 305 162 264 137 10 104 2 116 216 74 27 287 176 18 318 167 102 107 259 346 255 64 217 15 273 310 209 53 302 59 128 284 300 301 227 154 190 147 276 131 14 272 41 17 340 297 89 168 245 208 260 283 142 192 173
149 95 191 169 145 343 5 205 109 259 199 281 77 277 34 82 317 180 4 254 253 232 66 67 207 346 204 78 102 306 222 283 273 263 184 137 27 312 208 18 226 291 227 344 64 107 162 340 217 239 198 59 209 228 272 43 264 146 337 255 68 181 288 284 142 154 172 37 70 168 302 167 89 287 338 294 241 328 276 42 305 14 219 334 131 101 55 303 152 292 22 47 148 216 225 72 233 147 139 318
93 290 151 101 197 293 84 215 45 33 76 177 96 12 213 132 345 235 133 174 99 130 158 140 121 40 272 296 245 285 100 196 81 295 83 141 283 80 187 261 216 337 123 63 156 114 199 194 189 243 10 161 16 260 66 322 348 270 206 278 157 43 3 241 94 331 112 338 175 346 317 117 339 166 182 60 62 341 274 181 232 47 116 98 73 307 239 256 69 247 320 311 97 37 323 11 146 163 315 86
93 197 290 151 96 293 101 45 76 215 84 345 213 33 177 123 132 12 40 285 158 121 272 30 245 83 282 156 163 295 94 99 313 251 321 133 175 187 63 266 98 174 144 279 296 140 108 243 332 100 157 267 139 278 206 80 62 320 241 348 91 141 57 130 189 311 235 333 337 110 47 182 196 338 315 146 256 341 1 283 103 66 216 81 336 322 307 166 224 181 73 165 106 193 116 129 119 161 75 3
197 45 96 76 93 345 213 151 290 101 40 293 121 285 282 163 83 187 215 84 175 251 182 266 123 278 279 144 33 313 132 57 63 177 108 307 133 91 16 243 295 12 267 110 296 75 97 51 130 235 189 193 30 272 275 244 141 323 332 248 98 99 216 125 297 10 245 321 320 333 156 48 116 260 100 315 291 338 80 62 158 331 157 112 196 153 1 255 252 247 47 88 86 309 5 161 140 311 36 349
197 93 45 290 293 76 96 151 101 345 215 213 84 121 132 33 285 177 133 40 83 63 235 123 12 187 243 175 251 266 282 295 296 189 313 163 130 99 323 182 80 278 30 51 141 16 307 97 272 110 216 279 174 245 144 332 91 108 10 161 98 267 100 333 156 140 196 158 331 48 320 94 81 157 297 247 193 116 260 338 315 57 321 309 62 43 47 66 5 1 153 86 164 252 311 265 73 230 336 42
252 315 104 61 126 52 112 273 176 25 115 263 302 42 287 209 131 236 222 330 89 15 255 21 340 29 8 288 291 72 167 234 188 310 43 318 122 154 228 272 68 229 44 113 183 239 326 227 59 36 245 153 250 14 157 134 111 38 238 22 246 148 230 312 295 195 342 152 143 320 64 7 264 137 62 102 79 328 203 237 186 85 308 347 208 280 117 294 98 335 56 127 205 170 150 172 145 119 202 257
252 209 287 131 255 330 315 122 38 273 195 52 112 176 42 263 302 237 64 335 89 291 318 172 271 236 240 21 233 14 115 8 29 104 127 234 36 342 157 264 113 153 111 246 308 320 62 202 230 98 222 328 68 294 25 340 168 142 272 61 56 257 227 245 119 280 334 126 43 148 167 154 310 15 295 349 137 239 326 139 22 72 198 347 203 232 205 55 34 229 343 145 312 188 224 288 121 59 183 303
64 38 335 271 233 240 172 330 122 195 131 209 255 287 237 127 42 234 142 34 257 252 171 88 291 176 263 315 302 112 340 118 4 227 167 22 70 15 52 154 347 273 164 14 43 324 310 124 147 168 312 222 104 264 226 89 301 280 295 92 334 145 318 207 343 149 314 224 5 74 236 223 68 294 328 247 56 148 109 59 190 61 336 169 6 7 201 55 8 126 51 219 232 244 25 10 344 24 113 181
64 271 233 335 172 240 330 38 122 195 255 209 131 287 237 142 34 127 42 234 257 88 291 171 118 147 252 89 263 264 226 302 273 176 315 112 168 14 312 340 70 280 124 4 22 92 207 154 52 301 247 232 164 222 324 43 344 342 349 74 82 55 318 61 68 277 167 205 229 104 224 314 198 153 249 281 137 227 236 148 295 313 184 266 91 126 21 331 145 72 149 253 57 193 56 211 15 110 113 288
172 64 271 335 233 38 240 330 122 142 131 209 287 195 255 34 237 171 257 118 4 70 88 291 234 42 127 149 252 315 263 92 176 5 324 301 168 314 318 169 164 236 264 302 74 190 21 147 273 89 224 113 340 15 343 191 109 104 216 56 342 112 148 145 222 68 10 14 205 334 167 312 124 193 226 153 349 328 51 95 207 338 46 294 116 43 308 129 297 310 77 188 98 52 227 313 139 229 110 85
16 235 278 187 75 182 93 40 57 244 307 24 248 125 130 97 175 197 163 83 213 279 296 132 275 133 144 123 285 12 282 215 290 345 196 51 193 293 299 101 201 76 33 45 121 80 323 84 158 151 316 6 99 96 332 333 219 266 156 141 251 261 37 339 313 30 108 295 270 336 11 81 103 231 274 194 1 319 150 324 7 161 88 27 18 171 91 23 114 138 42 95 120 180 34 325 267 59 160 347
34 142 172 4 64 171 70 271 88 233 335 118 149 330 255 38 287 95 122 240 169 164 324 131 145 191 343 209 291 195 237 5 257 109 42 234 127 51 232 92 199 273 252 314 263 264 205 193 295 259 52 89 346 184 224 180 297 315 147 302 168 254 115 74 281 312 37 239 117 113 176 181 104 223 146 102 266 253 340 317 59 283 154 222 188 227 137 288 98 293 229 251 228 157 101 66 198 126 61 236
278 16 187 182 40 175 248 75 57 244 279 125 275 163 144 282 83 307 97 123 285 251 266 313 296 91 295 213 130 197 110 96 267 196 76 24 235 121 108 345 45 51 193 290 323 141 333 142 171 332 88 80 220 261 118 120 26 6 99 1 81 299 63 93 70 231 321 201 339 84 13 344 324 150 30 156 114 189 19 242 309 7 160 243 158 216 28 151 50 322 327 301 10 194 211 164 331 4 274 170
142 172 34 64 4 118 233 271 171 70 335 88 240 330 164 122 131 38 209 287 257 324 255 149 145 195 343 95 291 42 169 237 314 191 205 5 74 127 234 263 51 109 281 252 273 232 92 193 264 176 104 222 224 259 315 346 295 89 312 288 115 340 68 55 318 236 302 147 113 338 66 148 168 349 283 102 37 239 56 21 297 313 61 184 77 91 154 198 167 126 98 251 199 266 347 253 43 226 188 137
16 278 187 40 248 75 182 57 244 279 275 125 175 163 144 282 307 97 83 296 213 251 130 266 313 285 91 196 123 197 295 235 24 76 110 96 45 290 267 51 193 345 121 141 81 108 142 171 261 99 88 118 323 93 80 6 299 120 333 332 220 30 201 231 1 84 26 339 63 344 70 150 7 211 114 156 151 101 322 207 147 4 164 158 19 13 86 189 28 301 34 324 37 160 243 219 177 242 331 253
278 187 40 182 175 16 279 144 57 163 244 282 75 125 83 275 248 307 251 123 266 313 91 108 97 213 110 285 267 295 130 345 197 96 296 76 141 196 45 70 28 118 120 324 81 121 142 193 321 63 171 30 339 4 261 19 26 51 333 235 309 332 88 290 37 93 80 323 194 207 231 257 1 151 92 243 24 314 164 99 220 74 84 156 211 325 60 12 344 50 114 138 201 98 155 189 36 316 202 62
123 96 285 187 40 182 278 213 175 16 83 45 76 345 197 295 108 121 307 275 93 279 125 75 244 141 144 248 57 30 282 163 313 193 251 332 97 321 266 51 91 50 151 243 267 333 309 110 290 11 106 84 1 160 132 325 322 201 211 21 63 80 257 271 33 138 219 336 189 223 293 23 114 323 194 256 338 274 88 231 196 215 142 286 36 6 37 143 120 157 161 24 118 316 302 177 31 218 139 155
144 57 279 282 163 75 244 125 275 248 251 266 91 313 267 110 278 187 307 182 40 108 175 16 130 123 97 96 118 296 333 321 332 213 120 197 223 285 83 30 242 50 196 70 45 76 325 142 141 80 309 1 138 271 4 231 171 31 63 88 345 243 235 132 211 288 295 226 324 150 93 37 114 240 160 170 34 256 228 193 134 58 168 38 198 189 281 78 201 147 35 312 290 221 205 335 299 229 264 39
16 187 40 182 278 175 83 123 285 213 295 279 197 76 163 96 282 75 45 57 144 125 275 345 244 307 93 235 248 108 251 132 33 51 193 313 130 121 296 151 97 266 141 133 91 290 30 332 84 196 101 24 215 138 6 50 333 293 12 1 161 267 270 231 58 110 338 339 31 299 316 194 63 85 59 201 243 309 219 156 323 154 49 106 185 189 37 36 128 43 80 142 18 44 227 255 321 86 177 22
235 16 197 24 213 96 76 45 132 93 345 123 33 138 12 285 11 133 339 175 141 130 215 187 182 161 194 316 83 40 121 293 309 274 37 278 158 151 296 84 290 80 108 101 270 155 201 63 156 189 299 243 261 322 332 307 288 295 6 143 97 333 196 60 114 54 99 1 150 338 81 30 79 336 177 57 160 75 32 117 348 193 85 256 272 223 59 144 20 265 231 268 203 218 163 50 323 219 341 61
321 31 50 108 223 324 129 92 325 54 46 309 70 4 164 190 189 243 211 74 218 118 73 63 268 124 47 88 147 69 314 87 119 344 140 257 120 17 241 136 100 311 3 210 249 139 217 308 216 298 181 161 13 253 82 90 220 242 165 198 65 171 142 26 116 269 166 5 146 289 184 1 109 224 34 277 159 32 258 77 57 264 14 337 292 10 207 333 271 301 214 332 265 9 283 20 35 342 110 338
235 16 133 24 132 93 33 290 12 138 40 187 215 37 6 177 278 182 158 339 101 316 270 175 295 293 274 11 151 123 84 83 201 323 45 130 213 285 161 299 196 80 155 296 96 261 322 194 272 156 99 345 193 76 199 307 141 121 81 67 319 143 239 178 79 154 18 117 114 97 61 260 5 336 262 180 245 174 317 165 197 109 17 20 202 51 185 254 169 116 208 27 49 207 332 108 150 63 88 305
321 31 50 108 129 92 190 324 218 325 46 4 54 74 223 211 73 314 309 147 164 70 140 69 124 119 243 257 189 220 210 47 136 224 139 216 241 249 269 120 13 17 268 63 87 100 311 118 161 214 298 88 3 146 253 116 308 344 181 82 32 90 221 198 77 301 65 217 10 337 166 9 292 264 71 265 271 289 5 283 35 171 338 172 291 277 304 159 247 327 341 260 342 242 330 207 179 173 48 14
138 339 274 24 37 155 194 235 270 11 201 322 6 158 20 316 156 16 161 93 33 12 177 133 299 132 305 84 105 99 261 290 219 174 1 114 141 332 333 80 256 151 165 79 58 123 211 32 215 220 309 182 262 326 40 265 338 189 143 178 186 243 196 87 276 295 285 94 272 39 213 35 60 300 134 120 225 96 140 63 284 296 130 268 117 159 286 218 17 78 107 345 45 348 100 83 311 135 3 81
324 70 88 171 4 164 118 321 92 142 31 108 50 34 193 74 314 257 223 224 110 51 267 313 218 211 136 91 5 266 251 13 289 325 109 309 220 190 172 301 9 11 129 85 57 63 277 298 189 119 147 144 243 327 161 207 221 38 54 46 258 120 169 296 270 344 286 242 15 205 214 271 216 77 199 339 69 17 244 111 269 52 265 334 124 71 259 149 116 331 64 137 123 247 194 326 133 40 75 39
93 235 33 161 151 177 84 133 290 94 12 138 274 174 132 339 11 322 194 341 158 348 206 37 99 155 293 114 156 101 215 73 100 6 270 140 24 96 54 311 165 256 196 80 213 299 129 210 45 40 47 146 245 81 166 261 3 46 76 337 201 218 69 316 184 119 232 241 272 268 296 123 16 292 130 160 265 219 186 181 60 278 1 326 197 346 65 108 305 260 20 223 87 283 141 224 345 117 217 109
94 341 348 206 54 129 210 73 311 256 174 140 46 292 100 245 337 47 146 139 272 241 69 3 190 283 166 177 119 84 90 181 66 304 65 346 232 136 184 87 33 298 9 93 268 265 218 105 151 20 109 214 286 305 221 217 269 301 161 290 99 338 71 12 322 156 293 258 249 191 308 81 133 143 159 325 80 215 17 186 5 132 274 43 164 276 302 169 202 101 211 261 158 327 89 220 198 107 242 277
94 348 341 206 54 311 210 73 256 129 46 174 337 47 241 146 140 69 292 181 100 245 3 17 177 166 190 139 65 109 84 5 232 119 184 305 268 283 269 272 346 217 249 191 169 161 33 214 66 87 151 317 258 12 9 301 298 276 90 124 105 93 82 202 199 71 116 20 136 308 253 198 216 265 300 293 290 53 99 107 185 277 164 340 95 60 260 10 338 135 133 304 2 81 28 261 314 286 221 43
126 128 48 61 297 288 168 228 59 203 227 154 208 43 22 117 340 79 72 44 143 239 338 134 25 250 225 167 152 183 281 229 222 205 312 170 310 68 7 102 104 259 326 245 188 291 55 263 226 264 85 178 86 137 58 272 49 343 15 145 302 186 115 294 295 349 308 238 176 328 89 209 315 105 255 273 234 287 148 32 198 318 56 280 330 112 20 284 87 42 216 262 131 311 122 306 157 113 334 38
48 297 128 168 104 263 176 280 68 264 131 291 25 273 29 310 315 167 287 349 43 222 42 209 252 137 148 330 239 302 294 328 312 227 38 61 203 126 35 55 79 89 44 113 228 122 338 250 318 56 112 288 143 102 36 32 59 342 22 308 83 340 183 237 255 229 320 117 335 334 303 198 234 295 21 281 7 205 62 236 225 202 64 134 179 85 226 195 152 14 188 245 272 72 141 119 306 15 159 258
154 227 287 59 209 340 131 43 255 61 126 42 203 208 330 117 22 122 239 288 183 205 79 44 72 38 167 222 134 143 25 250 170 335 228 234 7 315 252 188 195 263 312 104 68 338 343 15 237 145 326 310 58 273 302 240 64 271 233 245 49 86 112 85 272 115 291 259 238 229 225 55 281 89 56 295 176 148 127 152 52 347 150 178 328 294 102 318 226 172 186 264 349 128 137 78 168 236 2 297
128 297 48 168 28 173 289 19 284 90 319 212 2 225 185 192 53 281 107 41 162 17 300 276 264 78 83 137 320 58 228 134 126 147 157 159 102 21 61 288 62 205 44 338 72 291 198 109 203 35 55 176 104 135 301 54 129 46 312 280 27 259 117 32 330 60 302 20 4 204 208 207 227 311 250 66 263 317 22 98 5 43 340 226 89 262 325 265 139 59 216 344 243 254 153 154 124 349 246 75
291 301 264 147 172 247 216 168 190 263 10 89 116 318 302 331 260 176 297 273 14 64 112 271 342 233 315 34 240 330 124 232 128 335 253 38 77 255 308 287 277 5 191 82 74 139 209 195 202 142 207 344 122 131 55 169 226 48 334 306 237 252 249 109 199 257 349 340 303 68 312 295 15 241 42 294 104 328 88 314 177 157 217 198 222 149 171 180 204 118 47 219 95 305 4 56 346 92 148 245
23 103 336 165 219 156 322 158 299 234 138 66 272 30 346 316 123 106 245 24 293 12 232 151 180 45 33 127 215 174 263 84 339 254 283 102 112 239 290 338 285 96 202 27 201 93 11 117 295 347 292 217 250 139 199 184 317 182 308 273 121 99 14 195 40 256 181 42 343 302 80 76 167 29 288 21 270 143 44 230 41 162 276 225 291 191 36 81 238 157 115 305 284 20 315 228 319 95 134 208
138 37 156 339 194 274 158 155 299 270 322 11 6 316 201 24 165 93 33 219 12 336 23 261 235 174 133 80 66 223 293 177 81 99 114 231 283 40 123 103 213 272 290 60 151 130 196 182 215 134 67 84 132 140 188 238 101 32 160 54 64 146 250 337 184 106 317 192 22 162 73 1 181 45 256 3 35 180 14 161 265 83 19 186 20 241 183 27 333 127 61 102 278 346 332 18 43 139 105 95
322 165 319 317 53 192 212 162 289 173 41 300 2 156 107 185 67 284 19 199 90 276 305 78 254 180 223 225 17 158 66 27 20 28 204 18 262 58 299 109 135 194 138 219 105 339 5 23 54 37 274 178 217 270 155 346 11 201 283 128 184 169 336 316 24 232 272 208 6 311 22 134 102 59 145 259 95 190 205 73 227 93 191 43 174 343 139 106 253 103 245 340 46 281 177 154 263 260 94 137
235 16 133 132 187 278 244 125 248 182 40 57 275 323 175 163 75 33 279 93 293 144 121 97 83 282 51 307 215 251 12 193 266 296 130 197 101 213 313 177 24 267 91 345 290 110 285 161 45 88 295 96 201 270 196 6 84 108 151 76 52 231 123 8 171 100 324 140 344 158 70 289 118 319 299 333 114 192 173 174 55 27 11 316 261 254 331 155 339 189 63 160 243 50 180 221 321 13 212 185
26 6 120 299 201 220 24 211 339 325 242 155 156 274 158 270 261 13 182 39 160 332 316 1 333 71 194 223 327 9 221 11 187 80 175 138 219 322 231 40 307 278 214 165 63 189 295 243 37 81 285 286 83 200 16 23 196 298 60 123 336 275 329 103 114 108 248 50 218 304 31 97 161 90 30 99 259 130 244 202 136 284 204 75 78 14 178 343 265 262 107 141 344 145 213 74 309 134 28 323
66 23 217 283 225 272 162 276 219 346 107 300 41 185 184 103 2 305 165 317 20 58 284 245 199 134 105 281 208 53 67 204 288 78 228 17 232 336 109 262 18 178 180 173 59 239 117 5 322 254 319 192 138 27 338 212 289 90 227 143 135 203 115 106 79 154 158 205 102 30 126 340 61 156 311 174 44 22 25 19 28 210 43 128 177 139 292 157 259 3 145 54 343 87 234 33 104 222 72 29
201 316 23 336 219 299 103 11 6 24 158 339 274 156 155 270 322 194 138 165 323 66 37 51 193 80 223 106 261 160 202 14 174 112 346 54 295 283 308 324 152 347 220 262 29 18 176 318 27 12 41 211 121 134 250 107 58 74 259 90 334 70 177 294 208 81 284 345 314 249 119 310 88 182 99 278 49 69 205 86 217 184 328 178 65 238 1 237 117 319 342 325 175 302 204 315 114 83 19 292
66 217 283 346 184 272 23 165 41 276 162 322 300 2 225 138 17 245 107 185 232 58 284 305 53 20 262 156 317 178 105 90 158 173 135 288 212 192 78 117 239 208 319 289 134 219 336 311 228 59 199 103 143 54 28 109 115 338 210 227 203 281 292 67 18 19 79 139 154 119 205 204 126 30 61 128 5 180 145 337 174 343 341 27 254 299 43 29 22 259 11 157 44 87 340 348 241 206 33 100
155 274 6 194 11 339 270 201 316 138 37 24 299 322 158 156 336 219 165 261 23 12 235 80 223 66 133 16 177 174 54 284 99 107 33 283 346 114 81 326 85 103 93 217 134 225 290 20 139 278 78 160 256 41 58 46 231 324 137 40 218 305 295 220 272 184 232 141 27 4 205 105 286 338 123 281 161 276 182 60 70 65 294 17 86 157 83 210 178 215 113 193 337 323 262 186 132 344 162 106
165 322 66 156 158 283 138 272 346 217 23 184 299 223 245 219 274 103 194 336 11 339 232 155 201 17 37 41 90 262 58 53 270 54 178 208 316 107 305 276 6 311 162 288 59 24 2 284 106 117 99 292 300 317 210 139 338 205 78 227 343 119 325 12 18 185 348 73 199 212 319 239 105 93 20 43 337 154 143 79 27 30 28 261 241 80 256 69 174 33 19 22 135 46 60 47 115 228 145 67
