80 43 39 19 2 54 51 27 22 15 26 69 84 45 56 67 3 75 18 20 14 66 65 53 47 55 10 62 41 33 37 36 32 63 35 8 6 57 29 23 34 58 82 61 78 38 12 64 89 9 77 40 79 11 76 7 42 46 44 31 70 25 74 87 60 28 49 73 13 24 83 5 21 50 86 85 68 30 48 72 1 52 4 71 17 16 81 59 88
39 63 35 80 31 33 78 29 34 23 58 6 61 43 12 11 42 8 13 38 48 64 75 50 9 82 60 21 7 68 28 87 85 44 27 74 5 55 52 40 30 83 79 76 86 49 57 4 70 46 73 72 2 24 25 54 81 20 69 10 14 26 19 18 67 84 17 22 16 65 71 88 45 51 15 3 1 56 66 47 37 53 32 62 41 36 59 77 89
74 79 86 28 72 42 52 5 13 23 49 50 34 85 87 39 57 60 63 30 48 38 64 29 21 78 58 4 12 68 75 82 83 6 71 11 40 61 35 46 31 70 17 24 9 8 7 88 25 62 56 59 89 77 22 26 67 15 27 51 81 84 73 16 32 19 1 10 54 36 69 2 33 55 43 76 14 44 3 66 20 80 18 53 37 41 45 47 65
74 52 5 42 79 50 72 86 28 13 34 49 23 39 75 85 11 31 60 21 30 87 57 63 48 17 38 4 29 78 43 27 68 71 6 12 64 58 19 56 61 83 26 80 67 22 33 2 10 37 70 51 15 40 82 62 32 47 54 84 24 77 65 20 45 14 41 36 35 25 53 69 18 3 44 55 73 66 89 76 81 88 9 1 46 16 7 59 8
87 60 74 30 86 79 13 52 42 68 5 50 72 38 34 64 28 58 29 57 61 6 49 70 12 85 48 40 23 83 39 35 63 82 24 46 78 31 21 11 9 75 4 71 8 25 17 33 55 26 54 10 22 69 3 81 62 44 84 16 32 56 88 7 2 27 73 15 19 51 67 80 76 14 59 1 89 45 65 43 36 18 77 37 47 53 66 20 41
74 86 52 5 23 34 42 72 50 28 49 79 13 85 11 75 39 60 31 87 30 57 63 29 21 82 48 78 40 38 35 27 61 58 4 6 64 68 70 12 33 17 80 83 71 43 76 22 24 56 55 44 84 2 26 54 69 19 41 3 67 62 73 25 51 15 14 47 18 32 10 46 37 66 9 36 45 53 65 8 20 77 7 89 88 81 16 59 1
5 86 52 74 72 50 79 49 34 13 42 23 28 39 11 75 31 85 60 87 30 21 63 57 48 38 27 78 17 29 80 6 4 67 64 19 68 70 43 26 40 10 56 58 61 32 51 15 54 82 71 12 36 62 22 33 77 2 84 83 53 20 65 3 35 37 45 24 69 47 41 44 18 14 66 76 55 9 89 25 73 81 88 1 59 46 16 7 8
74 5 79 42 52 72 86 28 34 50 13 49 23 39 11 75 31 85 60 30 87 21 57 63 38 29 48 6 27 17 56 68 22 19 67 4 43 26 58 61 12 64 15 36 20 51 2 10 71 78 84 80 53 40 54 35 45 70 14 82 37 47 83 41 62 65 32 66 3 77 33 24 18 55 69 9 89 44 46 25 73 59 76 88 1 81 16 8 7
74 5 42 28 79 52 13 72 34 50 86 49 23 39 11 75 31 60 87 30 21 85 63 29 68 57 6 61 58 70 41 27 14 43 12 38 22 17 56 35 37 80 4 45 82 54 47 84 2 19 40 20 65 53 26 67 64 36 33 15 83 9 51 71 48 10 3 78 18 62 77 66 32 46 69 24 44 55 89 8 25 76 1 73 16 81 7 59 88
74 5 42 79 34 28 52 13 72 50 86 23 49 11 39 75 31 87 60 30 85 29 21 63 68 57 6 58 38 27 70 61 12 14 22 35 56 82 40 48 64 41 51 43 83 26 20 53 19 47 37 15 84 2 45 78 67 17 9 4 54 24 66 33 65 80 3 46 36 10 62 77 18 32 71 55 69 44 89 8 76 25 73 81 1 59 7 16 88
4 78 48 17 21 86 31 71 87 81 1 25 59 85 60 57 49 88 13 50 30 76 9 74 52 23 44 79 7 33 8 64 63 46 77 39 5 58 68 73 28 34 16 42 29 55 70 38 72 89 83 61 12 82 6 40 10 75 24 62 32 35 67 15 69 54 84 3 26 14 11 80 19 18 2 27 43 51 45 65 56 20 37 22 53 66 36 47 41
4 81 25 1 71 17 88 21 44 59 16 76 73 31 7 86 9 78 48 8 33 23 50 39 52 49 55 28 13 77 34 85 79 87 74 42 46 5 57 89 63 60 72 62 10 30 75 29 67 58 68 64 32 38 12 82 83 69 54 26 70 6 3 40 19 43 15 2 20 61 84 35 24 14 80 18 27 22 51 56 11 37 36 65 53 45 41 47 66
7 1 44 4 25 8 71 17 88 21 9 81 76 59 73 16 78 46 63 55 38 12 48 87 85 58 31 57 35 23 33 70 64 60 6 68 82 61 39 83 42 34 30 86 50 52 13 84 24 28 74 22 29 67 19 15 56 80 40 79 2 14 10 26 51 43 49 54 62 5 69 20 75 89 65 72 27 32 77 45 3 66 37 18 36 11 41 47 53
33 55 31 39 44 25 76 80 27 81 43 10 14 54 3 16 32 37 84 2 73 19 63 67 9 69 22 26 1 75 15 88 65 51 8 57 45 18 53 13 7 62 68 20 47 42 56 34 41 46 21 4 59 89 50 12 60 58 38 6 77 66 17 36 87 86 74 70 82 85 52 29 28 61 30 78 23 48 35 11 64 40 71 5 79 49 83 24 72
40 6 83 82 24 38 61 29 70 64 58 35 68 48 87 60 12 63 30 57 78 85 11 9 46 75 22 39 45 5 50 27 36 80 20 14 53 41 74 79 66 13 54 31 72 42 65 8 56 86 19 2 49 47 37 43 52 26 23 28 84 34 3 32 51 67 18 10 69 15 62 77 33 55 89 21 59 7 4 81 17 88 71 76 44 16 25 73 1
11 5 50 72 74 79 13 42 34 49 52 86 75 28 23 39 85 31 63 27 29 87 60 82 40 30 83 6 35 58 70 38 61 68 64 48 24 21 57 22 20 53 66 12 36 43 78 41 80 56 14 32 45 37 47 26 2 54 65 3 9 69 10 33 51 15 19 84 67 62 18 4 46 55 71 77 8 89 59 17 76 16 44 81 73 25 88 7 1
54 14 2 19 3 53 45 56 18 22 26 10 67 20 69 84 65 15 51 62 66 75 32 36 41 37 27 47 80 43 39 89 55 77 57 86 33 31 74 34 13 52 87 5 79 50 42 28 23 49 63 85 58 72 30 29 21 64 11 60 38 78 6 40 70 82 68 9 61 76 4 1 25 48 81 17 12 44 73 8 16 46 83 59 35 71 7 24 88
5 75 31 74 39 79 34 50 86 13 52 42 45 49 72 20 23 53 87 54 19 67 11 28 22 26 36 85 56 84 14 27 10 65 15 37 2 51 41 47 32 57 62 3 60 63 80 66 30 69 18 33 55 21 43 40 6 82 58 89 38 77 48 78 29 68 64 70 4 61 12 83 25 1 9 17 76 16 44 35 81 24 71 46 73 8 59 7 88
54 53 3 2 69 20 18 10 66 14 75 19 67 26 84 27 22 62 51 45 36 15 32 65 56 47 41 37 80 77 89 43 39 55 57 23 31 49 63 74 33 72 5 50 34 87 52 29 60 86 79 13 11 40 85 48 28 30 58 82 42 78 64 35 83 6 76 38 70 44 68 61 24 73 25 9 21 8 4 12 59 46 81 17 1 88 7 71 16
45 54 65 14 37 47 41 66 20 19 36 53 2 75 84 22 67 56 18 26 3 43 69 15 10 27 51 62 32 80 39 57 87 31 77 34 89 13 63 74 79 5 86 50 33 30 11 42 52 60 23 6 55 58 85 49 38 70 64 72 78 9 28 40 48 68 8 21 61 82 12 46 83 29 81 1 44 25 24 4 73 7 35 76 88 59 17 71 16
