126 87 102 151 125 73 48 178 104 230 13 123 128 190 217 21 62 183 182 149 14 147 16 236 42 58 29 54 26 228 17 103 154 141 5 33 200 57 47 3 110 115 122 219 98 136 109 77 225 172 15 41 37 7 8 181 4 118 189 164 24 30 195 150 211 59 233 146 130 221 90 2 6 203 68 22 95 96 121 55 226 166 94 116 234 161 197 174 138 39 173 78 184 84 40 162 198 9 44 97
17 58 228 141 219 3 21 233 182 5 73 16 128 178 87 125 48 126 123 13 151 102 190 154 104 225 98 109 59 4 195 197 40 150 61 173 78 130 115 222 217 37 221 138 8 41 30 6 149 211 147 122 62 121 55 113 166 44 198 191 184 188 14 172 28 19 236 169 42 117 207 208 53 230 57 175 97 96 95 136 52 88 32 103 26 84 135 77 54 43 29 93 33 116 124 15 185 51 110 94
126 42 102 87 230 183 151 110 57 73 125 149 77 229 15 48 178 104 172 13 96 111 123 217 128 21 182 153 14 116 147 62 216 190 54 24 124 122 121 181 11 115 95 58 47 29 41 33 208 2 16 5 109 163 7 146 26 164 236 103 59 136 55 22 214 198 166 154 120 184 8 161 90 211 155 9 175 118 43 88 97 234 203 607 70 223 68 138 30 130 179 66 75 176 31 150 139 94 189 200
126 87 230 102 151 183 42 125 73 57 149 110 104 48 178 77 217 14 15 62 54 147 29 236 26 123 33 103 47 200 229 13 7 136 172 24 181 189 164 21 2 95 182 90 96 146 122 22 234 118 128 94 161 203 41 211 9 190 8 68 226 116 84 97 39 30 174 58 93 55 208 16 175 85 121 162 115 135 153 5 59 216 198 143 109 231 154 37 235 111 150 4 166 184 130 124 98 195 227 225
26 33 189 54 118 147 14 200 62 103 47 29 104 236 217 90 126 230 234 181 7 226 68 136 2 164 146 125 123 122 161 235 183 94 87 162 24 227 84 102 15 85 9 22 73 77 203 95 143 42 110 182 96 39 172 149 21 116 124 97 151 135 174 75 57 208 93 229 101 119 175 231 232 38 186 178 105 48 158 155 114 55 111 198 153 667 121 170 74 635 607 31 58 634 35 5 13 150 19 197
77 149 154 13 37 109 115 11 172 8 130 110 195 178 166 4 30 150 126 41 221 96 16 138 190 128 44 173 116 225 98 113 48 6 78 42 184 87 88 102 32 151 28 211 61 188 17 3 53 124 169 40 73 21 219 228 59 182 197 196 125 117 19 52 199 43 233 5 58 141 104 191 121 207 57 123 210 229 34 72 222 183 95 148 81 599 79 201 55 15 108 176 645 675 587 659 62 392 667 216
77 149 110 11 96 42 116 172 126 115 13 178 102 8 109 124 87 16 130 4 150 221 44 195 98 41 229 37 57 30 48 151 154 225 113 128 183 15 6 125 73 211 166 138 190 78 173 95 53 184 40 75 203 188 21 3 182 108 210 2 32 88 59 72 24 228 174 181 121 39 123 104 61 17 169 667 233 141 219 164 148 19 81 146 94 68 33 58 55 22 136 26 279 74 587 198 217 161 117 28
102 125 126 87 77 151 178 48 73 149 42 13 110 104 123 217 96 26 183 128 136 116 190 172 181 62 21 147 33 95 230 14 182 16 122 15 146 68 154 7 229 2 189 55 161 17 203 58 59 198 24 208 90 54 164 124 118 39 221 84 97 40 94 98 11 22 150 121 226 93 225 41 234 75 9 130 44 5 85 195 135 228 4 8 200 3 103 78 141 6 174 231 29 211 219 115 175 233 162 57
208 161 84 135 198 55 85 164 231 9 97 93 94 95 77 181 24 22 226 175 203 39 2 146 162 90 235 68 7 122 136 59 123 183 125 230 234 110 149 121 42 174 96 104 172 147 217 143 126 33 87 73 189 40 102 21 14 178 124 116 62 26 182 227 150 229 15 151 75 78 41 130 13 211 48 279 103 54 195 29 8 232 58 30 186 5 118 154 236 109 101 293 119 138 173 158 221 74 16 57
161 230 183 164 90 181 84 85 235 162 226 68 9 146 94 7 2 234 93 97 24 135 136 189 22 231 122 143 77 95 33 208 110 42 227 175 203 55 125 26 198 39 15 14 229 96 62 147 149 174 126 123 104 217 172 103 87 59 29 102 73 47 54 121 116 236 182 124 75 40 150 21 118 119 200 57 178 101 78 151 232 186 130 158 105 13 635 114 667 38 170 279 19 74 611 48 154 35 658 128
170 607 94 161 137 175 14 80 143 121 146 230 164 85 42 217 2 7 9 62 183 84 181 135 162 104 208 93 231 33 68 235 97 15 29 593 184 136 603 149 122 47 174 90 130 28 206 138 126 103 192 108 236 195 234 150 78 41 57 26 87 644 672 54 129 147 632 8 55 182 24 172 12 22 188 173 110 30 226 591 636 253 102 144 657 590 153 105 198 649 594 101 211 95 123 227 113 635 81 72
170 62 14 103 29 47 137 607 230 217 80 104 183 26 94 161 33 42 236 15 146 164 181 84 54 126 2 123 206 96 85 68 143 234 147 672 182 90 110 162 175 7 87 658 122 189 599 660 609 9 102 620 172 121 124 75 210 136 665 125 614 591 226 635 638 235 72 229 130 24 73 118 93 200 97 116 186 57 636 650 151 153 38 192 231 603 135 158 5 138 21 82 12 590 129 593 133 208 149 195
170 137 80 62 607 14 47 103 210 217 206 599 29 104 614 665 96 672 82 658 638 236 124 108 635 26 620 182 94 636 133 147 201 660 123 12 107 126 72 33 609 106 172 87 75 138 15 237 130 27 184 54 667 173 591 603 592 230 628 150 78 602 590 457 192 19 125 81 129 191 598 193 376 195 2 644 209 181 171 650 57 111 470 143 180 32 60 200 275 146 116 197 186 5 178 624 587 158 544 477
170 62 14 137 103 80 47 29 607 104 217 230 33 26 94 236 87 147 206 672 54 183 123 182 15 599 126 124 658 2 96 181 161 84 609 665 164 75 660 175 146 620 638 42 143 210 172 635 189 614 125 200 82 667 68 162 72 591 102 97 186 234 122 590 121 5 136 55 85 118 21 7 650 108 636 138 59 19 192 135 93 9 195 603 235 78 57 73 38 110 151 130 178 184 90 231 593 32 158 208
170 607 14 80 161 94 175 62 121 137 15 42 2 164 104 183 33 230 146 85 217 181 9 135 208 84 162 143 7 231 174 593 138 149 68 93 126 29 235 47 103 122 97 54 136 195 236 26 644 130 41 78 57 153 211 39 150 22 253 147 206 28 30 95 184 87 636 234 129 672 90 635 8 632 172 110 105 55 603 24 659 594 101 226 182 198 108 664 634 671 630 123 37 173 77 368 102 113 192 6
170 161 94 14 175 607 80 85 164 146 84 230 15 42 2 121 135 9 208 62 137 143 183 181 104 217 7 162 231 68 93 97 235 593 149 33 174 29 184 136 138 195 122 126 130 103 22 28 47 234 57 26 78 41 110 236 150 182 90 24 147 211 8 54 172 95 39 632 30 253 644 153 123 192 603 594 206 129 226 368 87 108 55 102 77 229 96 101 198 173 105 73 113 188 672 659 635 671 125 115
170 607 137 80 161 94 62 14 104 230 85 175 143 121 183 84 29 217 42 15 164 47 9 103 206 135 162 146 231 593 2 235 208 97 7 33 603 93 181 122 138 591 234 184 68 192 126 26 90 182 130 658 644 136 149 672 632 195 108 12 129 55 123 635 57 174 172 102 620 78 87 636 226 147 590 28 110 41 105 153 650 227 253 95 22 101 150 198 73 59 657 210 236 609 21 54 188 96 27 173
11 115 77 149 172 108 170 32 81 144 12 116 80 96 210 129 237 28 184 109 593 16 130 63 148 138 649 133 173 166 187 150 124 99 153 98 41 195 206 82 169 192 167 37 57 110 117 156 165 53 180 8 72 60 27 19 188 213 4 218 632 113 675 171 607 71 79 76 83 137 207 6 88 64 66 1 49 194 228 603 671 667 141 182 191 30 225 224 20 152 594 3 43 221 185 42 10 145 645 61
86 153 111 11 649 180 99 77 20 218 172 145 60 83 57 132 223 96 31 163 131 155 213 64 160 149 35 179 124 120 70 116 80 112 167 10 63 176 100 66 45 115 194 210 79 214 15 88 1 152 53 165 139 156 184 110 43 49 34 185 170 28 216 169 224 76 117 207 27 138 664 108 71 634 607 192 190 171 42 671 51 113 220 193 166 32 645 44 237 229 130 150 137 101 675 187 105 129 13 593
170 14 15 230 607 161 175 94 80 62 42 164 121 183 84 2 85 146 9 217 68 135 33 181 208 104 29 93 136 593 231 54 57 7 126 122 236 162 137 97 153 174 26 22 172 103 147 149 211 110 24 78 195 229 47 41 143 235 116 39 95 96 253 184 643 234 28 123 124 129 673 130 644 182 8 203 632 77 200 138 206 102 150 73 30 55 594 125 90 659 113 207 111 226 101 634 635 87 75 72
105 101 124 119 74 75 232 96 60 114 23 116 91 172 158 215 38 186 20 99 83 160 64 213 210 111 649 648 25 165 180 645 86 32 194 152 63 493 89 155 179 92 66 671 80 587 223 145 45 53 167 69 640 214 662 187 674 139 34 665 27 642 578 667 193 50 218 70 666 675 171 153 49 144 591 201 416 127 88 641 163 107 176 67 31 617 659 651 169 625 598 43 664 100 619 131 537 600 156 291
170 47 103 29 62 14 104 236 607 217 80 137 33 26 54 200 87 94 186 189 143 230 234 2 164 147 90 118 158 210 123 181 162 38 7 96 161 75 84 125 182 82 235 126 184 226 124 146 183 172 24 122 68 138 85 21 175 151 73 22 121 136 232 101 78 206 227 49 93 41 169 9 102 5 130 187 135 55 8 203 129 15 609 660 635 150 108 42 105 97 672 27 178 174 163 155 192 119 208 133
170 47 62 103 14 29 104 607 236 80 217 33 137 26 75 54 186 158 234 94 96 123 126 87 143 2 200 230 38 232 118 147 164 162 90 125 227 210 189 101 181 672 182 171 175 24 116 161 226 609 105 235 124 7 146 84 22 172 82 21 27 599 163 183 102 187 72 133 55 5 119 635 122 78 151 68 135 174 85 138 129 590 178 130 93 636 603 74 184 95 73 208 37 667 32 57 206 121 155 203
62 14 103 29 170 47 104 217 230 183 33 607 236 161 164 26 42 54 2 94 181 146 129 80 7 110 175 15 137 87 85 143 84 234 24 90 9 122 68 200 93 126 147 226 162 123 96 136 229 22 208 121 189 102 172 82 182 135 95 97 118 125 235 203 231 57 186 55 41 151 39 192 108 635 611 73 206 158 174 470 150 259 184 149 130 72 227 32 8 21 510 305 116 78 195 124 38 293 138 279
11 77 149 115 172 153 116 30 41 8 130 195 96 16 109 138 80 110 4 150 98 53 81 28 113 6 184 88 13 170 37 108 42 166 593 225 124 221 169 57 117 207 44 32 188 173 31 178 607 211 86 210 651 79 671 70 649 126 102 144 228 43 594 52 78 675 156 72 120 640 237 185 148 608 76 634 99 179 154 632 12 190 167 176 87 664 71 3 196 48 128 642 83 141 111 15 89 66 631 214
11 77 115 149 172 116 96 153 110 109 80 30 16 88 13 53 8 124 41 32 130 4 138 195 98 42 170 6 169 57 108 113 81 37 221 166 150 210 184 207 44 144 225 72 237 79 86 128 12 117 102 148 178 211 43 28 671 593 126 173 78 66 154 190 188 31 228 87 607 89 83 71 60 649 52 99 48 70 151 21 176 182 640 129 20 3 15 156 179 675 19 111 171 214 76 63 34 165 187 594
86 153 111 132 180 145 218 649 99 35 220 60 155 194 20 160 64 83 213 163 10 112 100 139 223 120 167 49 15 31 57 70 63 176 179 80 152 214 1 131 11 156 79 170 66 216 165 593 634 76 210 192 27 172 594 224 45 664 587 88 193 673 675 205 51 34 96 18 610 52 137 43 149 674 646 113 185 644 117 71 159 89 108 598 25 157 28 643 77 142 65 645 595 187 188 53 607 44 626 144
60 105 101 20 124 119 99 96 75 83 74 232 172 160 116 23 91 158 114 186 38 215 64 213 210 111 649 165 180 25 92 66 86 63 194 32 645 587 50 152 145 153 80 171 67 667 674 144 493 139 69 398 79 27 155 218 34 187 578 223 127 671 70 88 625 648 662 163 308 179 666 53 36 46 176 167 214 250 112 49 35 89 675 480 43 1 129 31 443 426 267 82 297 598 193 120 199 291 100 170
170 62 103 29 47 14 217 104 236 607 137 54 80 26 33 94 147 234 230 200 2 143 75 164 87 118 181 189 123 24 126 90 186 7 226 227 210 175 161 84 183 125 146 162 158 38 121 96 22 235 174 172 85 151 122 9 232 95 57 206 82 135 136 102 68 15 182 73 93 72 124 97 184 208 203 39 42 55 187 101 133 163 105 21 78 211 178 198 231 138 129 32 5 116 41 108 8 635 171 153
170 14 80 62 607 103 143 94 217 29 47 164 33 104 137 161 230 162 146 54 235 234 175 84 42 129 96 181 183 236 2 57 32 208 121 108 226 172 7 15 26 105 667 187 85 210 75 135 68 174 227 147 116 609 90 9 635 110 87 82 124 184 101 144 200 231 149 93 662 24 115 368 150 126 123 672 206 630 166 12 659 125 22 19 118 279 671 130 133 136 122 636 275 49 71 158 186 72 88 182
11 77 149 115 172 130 138 153 150 116 195 30 41 81 96 8 184 593 166 28 110 80 117 109 98 207 124 16 13 6 53 4 169 88 173 191 178 108 225 113 44 170 78 37 42 221 31 32 188 154 126 185 86 57 76 144 99 148 211 649 607 210 179 43 594 52 671 651 156 79 70 141 190 102 95 228 59 120 61 3 72 237 675 632 51 121 182 12 176 48 58 167 83 63 87 111 214 40 15 128
11 77 149 80 170 115 172 153 96 109 116 110 130 32 210 207 184 169 138 150 8 30 166 88 607 108 144 13 78 42 191 16 117 86 124 593 44 81 195 28 53 41 31 57 178 6 113 37 79 173 221 154 4 12 43 98 126 237 120 102 176 182 211 87 66 70 671 649 71 63 185 104 145 179 72 156 137 76 214 99 14 100 190 62 165 89 121 167 225 594 51 148 52 188 228 21 128 163 15 155
86 153 111 132 218 649 180 145 99 35 155 64 20 213 163 60 10 220 57 223 194 112 83 31 131 160 100 179 15 11 167 139 120 70 63 172 45 49 216 66 152 156 1 96 176 79 214 80 124 664 210 587 165 76 27 170 193 634 149 192 71 137 645 229 224 88 185 117 51 43 28 34 643 673 675 52 207 674 113 116 89 53 184 169 594 107 648 610 77 607 646 671 663 25 644 593 651 138 665 640
170 11 80 77 62 14 607 172 137 149 96 47 115 593 110 42 230 29 57 104 103 116 649 210 217 153 124 109 671 599 183 111 15 108 133 182 82 184 94 87 130 78 129 123 89 171 236 609 181 126 27 102 125 138 237 658 32 169 2 150 66 12 28 44 8 165 635 175 672 206 195 673 76 75 26 187 31 33 158 675 164 16 192 229 594 120 638 68 648 63 660 186 86 72 221 163 117 156 591 70
105 101 119 75 74 124 232 96 60 114 158 38 186 116 23 215 91 172 20 99 83 160 210 111 64 645 213 32 86 223 180 80 34 25 649 493 66 578 587 667 155 139 163 398 201 70 92 674 88 153 666 165 53 27 171 194 138 214 505 443 480 35 187 250 176 144 426 297 284 179 671 662 45 275 89 263 145 199 57 591 167 308 47 432 100 665 216 1 416 49 170 457 318 648 120 43 433 50 267 31
170 137 47 62 80 14 103 29 607 96 217 104 75 26 230 124 236 94 234 101 232 186 158 33 143 126 105 172 206 87 164 90 162 2 38 15 54 183 116 119 118 161 235 189 210 32 146 181 184 84 68 147 123 74 192 470 72 82 635 125 7 665 27 108 221 42 609 138 672 24 111 614 182 658 133 187 129 591 114 599 85 57 122 457 226 130 477 12 102 505 603 151 227 636 110 88 660 620 275 200
14 62 183 103 230 29 42 161 217 104 164 170 181 47 146 2 94 68 7 15 33 26 607 85 236 84 110 54 90 136 80 9 175 87 149 143 234 24 137 162 121 147 122 126 93 102 41 226 130 229 195 189 129 22 8 200 182 150 125 135 123 184 235 97 108 57 96 174 78 118 115 32 55 28 208 39 151 138 16 231 221 21 166 73 6 95 82 44 172 37 72 113 203 192 227 30 116 206 124 635
170 14 607 161 62 230 183 29 42 146 137 94 103 47 104 164 80 7 217 181 2 85 33 68 175 15 9 84 236 110 129 149 143 184 136 26 93 122 54 121 28 135 90 162 57 229 82 97 87 108 126 208 41 172 206 96 130 234 192 24 195 8 235 102 231 22 150 226 138 78 603 12 147 593 174 144 644 32 116 66 117 37 189 632 187 182 591 635 72 200 650 123 95 153 133 53 166 55 81 125
14 62 183 217 230 29 170 161 42 103 104 164 47 94 146 607 181 2 15 175 68 7 137 33 26 121 85 236 84 9 80 54 110 93 90 136 147 126 87 149 143 122 129 97 229 24 135 234 162 57 208 108 184 28 231 150 226 123 125 195 102 174 130 22 632 200 78 72 82 206 55 96 41 182 192 39 235 189 95 8 32 644 658 73 138 172 115 144 591 253 593 293 151 211 660 166 221 118 6 635
170 62 14 47 103 29 80 137 607 104 26 217 33 236 230 54 96 87 94 189 126 183 181 200 234 75 90 42 164 2 161 146 158 7 124 143 123 172 102 186 147 68 118 182 125 184 151 15 149 210 84 110 221 122 162 232 24 116 82 72 38 136 138 85 41 21 73 226 32 101 9 178 130 206 57 6 175 8 195 16 44 129 5 109 609 13 105 133 192 235 111 88 108 115 53 12 22 119 229 150
11 77 115 149 172 116 41 96 108 138 8 195 4 150 109 16 30 166 130 81 98 110 184 113 32 28 37 6 124 153 53 80 188 169 173 144 13 221 42 207 170 225 57 237 44 117 88 210 72 126 211 191 12 148 178 79 43 228 102 52 78 649 185 99 76 167 593 121 87 141 48 156 176 129 196 671 190 111 154 3 607 31 182 51 128 216 83 675 95 61 58 21 66 120 70 59 179 20 218 131
11 77 115 149 191 195 150 173 130 138 117 207 172 28 593 184 108 153 109 169 8 41 116 51 154 166 76 30 113 32 98 185 61 16 53 6 80 59 144 78 96 88 4 188 58 178 225 44 81 110 221 40 121 141 13 42 182 3 228 124 170 211 156 233 37 52 197 31 219 190 126 128 167 79 57 21 148 99 70 216 100 179 111 12 145 43 120 25 210 95 176 208 237 102 122 196 214 97 594 72
86 153 111 132 180 218 145 649 99 35 155 60 20 223 31 163 112 194 57 70 100 220 179 139 83 120 131 10 45 64 167 213 15 214 11 160 66 216 229 176 156 63 49 80 79 27 76 224 193 648 165 96 170 1 634 137 210 172 124 192 644 665 185 643 664 88 152 673 587 43 51 610 646 107 71 642 671 34 149 593 117 645 77 89 609 110 675 654 595 650 594 201 663 53 598 101 632 591 655 596
11 77 153 115 149 86 172 180 111 96 649 218 116 124 113 99 53 138 210 145 80 88 194 57 110 28 31 108 76 184 593 179 44 83 60 166 117 6 20 167 4 109 52 70 170 176 213 221 131 98 100 188 66 207 120 160 79 185 63 223 43 130 42 216 64 675 214 155 156 16 32 51 169 112 41 150 81 196 165 163 45 225 10 607 195 34 237 594 8 13 224 37 48 173 67 634 72 152 139 12
191 11 593 77 76 185 51 197 156 207 117 153 149 115 80 170 224 167 222 121 31 78 150 159 179 173 142 59 651 169 100 182 28 70 130 36 139 649 175 1 208 67 172 99 138 58 40 120 86 71 65 194 95 168 184 111 211 25 213 193 594 202 671 145 97 154 231 157 131 61 205 216 195 124 45 228 210 104 217 673 135 122 68 57 141 112 110 233 116 69 631 178 212 79 42 163 165 64 198 46
191 11 77 197 51 593 76 170 185 80 115 153 207 117 172 156 202 222 67 25 31 159 36 179 122 110 169 111 217 104 167 149 212 150 70 100 157 99 69 121 96 78 168 14 65 28 124 92 142 62 214 116 184 139 643 1 46 130 127 224 178 19 173 57 40 60 175 205 120 136 182 95 125 195 210 61 42 675 649 59 68 154 607 102 163 131 138 213 664 45 83 216 88 673 20 108 634 109 151 15
191 11 593 197 51 77 76 222 185 170 117 78 121 122 150 173 156 207 80 59 159 40 175 61 104 115 231 97 153 168 149 208 167 217 224 130 55 28 136 138 65 205 135 195 68 178 1 179 198 100 31 93 182 184 25 169 36 14 62 58 202 157 95 99 111 70 154 211 69 9 84 19 108 212 125 142 181 649 120 172 116 73 110 146 141 94 42 139 21 190 607 60 2 644 194 164 102 87 71 57
101 105 119 232 124 75 74 114 96 158 186 38 60 91 23 215 172 116 20 99 83 160 210 64 111 213 86 153 89 214 320 155 645 201 107 152 80 45 62 14 193 170 223 587 120 32 165 34 53 88 110 70 43 25 47 351 483 671 649 163 49 578 56 243 674 57 176 666 398 104 171 66 267 537 209 140 179 129 230 63 139 183 182 493 662 13 1 31 92 432 42 27 664 184 217 10 177 640 169 273
170 137 607 47 29 62 103 14 80 104 217 26 236 230 126 75 33 96 234 54 143 94 183 147 87 172 101 124 162 125 27 116 57 232 90 184 153 123 227 158 42 206 161 138 38 235 84 15 192 105 186 164 210 189 2 118 181 146 108 226 111 175 7 163 72 200 19 122 119 182 609 85 82 88 9 32 149 151 135 237 74 34 635 667 130 24 68 12 187 121 102 221 133 672 10 174 208 28 150 6
62 14 607 29 103 230 217 183 104 137 170 47 2 42 181 164 33 7 161 26 54 146 121 9 94 87 175 93 90 236 85 15 102 97 126 24 68 110 57 226 80 136 234 84 55 143 208 108 189 658 122 135 231 172 95 96 116 129 162 635 200 125 147 174 72 22 206 636 192 73 82 118 198 41 150 149 39 227 184 123 151 124 591 609 672 235 78 19 28 229 660 603 216 59 166 598 203 182 630 214
14 62 103 29 183 230 170 161 42 47 164 217 104 26 33 2 181 146 7 94 85 236 68 607 84 15 90 54 110 143 234 9 87 162 226 136 189 80 175 122 137 93 24 147 200 235 22 229 135 97 126 149 118 102 57 96 129 231 208 41 123 121 172 125 227 184 8 174 108 150 55 186 130 82 39 95 116 195 203 73 75 182 206 78 115 32 198 192 151 124 470 166 138 635 105 158 293 72 28 101
14 29 62 230 161 183 103 42 164 170 217 94 2 85 104 181 146 7 33 9 84 47 26 68 607 236 175 93 110 162 90 136 54 143 87 97 15 135 226 137 234 122 24 121 231 22 126 149 208 147 102 235 189 80 129 229 55 174 150 200 184 123 41 57 130 195 8 125 96 95 118 108 172 227 39 78 182 198 28 116 203 192 73 82 151 206 72 59 115 75 166 144 124 105 32 30 186 6 293 120
170 103 62 29 47 14 137 607 230 33 26 236 104 87 80 54 217 183 161 94 126 181 200 146 234 164 7 42 189 162 90 2 96 143 84 85 68 147 123 122 172 15 118 116 226 125 9 75 184 24 136 235 227 102 124 186 149 175 110 41 22 158 210 57 37 206 151 182 135 8 97 672 195 93 130 590 174 221 232 101 16 133 115 208 12 38 73 635 203 105 603 609 82 667 153 231 121 129 178 32
11 115 77 149 109 16 4 172 41 98 8 195 37 96 225 130 116 150 221 113 166 6 108 53 30 138 188 81 13 184 80 110 28 44 32 124 88 228 169 173 42 144 57 170 153 210 52 207 128 141 191 126 72 211 3 117 178 12 237 102 43 185 76 48 87 58 148 121 190 219 99 78 593 79 182 675 154 129 167 156 21 176 233 17 14 51 196 216 83 111 59 151 607 34 671 649 120 181 31 70
11 77 115 149 191 150 195 173 130 172 117 80 138 169 207 28 170 32 184 76 51 144 108 109 593 81 113 96 185 166 116 78 153 6 4 98 188 44 8 53 156 88 221 16 61 110 121 59 30 52 225 148 210 41 182 37 154 42 124 167 649 58 233 228 3 141 128 99 25 237 197 40 111 192 219 12 145 19 213 71 178 72 13 211 190 79 43 675 1 36 205 594 21 34 218 69 224 31 57 159
86 153 111 180 649 218 132 99 145 35 155 163 60 20 31 112 11 223 15 70 100 220 213 10 194 179 139 64 167 131 57 45 216 83 214 120 76 156 80 160 185 229 176 79 66 210 149 63 172 96 224 170 587 51 1 117 193 165 88 593 49 124 594 77 152 634 207 673 595 138 644 643 645 115 205 648 34 169 28 44 664 646 184 266 671 665 53 137 110 89 190 609 632 675 18 71 42 192 150 113
11 153 77 115 149 172 86 111 96 180 218 124 649 116 210 99 110 53 80 194 184 113 57 145 28 31 167 60 131 66 20 117 213 88 108 83 76 170 138 100 179 207 112 63 70 166 64 176 593 156 155 160 223 120 675 79 109 52 185 163 44 214 42 51 169 150 221 165 81 4 607 45 32 216 192 98 43 130 188 12 152 6 1 10 224 129 195 34 27 41 49 196 16 664 144 237 137 139 663 148
191 11 593 197 77 170 51 76 80 121 78 122 175 14 150 62 159 149 185 97 104 217 115 55 173 156 40 59 93 125 136 68 168 117 130 231 61 135 167 42 100 153 94 84 111 19 57 172 28 211 181 31 73 182 208 207 224 9 142 202 195 174 102 2 178 184 8 179 95 65 205 1 222 198 212 70 87 15 116 147 7 126 236 54 164 643 110 157 607 25 673 108 163 123 138 99 146 36 230 120
11 191 77 593 80 76 170 149 156 153 51 115 185 78 224 117 167 121 207 150 197 649 130 86 172 175 31 595 28 673 173 594 1 184 57 70 111 159 138 179 100 120 651 632 139 182 42 145 211 163 142 71 174 607 155 99 15 194 135 213 116 675 195 94 671 643 169 8 68 126 113 108 110 30 208 218 40 210 216 168 122 79 231 205 137 66 61 32 59 14 96 2 176 84 144 180 62 43 97 181
191 11 593 77 197 51 76 170 80 185 156 78 173 153 115 150 159 121 149 595 167 117 175 224 40 222 168 130 61 59 205 111 139 138 100 673 28 122 142 594 207 19 632 202 212 31 97 65 179 231 182 194 184 104 195 108 1 172 68 145 70 62 57 25 135 99 36 14 217 208 180 675 644 634 137 55 218 607 157 69 643 658 27 93 192 58 120 136 42 649 84 125 598 169 102 126 15 60 163 86
101 105 124 119 60 75 232 74 114 96 91 23 158 215 186 38 99 20 116 172 83 86 160 64 213 111 210 25 155 223 201 193 666 89 180 153 45 645 250 179 649 34 167 53 209 139 127 564 165 671 163 629 35 648 88 587 324 651 176 11 505 92 156 31 416 140 214 63 112 80 107 642 169 398 610 194 100 177 50 46 70 493 640 276 308 152 157 302 297 674 272 372 537 69 664 131 138 43 578 106
230 183 42 14 57 29 62 170 164 161 181 15 47 103 7 146 126 87 94 2 33 217 84 110 104 137 9 236 85 68 26 102 90 175 149 122 93 226 607 97 54 136 121 135 234 125 174 162 22 189 172 229 208 80 147 24 231 143 73 96 123 55 151 75 41 200 206 82 182 235 111 129 203 32 211 72 124 153 8 184 150 39 192 115 77 95 38 198 144 158 116 130 12 27 133 227 105 232 558 186
230 183 42 15 14 57 87 126 62 110 104 102 125 217 236 151 29 68 54 103 181 84 170 161 229 47 94 77 137 175 33 147 121 149 122 7 164 2 146 135 136 120 93 9 26 73 97 607 162 55 200 85 174 8 153 41 80 123 231 129 115 208 48 90 22 24 172 184 31 70 30 211 66 28 189 235 82 178 203 39 130 78 21 1 234 109 16 95 214 226 198 117 163 207 182 111 143 138 179 75
87 126 230 102 151 125 73 104 183 62 14 217 48 42 178 236 29 147 47 103 54 26 200 33 15 123 57 149 189 7 181 136 122 164 110 90 94 2 21 13 182 68 128 118 234 146 16 24 226 22 190 203 175 161 41 121 172 162 174 58 8 84 211 55 9 184 115 30 143 97 93 95 135 39 96 235 227 5 229 59 28 77 137 138 75 198 109 120 6 85 208 98 153 231 186 37 163 154 31 158
230 14 87 126 183 62 104 103 29 217 54 47 236 42 26 147 33 200 15 125 94 151 161 7 68 136 189 102 181 2 122 123 146 110 164 73 84 90 226 234 162 175 118 93 97 9 24 57 85 121 22 135 174 39 21 55 231 203 149 227 143 95 235 48 77 208 182 229 115 178 137 16 58 170 8 120 41 5 211 198 607 66 75 109 172 70 59 30 31 186 130 184 6 78 153 150 28 96 98 158
230 183 42 14 57 62 126 29 170 161 15 110 217 137 146 47 103 68 607 104 9 93 84 149 87 97 236 7 181 94 135 175 85 26 136 125 121 2 164 102 33 54 231 122 147 208 229 162 189 111 90 73 80 184 143 55 172 77 123 28 153 151 235 24 41 120 226 174 182 22 234 200 72 150 95 129 130 38 115 192 8 198 96 124 75 70 158 214 82 206 195 39 31 163 179 105 66 101 211 203
230 183 42 14 62 170 110 137 15 607 29 126 57 217 47 161 104 103 87 125 229 146 149 68 93 26 9 236 84 122 102 33 85 97 136 135 54 151 181 175 164 94 2 231 189 80 147 162 77 121 172 111 208 7 120 129 192 90 123 184 55 226 73 96 38 158 72 153 235 28 143 214 41 24 234 82 206 66 186 130 22 182 124 70 150 31 75 115 200 658 155 174 12 95 116 48 117 163 198 27
115 11 109 16 4 149 77 225 98 37 8 113 195 221 130 172 150 6 41 228 44 3 28 173 184 30 96 32 166 141 188 110 144 108 138 116 81 58 219 53 128 233 13 182 169 42 78 52 117 59 72 129 207 121 126 87 124 61 102 12 211 57 191 17 111 21 19 237 76 148 88 14 80 66 5 73 210 675 40 82 79 146 181 398 43 104 123 122 198 185 70 55 164 68 192 51 170 125 153 120
115 109 195 173 130 150 191 37 16 8 4 98 225 61 28 184 30 138 41 166 59 197 228 141 78 3 40 149 113 19 219 117 221 58 169 207 6 121 182 233 11 32 44 55 211 154 128 188 21 172 5 122 198 17 77 13 76 87 52 144 178 51 73 126 123 53 185 97 43 104 88 108 93 208 175 135 84 81 125 190 96 12 102 9 161 136 116 148 72 231 156 110 48 85 66 42 79 167 196 68
86 153 111 132 218 145 35 180 220 155 163 31 100 194 223 112 139 10 70 179 214 120 131 99 649 60 167 20 15 64 213 45 66 49 79 83 176 156 160 57 205 1 34 224 43 88 216 229 192 76 137 634 185 63 643 196 25 202 80 212 157 51 71 664 644 152 594 646 595 673 199 69 65 27 53 675 598 210 52 142 127 648 632 170 654 67 592 159 617 117 190 168 11 663 607 36 165 172 593 138
86 153 111 145 218 180 35 649 132 163 11 31 120 57 77 70 155 131 139 214 45 100 112 223 99 194 179 216 1 80 66 60 167 20 83 79 10 64 172 213 15 170 160 51 156 176 96 76 110 220 224 593 229 117 149 88 49 207 185 165 63 124 205 152 67 43 192 42 116 34 28 137 191 184 202 169 664 138 52 53 127 210 115 634 25 104 150 522 130 27 71 142 121 69 113 208 151 594 78 607
115 221 11 44 4 113 225 98 6 109 16 149 188 77 37 128 53 52 13 184 166 28 130 88 172 150 117 138 8 41 3 169 228 96 195 34 43 207 30 42 111 153 124 110 196 66 151 179 141 176 173 31 126 116 219 218 180 76 194 48 155 163 233 5 79 139 57 58 86 104 125 70 78 214 17 120 145 167 21 51 154 102 185 59 45 156 32 60 100 182 35 87 20 131 73 80 83 72 121 199
191 197 222 182 58 21 123 73 104 228 141 17 5 51 122 59 76 233 40 219 3 61 150 185 125 173 78 217 178 154 117 62 138 128 121 16 130 55 102 169 195 170 11 14 147 115 184 156 198 1 207 19 80 167 224 205 25 77 208 151 97 109 13 87 593 28 172 175 84 202 111 126 93 190 99 48 135 32 179 231 124 69 83 136 216 149 157 94 98 9 100 31 60 214 41 236 70 212 159 65
191 197 51 76 185 117 207 115 28 222 173 184 169 150 156 61 195 130 205 109 59 1 182 58 224 122 40 138 11 167 219 228 154 78 141 98 3 225 5 159 19 25 233 55 121 178 16 113 21 128 69 593 17 168 65 100 157 179 6 97 202 142 198 194 8 99 77 53 104 212 73 188 41 44 4 208 120 123 52 221 125 136 231 88 70 190 149 135 30 31 213 36 111 214 175 166 84 102 93 192
191 197 51 76 222 185 117 156 205 11 173 224 159 207 61 169 167 65 28 1 182 168 154 40 58 157 25 202 184 228 219 150 122 593 69 142 141 99 130 233 59 195 178 212 78 115 3 36 5 213 179 104 138 121 21 83 17 73 60 160 55 190 19 100 109 127 97 77 204 46 31 128 120 194 125 175 64 70 20 111 80 214 92 123 16 14 62 217 149 67 136 87 102 139 50 93 84 98 198 180
101 119 105 74 23 232 75 114 91 215 124 158 38 186 96 116 60 172 99 86 20 111 45 223 25 163 155 83 89 131 210 57 92 214 153 64 216 165 31 176 416 179 50 209 169 34 213 11 69 120 127 272 112 107 582 88 35 36 671 160 70 167 100 117 53 177 649 80 651 180 300 152 193 157 221 52 398 426 201 67 294 43 139 250 66 480 372 546 56 63 481 46 65 544 110 320 184 640 137 138
115 4 16 225 98 109 37 221 113 6 44 195 8 166 188 41 130 128 149 228 3 30 150 184 28 53 173 52 11 141 13 138 219 77 58 17 233 172 78 169 182 61 211 88 21 207 117 5 87 59 32 110 126 116 40 81 42 96 108 178 102 48 19 144 72 196 121 197 154 73 12 129 104 43 237 14 124 151 123 66 148 190 82 62 191 146 79 125 55 176 181 68 133 675 95 161 76 2 122 24
115 191 109 98 225 16 4 195 28 173 184 228 37 130 11 3 141 150 117 8 113 219 207 77 6 58 221 149 30 41 169 128 233 197 61 138 188 182 76 166 44 144 32 59 17 51 122 87 5 121 172 52 178 40 53 21 78 185 126 55 108 13 81 72 19 154 12 104 116 156 73 102 66 198 88 1 211 96 175 110 123 148 42 97 237 167 208 48 25 136 14 43 151 125 593 217 190 124 224 84
86 153 111 132 145 218 35 155 163 223 180 112 100 31 120 10 220 194 179 214 139 70 131 66 45 176 167 649 79 49 34 88 156 137 60 57 99 43 192 224 20 1 216 71 64 83 213 15 76 205 160 27 52 196 53 63 185 117 199 51 80 113 28 169 152 172 165 25 184 124 11 675 89 96 221 207 138 210 673 151 44 594 134 229 193 665 202 634 6 643 188 595 664 92 166 190 591 187 69 398
86 111 153 132 35 220 155 112 139 218 163 223 145 100 31 10 180 179 70 194 131 214 167 49 176 120 45 34 649 99 60 66 57 216 156 20 64 213 43 15 79 88 1 83 205 196 160 224 76 71 199 25 69 185 52 157 51 229 53 137 92 117 36 134 50 166 587 67 65 113 127 152 124 11 142 101 204 192 172 673 44 159 96 63 592 28 89 138 116 221 210 666 46 207 119 615 617 184 80 645
86 111 223 35 155 153 163 31 70 179 214 45 131 112 120 100 139 176 66 10 132 218 145 79 167 34 220 194 49 180 43 88 71 156 1 224 196 216 205 137 199 76 134 192 185 60 99 20 57 53 649 169 117 83 51 166 124 52 184 160 64 207 28 213 96 172 25 138 15 113 27 193 201 89 665 591 599 11 546 229 80 541 648 645 210 666 250 658 152 673 416 104 642 101 646 151 182 63 638 398
115 11 77 149 4 109 221 98 16 225 113 44 172 6 37 96 28 52 153 53 88 130 228 66 79 195 188 184 180 207 83 160 150 8 128 218 116 138 3 124 43 210 76 60 117 41 80 30 169 166 141 86 42 145 194 139 13 111 51 233 63 126 219 31 173 120 176 57 32 110 213 214 72 131 70 179 196 165 151 163 99 649 58 155 1 320 121 190 185 156 67 398 48 35 64 89 20 21 34 152
191 197 51 76 185 222 117 156 207 224 169 167 1 28 205 184 173 150 122 61 11 182 99 593 154 179 40 130 138 59 195 178 100 25 19 58 78 115 65 157 159 80 60 120 228 83 69 141 31 109 219 104 168 190 212 121 70 202 214 233 142 160 73 126 55 87 213 217 36 194 97 20 170 198 14 208 21 102 17 176 88 111 45 128 139 62 136 50 92 123 71 127 175 125 49 5 153 223 77 41
191 197 51 76 117 115 28 185 207 184 169 222 11 173 109 150 138 130 156 195 122 1 154 98 182 228 58 61 224 16 225 59 141 167 178 37 128 205 219 40 78 593 113 233 4 8 166 121 41 3 21 6 52 73 53 19 221 5 30 188 44 80 88 149 17 104 77 190 87 179 126 43 13 32 137 55 100 25 99 159 120 123 198 153 172 79 81 194 66 69 176 12 108 48 71 144 168 14 83 208
86 153 111 132 35 220 218 180 155 145 139 163 112 223 194 10 179 649 31 70 131 214 100 176 60 66 99 45 167 120 20 49 57 79 34 213 64 83 15 156 160 43 1 137 88 216 192 76 25 27 224 196 199 229 205 124 71 63 648 592 80 11 645 587 53 96 69 134 52 656 165 598 185 597 675 89 117 673 184 666 170 119 101 617 172 152 51 662 642 591 654 596 92 157 28 138 644 599 670 630
86 153 111 132 35 218 145 155 163 180 220 223 112 31 100 139 10 214 70 120 179 176 131 194 45 66 167 49 79 34 99 60 88 20 43 156 57 649 83 160 1 196 199 224 64 205 213 71 15 137 216 76 53 134 52 192 185 642 51 63 25 27 80 666 152 89 117 664 193 229 101 172 138 69 608 124 96 127 11 157 648 170 28 105 65 184 587 210 165 202 675 113 634 250 629 166 610 655 107 654
11 153 86 111 180 218 145 115 77 160 83 60 649 149 213 99 64 35 139 31 194 66 172 132 20 80 155 70 79 76 120 44 210 179 163 53 176 52 221 28 57 117 67 214 4 131 51 113 96 6 165 88 98 112 63 92 207 124 223 185 45 152 100 142 184 43 25 1 220 225 167 10 109 89 212 116 110 156 34 216 36 69 170 188 128 15 50 37 42 138 228 192 46 130 169 675 48 16 49 594
86 111 153 223 35 155 132 163 112 214 45 131 70 31 100 120 179 139 176 145 10 66 218 220 167 194 34 79 180 49 88 43 216 1 156 224 71 196 649 76 57 99 137 60 205 20 185 199 192 52 51 169 117 53 124 83 207 134 160 119 64 184 25 101 28 15 213 96 229 138 27 166 113 172 105 74 75 152 89 232 221 63 11 151 92 165 201 171 665 193 44 642 666 6 591 69 116 110 130 77
77 111 221 229 15 44 110 113 6 149 53 98 42 225 13 153 4 52 172 57 188 96 88 128 230 183 184 115 151 35 124 166 116 34 138 48 86 28 37 125 16 117 126 180 19 130 155 178 109 176 104 5 210 102 21 182 3 150 195 154 78 169 72 123 190 14 66 58 207 170 192 137 214 665 139 216 173 122 73 163 146 607 80 101 136 591 141 60 218 217 161 132 84 17 196 228 41 31 120 59
218 145 194 180 192 66 137 79 179 31 70 155 27 120 214 139 220 154 176 112 100 223 10 45 167 34 88 86 163 49 43 190 13 178 17 35 111 131 128 19 117 222 156 166 197 98 191 76 1 205 206 28 82 152 173 52 169 210 16 51 12 48 129 184 130 150 80 73 132 171 219 18 224 195 63 113 32 6 228 53 144 71 148 138 151 188 40 196 115 133 185 4 170 87 199 141 61 182 78 109
66 194 218 179 145 79 10 49 34 155 31 167 43 70 117 100 88 120 154 176 214 223 169 180 139 28 112 184 1 76 163 205 220 51 45 166 71 52 156 131 13 192 35 207 178 190 185 137 98 19 199 191 224 53 196 173 138 17 197 130 150 128 37 195 86 222 109 111 113 6 48 4 61 188 134 16 87 115 78 40 32 221 44 152 73 151 225 27 59 82 219 12 132 18 126 171 210 228 201 8
246 308 345 250 276 546 564 535 479 437 416 451 272 458 566 269 373 396 562 523 297 455 502 448 287 457 357 342 440 398 257 541 263 558 411 578 268 447 267 331 548 443 570 300 423 493 238 498 378 426 302 291 569 480 563 483 505 337 585 318 324 273 377 320 397 575 499 240 467 356 468 317 545 579 299 372 544 316 258 556 376 310 576 506 415 509 403 495 255 390 265 542 511 306 392 283 360 582 350 513
253 515 277 419 424 522 320 412 532 434 450 243 282 582 313 362 481 560 312 333 294 330 288 400 248 485 274 358 516 530 397 512 369 261 249 216 398 321 573 452 576 519 343 456 527 367 433 323 286 302 553 360 533 468 488 381 503 270 569 317 544 263 388 570 536 550 507 291 375 260 493 345 309 498 165 364 238 578 376 275 549 444 281 392 318 430 395 472 357 149 371 443 466 559 255 377 475 251 293 471
455 246 308 373 535 276 287 250 268 437 458 451 558 564 479 291 566 523 562 257 342 310 398 447 457 548 366 448 345 357 443 493 578 324 505 570 331 306 240 283 511 541 263 302 546 411 403 267 427 375 272 377 585 506 416 576 545 265 396 337 300 563 269 502 402 238 542 426 486 559 423 317 480 569 397 579 360 297 392 538 439 507 322 495 509 520 573 421 249 327 274 248 361 243 315 290 431 261 440 454
246 455 373 308 250 287 535 564 276 451 558 458 345 479 268 566 437 523 562 448 342 457 357 398 257 546 541 263 570 411 291 267 416 272 447 269 331 548 238 578 579 502 297 396 426 300 443 480 569 440 423 505 317 302 397 324 265 493 337 585 310 377 366 240 372 283 563 499 327 347 544 545 312 306 415 504 403 506 315 439 294 468 556 255 290 542 559 513 481 378 356 322 483 273 402 526 537 362 450 329
253 243 573 261 288 560 397 515 553 456 282 251 576 582 439 434 450 320 438 313 317 579 358 277 248 532 362 260 357 430 570 392 468 398 522 485 507 569 511 312 349 448 545 536 419 481 412 333 263 375 457 360 294 512 395 479 466 552 562 343 274 517 480 458 238 249 555 424 378 290 351 300 400 340 498 250 376 302 266 82 556 369 426 275 488 516 578 431 270 287 318 389 503 308 452 455 130 255 272 377
397 317 570 569 456 485 261 468 362 438 312 398 512 481 573 238 357 263 448 260 562 457 479 576 243 294 392 553 480 250 439 532 536 287 300 507 511 426 308 276 395 360 340 564 248 458 516 498 320 246 437 488 451 318 450 277 400 375 544 343 535 566 503 393 412 455 267 351 431 251 578 82 378 504 515 560 519 274 579 268 545 347 582 253 433 288 367 381 559 402 558 282 522 345 377 523 550 327 371 270
253 515 277 424 419 400 519 516 294 481 381 312 532 362 522 488 485 503 512 434 412 320 243 550 333 582 347 313 504 450 282 328 358 288 261 360 581 544 384 367 484 444 477 274 319 480 560 345 359 330 528 398 457 293 82 568 510 549 471 123 433 490 527 494 468 283 267 321 292 448 129 533 432 125 586 247 558 124 452 311 281 572 426 353 301 305 172 470 369 530 387 104 524 567 576 317 539 275 171 551
267 299 390 320 557 335 483 467 273 394 423 509 473 376 258 350 323 352 274 286 356 262 336 500 507 238 348 539 326 487 569 245 466 420 266 433 480 375 432 300 546 475 558 367 275 575 563 387 248 584 364 293 431 404 471 268 498 578 341 510 576 517 489 559 360 318 426 377 392 298 465 317 309 252 570 552 251 363 544 547 257 511 339 474 249 281 459 371 243 311 255 425 476 393 279 244 532 411 407 529
253 515 277 519 400 424 294 516 381 481 419 312 522 503 488 362 532 485 412 512 434 320 550 243 504 347 328 333 313 282 582 450 288 360 358 444 261 321 581 527 384 457 274 484 359 544 165 480 319 549 560 293 397 448 247 477 292 461 388 12 353 367 568 357 82 490 510 398 263 494 533 317 470 432 562 586 281 426 386 330 468 528 675 300 275 508 255 433 453 463 671 572 569 408 96 149 124 471 524 332
267 320 299 390 557 335 483 467 273 423 376 394 509 473 258 350 274 352 356 323 286 326 500 539 336 507 433 575 245 262 432 266 544 348 480 300 367 466 275 238 251 563 311 510 498 341 559 377 529 579 392 426 420 578 487 293 517 309 375 439 431 248 318 576 470 569 558 511 471 243 501 411 574 268 475 364 398 494 478 474 387 552 437 404 393 257 528 533 532 383 279 317 252 301 584 546 334 545 249 397
519 400 253 516 515 381 277 294 488 481 503 312 362 485 512 424 550 522 419 532 504 328 347 412 434 320 243 333 313 282 582 360 450 544 358 321 165 288 457 444 533 484 527 367 581 319 448 359 384 388 274 480 357 82 247 675 398 353 293 12 461 549 568 386 397 490 261 255 560 477 216 470 332 334 267 494 468 124 569 149 408 172 433 562 300 426 471 96 263 528 345 292 558 453 129 671 432 325 428 104
267 320 299 390 557 335 483 467 273 423 394 376 509 473 350 258 274 323 286 356 352 507 262 500 348 433 480 300 336 539 326 266 392 487 575 238 544 432 367 559 420 546 375 466 245 431 563 275 511 569 309 426 576 251 248 439 578 249 268 517 371 558 393 317 377 257 293 243 475 255 387 533 510 579 364 471 311 529 374 398 252 498 574 297 363 545 318 298 437 334 383 397 474 411 341 360 339 535 263 584
400 519 516 253 515 381 277 294 488 503 481 312 362 485 424 550 512 419 522 328 532 504 347 412 434 320 333 582 313 243 282 358 450 360 321 544 288 359 484 461 527 444 388 494 384 477 165 533 408 357 247 319 457 470 581 448 480 367 386 124 332 293 508 300 568 96 149 353 325 428 471 671 301 572 409 528 271 355 490 311 446 334 216 560 119 432 453 274 267 172 398 125 397 261 82 558 549 569 551 329
267 320 299 557 390 335 483 467 273 423 509 376 394 350 258 473 274 356 352 323 326 300 480 539 286 238 500 466 575 433 426 544 432 507 348 251 529 367 478 579 266 336 574 275 262 377 383 309 569 392 245 501 311 559 284 578 418 517 510 576 281 240 558 533 447 387 435 471 375 420 248 398 341 349 581 364 293 334 498 470 439 494 263 563 552 475 532 511 492 339 528 319 374 252 457 413 487 243 249 268
519 400 381 516 488 503 294 481 312 550 362 485 328 277 512 515 504 347 424 253 419 532 522 412 434 320 282 333 582 313 450 358 360 494 243 551 461 288 558 321 311 544 388 345 357 448 484 397 569 457 480 477 533 470 216 238 329 367 409 300 384 301 267 165 149 570 408 527 121 536 568 432 172 562 560 471 359 12 263 181 94 395 317 82 576 84 325 247 426 256 675 78 275 332 28 125 161 164 671 398
267 320 299 483 390 557 335 467 273 423 376 509 258 350 323 274 473 394 286 356 352 433 539 500 529 326 507 387 480 238 367 281 432 383 371 309 300 336 262 575 574 251 392 364 407 466 559 544 510 426 375 317 478 284 393 377 475 435 248 533 431 420 275 576 511 498 397 360 569 465 549 425 546 255 244 418 318 487 297 579 243 581 298 578 459 558 398 348 319 501 471 257 293 404 411 584 532 457 304 468
267 320 299 390 483 557 335 467 273 423 509 473 258 376 394 350 274 352 356 300 480 426 323 433 238 559 367 336 507 529 326 418 500 286 432 383 539 544 575 478 309 387 466 498 392 284 501 398 578 581 393 574 281 533 377 297 319 435 255 262 546 311 318 558 569 364 475 494 375 431 317 411 576 397 360 348 407 243 490 511 334 275 461 240 441 263 395 248 549 339 493 459 304 403 510 257 251 532 417 470
267 320 299 274 557 390 335 480 483 426 467 509 300 376 383 273 367 478 433 238 356 418 336 529 393 473 352 394 350 574 544 284 533 318 423 559 507 258 569 558 432 585 539 498 375 323 500 398 317 395 575 435 360 457 578 461 392 339 443 581 297 431 402 326 466 262 562 255 460 427 412 450 275 546 493 286 406 570 334 476 243 387 261 471 304 576 475 364 547 293 346 248 511 580 263 252 501 319 278 441
267 509 320 299 557 376 335 483 390 467 529 352 478 274 383 273 574 480 284 418 426 356 394 300 350 585 423 482 435 443 539 473 238 575 258 398 578 447 317 569 498 318 433 291 544 427 476 323 326 507 367 297 432 336 286 500 576 375 360 493 558 520 559 243 354 387 281 377 475 393 562 275 464 296 392 570 440 265 255 546 240 580 395 412 263 257 249 548 445 303 431 465 262 348 331 471 457 259 501 343
574 284 482 443 578 509 585 383 529 478 447 343 331 418 376 377 427 403 249 240 320 548 493 253 414 270 337 520 538 435 398 277 515 575 352 469 291 505 421 583 521 366 506 310 302 283 462 319 486 306 411 532 539 303 257 370 321 452 542 265 412 326 522 324 369 360 243 490 530 344 454 581 238 248 419 278 330 450 299 361 426 576 527 480 267 500 557 399 356 423 472 290 560 424 362 569 498 314 298 239
509 482 447 548 538 291 331 377 443 343 427 337 578 310 403 493 585 249 240 366 306 398 302 277 253 283 574 320 284 506 270 505 529 383 376 515 486 412 419 414 402 559 315 411 421 478 352 324 423 361 520 558 532 257 265 583 424 248 418 469 397 395 454 319 317 238 243 545 360 216 439 576 435 321 290 303 251 450 297 299 480 575 327 268 502 426 369 356 396 581 570 456 511 579 437 468 507 522 278 416
513 537 239 422 278 521 399 344 304 554 462 254 255 449 499 542 556 429 491 526 290 436 441 372 410 469 417 520 256 415 327 264 346 242 445 295 406 265 303 583 454 421 296 464 518 298 257 252 363 525 391 496 342 315 374 339 291 466 440 574 482 259 443 529 580 262 585 382 447 293 386 309 284 442 414 354 281 420 314 578 565 543 563 514 509 524 577 305 547 240 332 244 404 531 316 383 549 352 540 459
537 239 278 422 399 513 521 344 462 254 304 449 554 556 429 526 290 542 410 499 469 255 256 372 491 520 327 415 436 441 445 417 265 295 303 346 264 583 454 242 421 406 296 464 518 298 257 363 342 315 252 525 291 391 496 574 440 339 482 259 374 585 466 529 284 281 447 382 309 580 443 354 386 383 578 314 514 420 414 244 262 478 563 387 365 404 240 509 283 293 366 581 280 547 442 505 285 565 418 459
344 521 278 399 239 537 422 513 462 554 254 520 304 469 290 256 449 327 429 542 255 436 556 583 526 421 303 454 499 410 445 346 372 265 491 415 441 242 518 417 406 295 264 496 386 382 315 580 332 482 464 296 442 291 574 428 284 298 257 573 260 383 585 363 391 319 529 418 259 443 339 478 509 314 581 466 342 414 525 490 549 252 281 459 365 501 514 374 293 578 309 447 565 531 404 305 292 240 280 352
256 344 521 265 399 278 327 290 239 537 518 462 422 449 556 513 429 410 520 526 315 469 382 496 580 454 254 421 583 303 304 346 554 386 542 442 436 242 406 445 255 291 332 499 295 372 415 491 573 260 441 482 428 417 298 264 464 296 509 259 363 574 284 383 525 280 447 257 443 418 391 478 310 365 366 585 466 459 460 529 283 309 281 404 487 374 578 376 548 476 501 517 339 319 463 549 553 306 275 440
344 521 278 537 422 239 399 513 462 554 290 254 520 304 449 469 429 256 526 556 421 327 542 436 410 255 303 454 583 499 265 372 415 242 445 346 295 491 518 441 264 406 417 315 496 296 257 464 382 298 482 291 580 442 363 284 440 573 574 386 525 585 447 548 366 283 342 509 443 252 332 365 391 240 314 374 259 337 578 383 514 354 339 377 293 306 253 310 501 285 565 505 244 331 581 506 320 529 262 270
344 278 537 399 422 513 521 239 254 304 554 462 290 449 499 542 429 256 372 526 327 520 491 556 410 255 469 415 436 441 346 454 265 421 417 264 242 303 445 295 583 406 518 315 496 291 382 257 342 580 296 464 442 386 574 298 573 482 391 585 363 332 284 259 447 260 443 548 383 309 252 240 578 505 337 402 529 466 281 339 525 306 283 440 366 374 418 280 310 428 403 324 319 365 478 509 414 493 314 377
344 521 278 399 239 537 422 469 256 462 513 520 290 327 454 265 421 583 254 303 449 554 429 556 542 304 518 526 410 436 346 255 499 242 445 372 315 406 491 415 382 496 295 580 386 441 291 417 332 442 482 264 260 573 574 284 383 428 296 585 447 257 464 478 298 509 443 366 418 529 310 548 240 283 578 319 501 314 306 259 363 365 342 581 525 337 553 377 493 281 549 514 309 408 505 414 463 403 476 352
298 363 462 259 525 464 252 577 391 281 309 420 296 445 487 465 323 255 244 371 262 387 286 304 280 339 407 295 475 441 554 521 264 466 417 374 491 425 547 278 513 584 344 239 436 537 399 542 340 471 380 254 242 414 257 432 346 422 549 415 499 293 305 364 459 517 404 406 316 449 372 586 354 474 270 520 275 429 279 556 290 496 490 292 385 518 463 251 581 565 389 314 526 540 319 531 342 476 571 469
275 279 432 341 446 528 368 359 524 404 492 471 465 470 572 474 459 567 477 508 293 301 549 262 305 547 385 565 571 531 540 364 409 586 517 384 466 339 292 539 543 252 463 501 389 552 374 444 271 581 510 326 489 490 349 500 464 514 309 314 251 319 365 376 311 461 405 356 534 286 584 296 577 245 518 289 476 420 494 487 259 172 352 555 482 371 323 361 525 554 428 391 108 255 413 280 579 116 436 320
462 521 513 445 344 554 304 255 278 537 239 399 441 422 417 436 298 491 264 254 542 295 346 363 391 499 520 449 242 415 464 259 406 280 290 429 296 469 256 526 252 372 414 339 410 556 577 303 265 327 518 374 421 454 466 525 496 465 583 262 257 309 293 281 574 386 270 291 490 585 383 342 428 385 459 578 319 305 549 529 547 380 323 284 354 376 332 371 443 249 316 586 352 581 580 286 404 442 96 382
275 432 279 492 446 359 477 368 524 470 508 572 474 567 301 471 409 341 465 364 384 517 528 262 404 571 539 466 547 459 565 271 531 293 549 252 339 305 540 374 385 552 510 389 586 311 292 326 461 489 501 500 251 543 581 464 494 463 286 444 309 349 363 490 577 323 391 525 259 371 584 298 487 376 245 314 555 296 514 476 365 361 280 265 255 518 356 579 420 319 405 256 354 575 478 462 289 538 320 299
462 445 521 298 255 363 304 554 513 344 278 259 399 441 239 295 391 264 464 537 417 491 280 577 296 422 436 254 415 499 542 520 525 469 252 290 242 372 465 449 346 339 256 414 281 429 262 406 309 265 340 556 323 303 371 327 410 466 583 374 421 526 454 496 407 286 547 518 319 257 402 387 420 459 549 293 475 487 386 490 270 385 428 574 529 291 305 284 404 581 376 260 411 354 249 244 383 586 292 332
586 385 293 305 404 459 292 549 547 565 531 540 571 463 341 262 543 279 389 368 339 444 446 524 490 581 514 314 528 359 492 275 572 567 466 319 252 432 508 465 470 477 552 374 349 301 384 471 501 474 517 309 409 464 251 539 361 364 555 489 326 436 554 428 510 584 271 413 500 281 244 518 579 487 486 365 386 289 405 296 382 376 363 420 534 484 332 580 259 577 529 525 462 506 414 371 442 298 352 421
462 554 513 521 239 304 278 537 344 422 255 399 491 441 254 417 436 264 499 542 346 242 449 429 520 445 290 556 410 526 406 415 256 327 372 469 295 265 303 339 298 421 454 252 583 363 374 391 414 464 496 296 402 270 518 574 466 291 490 259 383 257 319 585 332 249 284 529 342 314 386 580 403 478 581 577 392 428 315 482 370 418 514 573 280 443 240 293 382 262 578 505 447 309 549 472 260 420 411 96
554 304 255 436 441 513 242 462 264 417 278 491 346 239 537 422 399 521 344 406 254 499 542 449 290 429 520 372 526 469 445 410 339 415 556 327 256 303 252 374 490 421 454 428 319 518 386 332 496 466 295 581 402 265 583 580 414 314 464 298 514 391 442 574 383 296 291 585 382 482 363 259 284 444 529 257 506 315 293 427 447 309 283 549 408 543 443 306 270 548 403 302 366 280 463 577 578 292 459 559
586 305 385 293 459 404 292 549 547 565 531 540 571 341 262 463 543 279 368 446 524 528 339 492 514 490 314 444 359 581 389 572 275 567 508 252 432 466 319 349 552 477 470 374 301 384 501 471 465 409 474 517 464 555 251 361 309 489 539 436 554 364 413 289 271 326 428 510 500 484 247 579 281 486 584 405 568 534 365 244 453 414 353 497 461 376 506 518 420 311 406 352 386 283 482 245 356 304 442 491
253 515 320 277 424 419 243 522 412 532 434 313 582 282 450 333 288 553 560 358 248 405 501 481 294 362 484 312 360 274 392 576 528 384 573 507 516 488 512 519 485 472 457 544 365 568 261 480 503 367 395 319 347 400 290 534 421 433 267 504 498 270 468 511 581 490 283 477 317 381 302 397 255 426 247 514 470 506 238 550 300 325 285 275 432 497 327 314 533 521 260 449 301 298 448 263 252 291 493 374
428 386 332 518 382 580 496 436 319 490 442 406 554 346 581 242 514 314 444 520 344 304 255 462 513 278 463 537 454 501 239 303 399 422 441 469 521 264 256 543 421 549 491 315 292 499 290 414 327 309 445 542 254 583 417 265 374 415 291 482 252 466 339 540 528 586 408 376 449 574 384 529 293 459 361 429 305 385 464 372 585 506 302 296 470 284 486 443 565 531 404 571 295 383 547 427 352 405 283 500
586 293 305 385 292 459 404 549 547 565 531 540 571 543 463 341 262 279 524 446 368 528 339 492 359 314 581 572 490 514 444 567 275 389 252 466 432 508 319 552 477 349 470 374 301 384 501 471 554 436 409 361 464 465 474 517 309 251 555 539 489 534 365 428 289 486 271 405 304 247 244 510 281 364 484 413 500 326 506 406 453 491 353 568 242 255 296 579 283 417 497 302 584 414 420 386 461 264 482 513
501 528 534 405 320 365 253 581 522 463 490 444 319 434 292 549 243 298 305 341 314 514 515 586 293 326 543 339 384 389 279 363 301 285 385 531 404 521 565 333 466 571 540 252 359 459 470 462 358 572 532 582 464 554 446 547 262 282 524 552 432 313 508 482 477 374 277 288 349 492 484 409 518 275 368 251 567 255 424 309 428 573 450 419 436 344 568 539 361 386 465 560 412 259 247 553 414 497 281 580
586 305 293 385 292 459 549 404 547 565 531 540 571 463 543 341 528 279 262 524 446 581 492 490 444 314 368 514 359 572 567 339 275 508 319 432 501 466 389 301 252 470 477 384 349 436 552 554 374 409 471 361 464 555 517 534 365 309 428 465 474 251 539 271 489 304 413 242 486 247 326 289 406 482 500 510 405 484 332 386 417 491 518 506 568 414 453 461 579 353 520 283 497 255 376 311 364 346 239 442
434 333 522 313 582 282 358 450 253 288 320 515 532 560 424 360 277 419 243 488 300 412 400 430 516 294 503 381 480 519 312 362 426 481 512 504 553 347 485 550 432 275 405 285 501 508 471 484 572 343 353 573 569 124 328 238 528 359 398 274 247 267 497 364 365 544 293 270 477 298 492 357 534 568 279 581 457 255 470 444 570 172 305 446 671 96 119 524 249 326 567 149 558 363 526 384 549 272 518 474
586 292 293 305 385 549 459 404 547 565 531 540 463 543 571 436 528 554 341 581 490 262 339 314 524 514 446 444 279 492 359 368 567 572 319 252 466 304 242 374 501 406 508 275 432 417 389 346 301 255 384 491 441 513 477 470 409 264 349 552 534 365 542 278 361 254 537 428 239 464 471 422 309 555 482 399 518 520 271 521 517 251 247 372 499 386 474 442 449 465 486 489 469 414 462 539 496 506 454 526
528 292 549 586 293 305 385 463 459 501 404 543 565 531 490 540 581 547 571 341 444 314 514 319 428 262 436 534 524 279 492 446 359 339 368 386 567 572 365 389 332 554 301 405 466 508 518 470 275 409 477 384 406 242 552 361 442 432 382 580 482 349 252 326 346 374 555 271 520 496 309 539 408 471 464 304 251 517 413 421 486 461 465 283 506 285 513 489 303 414 278 302 474 454 255 537 247 366 521 575
386 332 428 580 382 518 442 496 406 436 242 346 581 319 408 490 314 501 444 514 463 554 543 549 301 292 271 459 528 520 404 492 446 293 325 470 524 565 368 531 305 304 359 365 303 241 547 454 586 572 409 534 421 571 432 385 567 256 379 477 339 540 327 279 262 583 399 405 461 374 275 482 341 255 508 290 344 278 252 291 469 466 449 552 265 96 464 491 542 284 513 574 352 441 521 414 285 553 417 471
253 320 434 484 522 247 497 353 333 568 515 453 277 313 480 343 582 532 300 426 243 282 358 501 450 384 528 360 398 270 581 321 427 574 238 288 367 405 388 490 527 412 414 472 249 255 526 284 576 533 452 362 319 560 294 283 506 569 278 530 514 330 304 586 538 464 314 293 493 509 444 470 544 477 337 369 252 508 292 302 578 376 305 529 554 516 240 520 512 449 370 248 521 356 556 585 429 419 377 290
434 333 522 313 253 277 582 282 519 515 532 358 450 503 320 488 400 480 381 300 412 424 419 288 347 353 294 247 426 484 516 504 453 312 550 238 568 569 481 560 362 360 497 388 321 328 512 501 477 427 470 461 508 471 325 384 405 350 242 275 284 432 570 398 408 409 489 539 485 367 301 572 165 305 558 359 528 446 267 585 534 343 172 544 279 243 509 293 326 552 551 444 311 270 540 378 494 124 581 337
434 333 522 313 501 528 353 582 534 247 320 253 484 282 480 453 300 358 497 426 450 365 568 532 277 581 288 488 519 490 503 305 293 482 444 238 292 384 492 569 515 508 470 586 381 461 388 409 560 572 301 489 405 252 347 432 400 279 565 477 514 412 359 446 242 385 321 436 531 471 516 314 524 339 540 294 319 552 547 275 567 543 360 424 504 571 326 550 419 243 350 406 549 408 285 367 554 466 325 404
434 333 522 313 253 582 277 282 519 358 488 532 320 515 353 503 247 450 480 300 484 453 400 381 419 424 497 426 568 516 288 294 347 412 550 238 504 569 328 560 312 243 360 388 481 501 362 534 321 398 325 461 408 558 581 444 242 528 570 512 367 405 345 285 124 489 305 365 384 508 301 350 293 490 409 270 471 267 526 514 252 477 406 284 551 337 427 544 283 275 432 314 119 527 470 492 572 586 509 292
489 368 289 524 492 446 359 279 572 567 275 432 508 471 477 470 301 552 245 510 409 364 539 341 349 413 474 262 404 547 500 528 293 251 348 305 459 555 352 385 356 326 517 565 466 465 571 531 586 584 476 252 266 579 384 271 540 494 376 549 292 339 464 311 258 461 495 374 273 467 420 501 390 483 475 543 577 244 509 363 425 473 298 296 387 309 463 259 391 389 281 280 350 361 435 545 323 563 299 557
368 279 524 489 446 275 492 432 359 289 572 567 471 552 508 477 301 470 341 474 409 539 364 510 349 245 528 571 413 404 293 555 305 547 251 517 459 262 385 565 531 500 586 326 466 540 465 292 252 384 356 271 476 549 339 348 579 374 494 352 543 266 501 376 311 584 464 461 389 463 495 258 467 473 420 483 309 390 577 435 296 273 545 563 350 575 244 361 314 487 557 581 363 439 298 509 394 299 259 514
368 359 446 524 572 492 567 477 508 301 470 275 409 432 279 471 271 384 489 364 474 289 510 341 539 404 528 552 571 547 293 461 305 459 494 385 517 565 586 262 252 500 349 531 245 251 466 549 465 311 540 326 292 584 463 413 555 339 543 374 464 376 389 579 577 408 244 259 501 352 420 96 356 325 581 484 266 296 314 361 406 580 319 425 514 387 386 444 362 309 475 553 405 124 123 486 551 182 495 554
508 477 470 572 567 359 301 492 409 446 524 368 275 432 271 279 384 471 528 461 341 474 494 571 311 517 364 539 565 293 459 466 531 404 305 339 510 252 489 540 408 463 374 547 385 543 581 501 586 326 549 555 292 314 251 552 514 465 500 289 349 262 325 444 319 361 484 413 490 405 436 554 386 389 406 464 253 568 283 580 247 551 329 579 362 486 382 574 376 355 503 259 488 332 421 96 518 284 428 365
301 409 470 477 508 572 567 359 492 446 524 275 368 432 271 279 384 528 471 341 461 311 474 494 571 565 404 531 408 293 364 459 305 501 540 385 539 549 547 489 586 325 386 292 517 466 552 332 326 581 463 428 518 314 543 379 510 490 465 580 444 319 339 262 514 405 406 252 374 551 436 500 355 349 251 241 382 361 555 376 365 534 242 464 520 427 442 329 284 289 413 554 283 574 579 486 389 346 352 484
253 515 434 277 243 424 419 522 320 582 313 288 412 282 560 532 333 450 261 358 573 576 472 274 430 553 438 317 248 312 485 392 362 544 481 512 294 503 452 644 488 360 511 457 270 650 397 632 249 550 569 516 375 507 369 456 656 536 504 570 480 398 433 82 275 594 519 149 367 262 533 130 357 19 363 238 330 384 432 300 347 180 255 510 395 505 267 675 466 89 477 448 400 654 479 530 165 327 96 408
271 408 301 470 409 406 477 325 508 572 379 359 386 332 492 567 580 446 275 382 241 518 524 368 355 242 432 528 346 428 442 384 279 461 436 496 307 494 311 341 471 501 561 404 459 293 517 364 554 466 262 547 474 520 305 252 549 571 539 463 489 374 339 581 565 304 586 401 347 292 319 444 405 385 531 504 503 255 490 314 510 540 465 543 514 421 488 365 329 454 303 516 552 534 441 352 500 550 476 544
253 515 277 424 419 434 522 320 412 333 582 313 532 282 288 243 358 560 516 450 312 481 294 519 485 362 381 400 550 512 488 544 503 457 533 360 274 448 504 576 248 433 347 357 334 149 367 408 472 378 430 328 477 498 405 632 96 505 124 650 165 656 452 644 261 317 569 553 397 263 276 19 283 468 216 11 558 480 325 130 238 57 302 398 108 267 658 172 570 624 665 182 484 275 675 249 660 324 671 591
408 406 271 325 386 580 379 518 332 382 242 442 346 241 355 428 496 436 301 470 409 477 307 572 508 561 275 359 528 492 446 567 368 432 461 524 384 554 311 494 304 279 501 520 255 341 401 471 252 517 374 262 404 547 549 293 314 339 459 364 305 581 466 514 543 463 490 319 344 441 347 454 278 303 421 474 329 292 552 491 444 504 489 405 264 586 465 352 565 503 521 256 531 417 577 476 574 385 571 488
253 515 424 277 419 522 412 320 434 532 582 243 313 333 282 450 358 288 516 312 560 485 481 360 512 519 294 381 274 544 362 400 503 488 457 550 448 576 248 498 533 433 367 357 261 504 334 317 397 216 477 347 468 149 263 378 405 318 267 343 19 553 569 130 57 108 480 12 238 527 472 96 505 82 452 182 124 408 150 172 302 494 165 456 275 665 369 138 173 510 328 426 392 398 81 116 573 28 656 470
515 424 419 277 253 412 532 320 522 434 294 381 516 400 312 313 519 481 488 333 512 362 503 582 243 358 450 485 282 360 550 288 504 544 328 347 560 274 576 345 558 533 357 468 448 367 494 457 397 433 263 238 408 508 498 300 384 477 311 334 267 398 569 359 432 355 480 248 341 343 302 329 572 486 409 466 551 562 351 275 470 570 379 270 272 318 505 426 452 172 567 361 283 430 461 484 265 124 349 364
333 434 313 282 582 450 522 358 253 288 515 560 532 360 277 243 424 512 516 485 419 320 362 481 312 488 519 381 430 412 503 294 400 569 76 553 300 573 261 504 51 480 238 550 185 405 274 25 169 83 471 216 272 127 275 426 36 347 397 19 457 456 448 111 359 576 494 570 160 544 378 59 124 150 99 398 416 69 78 477 46 572 357 675 173 159 571 263 207 483 364 212 293 298 311 539 562 328 168 345
519 400 516 381 488 503 550 294 312 485 481 328 512 504 362 277 347 515 522 253 424 532 434 419 333 582 282 313 450 412 360 345 288 320 569 570 76 558 238 51 560 358 357 159 243 267 275 479 216 287 544 168 397 213 448 300 268 471 185 341 121 173 99 317 553 576 36 261 562 19 83 610 477 28 205 156 457 25 182 46 432 127 480 274 272 573 311 84 141 355 97 142 571 494 398 59 167 150 117 228
434 253 333 582 522 313 282 515 450 358 288 277 424 419 243 560 532 412 320 360 430 400 519 516 488 569 480 503 362 294 238 300 381 378 312 481 369 512 553 544 426 274 248 485 570 471 124 573 317 477 550 452 343 275 261 216 367 530 150 149 23 172 267 270 357 28 457 125 33 121 181 398 130 448 184 57 558 7 364 397 330 169 664 456 249 533 2 119 164 405 146 138 576 25 504 165 321 19 163 470
253 243 515 216 277 375 248 360 511 522 320 402 553 576 412 261 507 392 532 573 559 582 270 274 313 291 395 434 450 249 419 282 560 288 317 333 438 424 538 378 480 238 398 260 255 431 427 472 569 57 536 498 426 302 578 300 284 443 505 369 393 585 471 570 366 452 343 493 397 257 387 268 358 110 468 456 172 545 267 323 430 283 286 574 318 439 124 304 62 298 558 121 475 278 96 321 296 330 287 506
268 558 345 287 291 366 283 310 579 548 427 447 306 538 486 361 551 455 302 506 331 324 545 505 443 240 495 439 257 265 377 398 337 267 423 322 585 311 578 403 329 493 454 251 480 421 325 426 315 562 563 570 373 246 241 308 466 457 294 347 250 458 342 461 535 520 238 448 300 362 356 437 509 397 327 312 376 451 416 504 482 479 481 542 309 555 460 317 272 569 494 255 303 290 284 319 501 406 540 550
253 515 277 424 243 320 419 522 216 412 582 532 434 282 313 333 288 450 274 270 560 249 559 248 472 360 291 402 261 375 576 553 398 255 358 343 257 392 378 430 452 573 283 507 511 370 317 480 366 302 294 397 304 468 558 538 268 369 506 427 569 57 238 312 447 300 426 495 548 481 290 337 471 306 286 298 395 578 353 485 509 570 542 165 505 278 330 512 124 493 362 324 443 310 240 563 650 363 247 275
268 558 579 287 345 551 251 455 291 447 466 439 555 311 423 329 545 427 356 283 413 366 548 310 461 325 443 267 373 376 570 480 398 426 486 552 302 538 506 257 361 331 578 494 315 377 458 241 308 352 397 337 266 246 562 495 326 306 250 585 324 317 300 347 349 374 240 342 501 476 457 238 406 539 500 294 505 437 517 454 509 362 275 252 569 448 421 563 574 493 265 276 540 535 524 504 255 403 451 309
253 538 291 427 216 366 277 548 443 306 310 515 578 331 447 585 283 493 343 302 559 240 509 377 506 243 403 505 320 398 482 257 402 284 249 511 270 337 532 486 324 522 268 248 545 576 412 265 392 360 419 507 558 255 574 421 439 542 274 361 376 315 342 520 437 375 563 495 575 469 57 396 246 414 454 278 583 238 317 397 290 276 383 308 480 424 267 426 327 450 502 458 423 569 297 451 468 582 303 322
268 558 287 345 325 241 408 551 329 561 406 455 355 347 579 271 307 504 461 373 311 242 291 447 379 550 494 250 548 267 294 401 366 570 563 436 328 346 398 283 448 246 331 308 562 458 506 302 564 457 488 276 437 535 322 426 578 312 427 545 374 466 257 495 306 486 238 324 523 443 310 493 538 503 439 479 377 362 361 252 480 423 337 304 265 505 481 451 516 300 255 416 272 484 543 569 269 356 546 518
253 515 277 291 343 548 366 310 427 538 283 216 493 447 306 443 302 578 331 424 419 506 398 505 585 377 532 324 240 403 320 337 486 249 559 270 402 522 243 495 434 313 412 294 421 558 582 257 511 509 576 545 284 439 520 345 333 255 574 370 376 268 282 353 274 497 563 414 375 360 450 454 397 246 361 321 312 392 542 247 267 482 437 575 265 481 303 426 583 362 308 455 304 248 383 502 416 276 272 57
538 427 291 366 310 283 306 548 486 447 506 302 403 240 361 505 324 331 493 377 443 337 545 482 578 585 421 343 265 284 509 574 520 315 439 558 454 529 583 268 495 257 563 249 398 322 303 327 383 542 376 579 484 319 411 270 469 290 478 353 414 277 497 247 458 514 575 308 397 568 386 246 490 540 559 326 543 396 314 311 332 255 581 437 423 502 317 172 539 501 451 428 535 531 565 73 453 216 418 518
538 427 291 310 366 548 283 306 447 486 403 414 270 506 331 249 240 443 302 505 377 361 484 493 578 568 421 585 520 247 453 324 337 574 353 284 545 482 454 343 369 411 370 583 497 469 509 303 529 439 398 558 472 452 268 253 277 383 315 384 248 321 265 490 495 360 257 319 559 530 397 376 478 515 554 542 322 332 532 314 511 304 560 514 406 386 581 480 317 426 527 418 267 428 255 576 437 521 320 123
285 298 363 525 365 371 309 281 244 407 259 387 296 464 487 323 286 475 316 534 420 465 380 462 505 324 262 257 354 563 405 425 280 391 440 302 495 584 240 545 476 295 493 377 322 423 340 548 445 506 291 364 447 578 577 471 501 443 439 361 337 466 269 575 342 315 585 317 266 403 341 416 547 252 331 415 272 486 396 283 509 542 320 540 326 297 517 482 352 306 474 366 265 432 275 539 531 565 518 376
285 269 416 272 440 396 365 297 502 546 320 534 498 351 468 405 412 345 476 318 354 483 378 316 495 273 274 563 532 299 258 298 515 350 419 525 467 253 257 238 575 394 363 245 522 324 390 296 300 480 275 569 557 356 505 277 493 302 266 423 578 573 558 487 473 291 517 256 471 376 509 380 267 286 501 360 570 462 341 545 335 465 426 326 244 243 475 165 377 276 262 312 481 535 364 259 443 464 397 424
510 500 539 326 356 552 376 555 489 349 476 575 251 262 413 289 352 404 266 279 293 305 435 579 501 547 341 385 459 465 464 466 549 368 586 571 471 528 309 495 292 275 245 420 584 531 524 565 252 286 446 540 348 258 432 509 394 296 474 299 350 273 339 557 483 364 473 492 323 359 335 487 577 259 407 517 390 467 543 244 354 281 363 563 374 477 391 280 298 470 387 439 475 371 425 545 508 322 567 525
285 365 534 405 501 320 256 265 528 272 416 309 299 462 483 269 525 326 257 440 291 281 371 298 575 376 286 396 465 518 505 487 297 296 363 302 327 537 350 563 581 556 283 258 496 295 394 548 354 418 284 324 423 477 383 445 557 319 341 366 464 449 275 290 262 478 498 253 521 259 476 502 390 410 356 493 509 323 539 311 447 470 432 407 466 364 574 273 578 444 415 340 495 387 306 517 361 422 471 315
501 528 405 444 581 463 490 534 319 314 514 549 292 365 389 543 428 586 459 404 305 293 385 540 531 565 309 547 571 339 466 341 326 361 384 285 262 332 301 470 386 436 414 349 252 409 477 555 554 552 486 518 580 508 382 539 572 482 279 275 251 579 442 446 567 359 506 374 492 517 524 283 432 281 461 500 271 406 464 376 496 302 346 242 413 538 421 366 520 441 278 568 247 454 352 484 324 239 465 575
260 340 456 553 573 360 536 438 395 261 393 576 507 248 392 511 509 243 532 522 559 375 431 352 560 498 376 288 377 299 585 317 402 575 482 578 443 394 397 493 500 557 249 318 435 411 430 414 350 450 335 574 284 447 483 539 505 326 337 433 291 257 258 545 336 439 529 282 418 383 390 324 270 398 320 356 423 467 510 240 570 569 266 273 327 331 427 238 279 245 333 478 343 369 542 538 530 404 405 480
375 274 559 320 402 395 576 392 267 507 511 393 260 573 431 248 438 243 536 460 261 299 256 265 509 553 557 423 335 483 390 317 318 462 255 376 456 480 273 433 412 518 498 360 364 383 291 336 467 286 304 445 449 298 277 290 426 521 251 569 520 300 259 487 432 327 468 238 522 465 363 340 278 556 397 253 239 410 344 262 574 429 367 570 475 399 356 284 532 471 546 323 398 419 371 443 275 421 544 478
402 559 375 291 511 395 427 310 366 576 392 438 460 538 507 283 248 306 393 548 536 431 447 243 261 573 553 274 403 240 443 493 505 337 331 377 585 324 265 520 260 302 482 486 506 578 421 545 303 361 574 509 284 495 268 454 290 257 383 498 449 256 456 322 542 253 249 429 327 583 340 255 343 556 315 558 575 336 318 563 278 267 320 554 439 529 521 304 239 469 344 398 410 513 526 433 376 264 535 560
253 243 261 248 438 515 392 536 576 511 522 507 553 560 434 573 532 277 320 419 395 431 412 288 274 424 393 468 313 375 472 360 433 362 270 559 456 512 582 481 485 369 498 318 249 282 450 430 402 544 397 336 333 358 367 370 317 343 533 452 457 414 267 260 312 263 294 398 570 334 530 569 516 340 330 480 351 580 357 659 632 662 321 89 488 286 382 262 650 503 94 545 656 521 479 238 400 527 629 630
438 261 397 536 468 456 317 243 485 481 393 362 570 532 392 512 553 576 312 395 511 573 263 457 357 398 260 448 248 569 340 250 507 479 277 267 562 360 412 294 522 318 498 419 439 253 431 544 433 564 516 559 320 238 424 351 515 458 276 308 336 402 480 375 367 311 246 566 343 451 494 550 274 560 488 460 414 437 327 400 545 300 523 426 503 535 270 580 504 558 82 378 519 347 287 382 450 551 249 533
509 394 299 376 557 350 483 335 352 273 390 473 467 258 575 356 435 326 260 539 500 348 476 266 284 574 443 585 529 418 383 578 482 245 478 493 447 510 340 297 257 559 320 396 377 267 354 395 456 423 495 331 440 501 393 520 303 502 416 291 505 378 296 576 548 573 427 272 375 324 380 545 445 274 316 563 534 240 507 498 553 285 360 269 454 405 365 248 302 342 511 462 439 506 275 392 337 579 403 286
243 573 261 553 511 438 288 560 576 392 507 430 248 431 375 456 536 260 360 253 395 522 358 559 582 282 532 434 274 313 498 333 318 402 393 450 340 515 320 569 317 277 570 412 397 336 249 270 378 419 351 238 263 480 468 367 433 300 343 369 267 457 357 424 245 370 426 545 544 275 452 479 439 487 286 562 414 398 262 281 571 266 505 448 521 291 299 377 458 327 251 311 483 324 257 341 462 460 371 404
260 395 375 576 456 559 511 393 536 573 392 553 438 507 340 402 248 431 243 261 376 435 575 274 326 498 360 299 539 500 318 394 509 557 443 284 335 574 529 356 350 418 447 317 383 297 476 578 483 493 569 478 445 267 336 585 238 352 273 570 257 390 378 396 467 291 433 296 295 480 520 354 320 454 415 303 397 426 266 316 270 502 460 275 510 258 249 377 255 548 462 427 563 286 473 505 440 380 342 499
511 392 243 576 507 431 375 248 438 559 395 261 402 573 553 536 393 274 456 260 498 360 318 288 340 336 430 253 560 317 433 569 570 249 270 460 468 267 238 397 457 291 320 263 522 544 367 532 447 412 480 578 448 562 297 351 426 398 493 479 582 366 277 515 370 357 439 421 505 521 443 283 313 377 545 414 520 310 378 257 306 250 327 548 300 541 537 324 255 276 278 343 585 458 344 509 472 282 580 574
395 536 393 559 438 576 392 375 511 261 507 260 402 248 431 243 553 456 274 573 460 340 318 498 433 336 267 317 360 397 562 412 367 278 286 277 569 445 544 399 284 320 480 520 255 532 570 574 383 529 304 521 297 457 327 468 238 426 478 585 239 443 344 263 533 172 253 415 351 418 479 104 493 461 291 580 398 295 578 270 122 256 96 254 319 421 499 432 513 509 382 522 19 299 667 296 515 300 332 259
641 613 640 670 625 605 608 618 604 606 589 596 642 639 627 619 655 652 622 623 637 633 653 588 648 601 612 631 671 651 629 600 666 661 597 664 89 634 165 675 662 630 152 177 659 649 63 171 643 673 587 617 598 615 646 663 594 654 656 650 592 616 644 645 610 624 129 80 201 82 107 18 667 668 647 140 607 632 621 106 170 611 193 674 595 626 60 187 12 25 180 209 23 124 602 603 206 593 179 36
625 619 89 177 201 629 106 641 640 107 666 664 600 140 193 671 613 56 651 63 171 209 634 152 645 165 631 670 587 662 605 129 596 627 630 674 604 618 633 642 608 655 80 652 659 597 187 623 606 639 667 589 654 607 661 649 650 648 622 12 624 653 210 105 675 82 598 133 656 673 644 592 603 588 60 646 124 615 643 594 637 617 81 611 616 647 158 180 602 18 610 612 83 621 599 101 635 179 601 43
660 638 614 628 658 665 620 599 591 635 636 609 672 590 661 617 603 667 657 643 597 645 607 671 675 650 674 598 663 654 673 656 644 659 646 587 632 624 634 641 662 611 615 592 630 616 594 595 602 621 647 664 648 610 613 593 649 96 626 111 669 642 193 32 668 201 25 72 19 180 108 218 666 107 129 124 89 253 670 142 618 116 619 206 212 605 126 82 172 62 182 60 320 170 165 144 148 81 99 608
617 661 599 660 597 638 591 672 620 658 635 665 614 609 636 628 663 671 675 590 634 643 619 664 666 603 641 667 645 674 657 662 613 659 616 630 629 607 611 587 646 654 673 644 598 632 650 648 594 602 624 640 615 656 651 618 592 631 642 647 670 627 605 625 596 649 593 633 639 19 604 653 96 595 612 655 600 589 637 601 206 124 608 116 129 111 652 170 172 621 588 80 610 12 71 15 108 115 62 133
635 599 636 609 672 660 591 638 628 620 614 665 658 590 661 617 643 603 667 657 607 674 645 664 634 671 597 587 673 616 654 646 611 650 659 598 656 644 675 662 630 624 632 641 594 595 592 663 647 602 626 615 619 668 621 610 593 613 669 666 472 649 369 629 89 648 618 60 165 99 605 670 126 111 596 20 625 180 201 452 631 604 193 640 642 116 589 651 80 142 253 639 608 124 530 107 249 655 63 450
617 661 671 619 641 663 675 597 613 591 666 640 599 634 643 648 664 660 638 620 665 658 618 651 609 635 662 629 596 642 614 628 670 653 631 600 672 630 633 637 616 601 612 627 645 605 608 659 636 655 639 646 604 652 674 589 603 673 632 650 587 667 654 598 644 588 615 649 622 594 592 595 606 590 623 611 656 607 647 624 625 657 621 593 218 206 19 602 111 180 27 192 124 165 89 194 610 96 626 167
617 661 619 641 671 597 666 663 613 675 599 640 648 618 635 672 634 591 651 638 636 660 633 631 620 609 664 596 658 604 629 627 655 670 605 662 639 665 642 589 612 600 637 653 630 588 601 643 659 614 628 674 608 652 622 623 616 590 667 645 606 587 603 673 646 611 598 632 594 654 650 607 624 657 644 602 625 592 656 649 647 615 111 593 71 595 96 25 170 89 19 57 116 129 124 610 172 621 20 80
617 661 666 597 619 671 629 663 641 599 675 638 672 635 634 591 660 651 631 609 640 664 636 620 658 665 643 613 628 614 662 633 600 659 648 616 630 645 590 627 618 667 673 674 587 670 603 639 605 596 642 604 589 652 623 608 622 655 654 646 598 611 588 653 612 644 624 607 650 592 594 632 637 657 601 606 625 602 649 615 656 647 96 593 116 57 595 71 19 89 621 172 111 167 610 124 293 75 305 80
617 661 663 597 675 660 599 591 643 641 665 666 620 635 634 609 619 638 673 672 658 616 614 664 628 646 671 636 598 647 654 615 592 644 629 656 613 650 659 594 624 630 662 587 631 645 621 611 632 651 667 603 648 605 670 649 674 590 607 642 640 626 610 633 618 627 588 668 639 653 604 589 89 595 608 596 612 602 601 625 657 652 600 637 655 129 82 80 593 165 201 623 187 72 25 111 669 96 170 60
617 661 663 597 675 599 591 666 660 609 665 641 635 620 619 643 634 664 638 658 673 672 671 616 636 614 628 646 598 654 629 613 630 662 647 650 644 659 645 615 592 656 594 631 587 651 624 667 640 621 648 611 632 603 649 642 590 670 605 674 607 633 610 626 608 627 602 653 596 600 618 604 588 595 639 668 589 612 89 625 96 80 165 623 652 655 637 657 601 124 12 116 72 82 129 19 201 63 81 170
663 664 675 634 643 619 594 646 673 632 617 616 662 595 659 630 641 644 598 654 587 593 611 656 650 645 610 674 629 607 624 647 666 667 615 602 592 669 671 626 597 625 603 621 668 661 651 657 648 596 672 618 599 635 631 609 605 600 670 640 649 604 36 653 46 639 589 86 142 655 92 636 613 25 89 642 590 165 127 111 213 212 665 588 612 202 591 124 638 159 67 139 96 660 627 153 608 50 20 63
663 675 664 634 643 594 632 619 595 617 593 646 673 662 616 659 630 598 611 641 654 644 587 645 650 602 656 674 667 607 629 666 624 671 610 615 647 597 592 603 625 626 648 668 661 669 621 657 596 651 635 599 609 618 672 653 591 600 605 640 649 36 165 670 111 46 631 127 25 636 92 658 639 665 638 620 604 655 642 589 124 627 613 212 67 69 180 99 96 20 89 50 63 588 142 637 612 590 660 601
663 664 675 643 634 594 619 632 595 617 593 673 646 630 662 641 616 644 598 659 587 607 654 611 674 645 624 650 656 667 629 647 592 666 597 625 610 603 602 615 669 657 671 621 626 668 661 649 63 180 165 609 596 651 590 194 111 613 599 635 672 640 139 642 152 153 218 89 653 132 60 631 129 80 591 605 670 220 648 618 637 600 608 612 179 82 167 66 655 636 27 10 155 170 70 187 77 49 639 1
619 664 675 634 643 641 663 630 662 659 617 587 645 673 646 616 611 625 594 674 666 654 632 629 644 667 607 598 597 650 595 602 656 624 671 610 647 593 603 592 615 661 613 669 651 657 89 626 668 640 621 631 600 618 590 605 670 596 165 639 633 608 653 635 642 649 627 623 63 609 177 152 637 589 193 636 604 655 601 201 599 591 672 606 612 622 652 660 99 180 648 253 588 60 25 107 124 129 111 179
650 165 180 656 644 654 624 629 649 634 434 522 666 80 592 63 610 664 646 615 673 152 647 598 616 320 669 253 668 450 671 621 626 18 582 313 171 288 193 645 643 333 480 300 89 170 96 124 412 665 398 426 591 560 131 101 625 282 99 632 119 597 358 660 635 619 82 452 457 223 60 544 667 20 675 599 210 149 105 595 651 238 291 194 640 353 569 641 272 27 74 343 638 609 75 237 167 594 416 91
124 96 119 101 116 172 105 75 74 232 114 23 158 215 91 60 38 210 186 629 666 99 20 180 650 649 656 165 320 86 149 223 654 644 398 167 169 83 645 544 480 585 434 647 426 193 412 300 592 216 493 671 353 452 131 624 89 253 111 80 163 665 138 15 238 291 457 25 664 139 484 599 443 522 405 107 284 155 466 634 177 11 591 156 615 152 331 35 578 574 274 497 640 179 646 501 270 313 88 626
640 631 633 651 627 623 596 670 604 589 655 622 606 648 605 600 618 588 639 608 652 642 653 637 612 601 641 613 629 619 671 666 661 617 675 663 662 634 630 659 664 597 645 643 599 609 89 673 587 649 165 60 615 594 625 654 591 153 635 99 20 611 620 86 213 616 667 218 111 63 610 646 660 180 636 674 80 644 193 253 194 650 638 592 603 665 124 632 142 25 64 598 656 139 152 628 167 179 595 201
631 651 640 629 600 633 619 627 666 623 641 671 606 670 622 639 596 652 605 618 608 604 648 589 642 655 588 613 653 637 612 601 675 617 661 663 634 664 643 662 597 673 659 625 630 616 594 645 587 632 646 667 593 595 674 607 649 654 611 615 591 99 626 165 218 610 644 598 635 609 656 111 86 153 599 194 650 636 193 60 592 89 172 213 603 220 668 63 124 20 620 131 149 253 602 180 152 80 665 638
631 651 640 600 633 627 623 629 606 622 596 604 655 670 652 639 605 589 648 588 618 608 619 666 642 613 653 641 671 637 612 601 661 617 662 597 634 630 675 659 165 625 609 673 664 663 649 645 63 587 643 635 616 89 599 646 60 610 674 615 80 153 650 193 99 152 180 170 656 592 591 644 654 20 167 624 12 156 667 253 139 213 86 27 620 636 594 57 71 398 660 111 665 598 124 81 83 116 611 672
631 651 600 640 633 629 627 623 622 639 606 652 605 670 604 589 666 596 588 608 618 655 648 642 641 653 671 613 637 619 612 601 661 597 617 662 634 675 659 630 673 663 609 599 89 165 635 587 649 616 591 645 664 167 156 594 643 620 625 86 636 193 138 218 665 80 660 674 179 220 139 667 654 63 672 131 638 646 628 57 124 656 71 12 60 592 650 99 115 116 610 224 170 194 177 111 20 632 611 149
