87 151 48 190 125 128 178 102 13 73 126 17 154 98 16 225 141 4 228 182 3 21 104 42 41 26 37 6 221 5 58 123 188 219 230 8 183 138 62 30 195 44 236 150 211 130 113 14 149 147 115 172 59 173 233 200 109 198 29 54 61 166 184 197 28 78 52 40 217 47 103 189 33 222 121 234 122 72 95 191 137 227 90 55 226 15 237 96 144 118 32 110 203 88 174 77 208 164 24 39
141 228 3 58 219 182 21 233 5 17 59 61 73 40 123 78 173 154 198 191 222 197 150 138 178 130 195 104 98 125 16 225 184 28 109 87 121 48 190 128 151 37 207 8 117 4 221 169 41 122 188 6 13 115 30 172 113 55 44 217 62 144 102 185 149 237 147 32 166 211 208 126 14 51 52 79 96 76 236 19 213 43 116 108 88 81 224 77 156 47 103 216 64 53 175 142 50 72 160 66
183 42 230 110 57 229 15 111 73 126 102 125 77 151 87 149 137 104 48 216 414 62 178 189 118 399 72 128 14 96 192 26 422 54 278 21 103 190 513 217 239 182 537 33 172 234 78 47 123 236 198 13 580 344 343 609 116 257 227 521 59 58 200 153 254 607 5 124 499 138 583 90 19 304 147 415 505 417 163 11 554 130 303 211 150 578 372 296 441 61 264 382 491 115 95 29 8 295 32 534
230 183 42 15 110 57 229 125 87 126 47 62 151 14 103 29 236 72 189 54 26 149 73 200 33 77 102 137 234 111 104 227 118 48 147 217 178 123 143 90 226 128 94 2 203 95 192 24 190 13 216 161 182 174 22 21 164 136 85 39 122 162 7 55 9 96 170 211 172 5 235 68 16 58 208 146 8 181 175 154 41 198 93 221 98 84 4 121 225 6 97 607 30 17 116 231 59 138 3 135
15 111 183 229 110 96 170 42 230 227 77 19 143 234 189 57 90 103 116 124 33 94 137 47 172 235 607 609 14 226 7 216 2 72 26 62 162 125 161 217 29 603 68 181 85 192 657 104 122 118 54 667 24 136 203 146 119 84 9 198 78 22 126 231 174 635 236 164 123 208 175 95 636 93 102 590 674 75 200 138 97 587 27 101 147 135 645 150 602 206 39 593 660 210 149 55 73 114 632 59
77 11 149 138 130 195 172 37 150 8 96 115 173 30 41 16 113 225 221 44 178 6 4 110 109 188 98 144 211 15 237 116 154 166 78 184 229 42 111 40 61 190 88 13 32 48 28 59 52 81 19 151 169 117 53 219 148 198 3 73 43 594 141 124 191 222 183 593 87 34 216 392 199 58 207 197 657 635 108 5 632 128 674 182 228 672 599 603 249 667 609 233 511 176 125 21 17 79 587 278
77 96 149 11 15 110 116 229 172 111 138 130 195 150 42 173 37 221 6 41 178 8 115 44 113 78 188 225 48 16 19 98 190 13 4 603 30 40 657 61 124 59 32 184 154 183 109 593 88 590 237 211 672 151 667 144 609 166 594 632 674 635 645 87 198 599 81 125 671 638 607 26 636 573 148 392 73 279 128 169 611 658 511 628 261 222 587 614 28 117 578 521 399 52 126 189 278 660 422 219
110 77 229 15 111 42 96 183 116 149 657 172 124 603 672 590 11 609 635 195 189 593 26 230 599 130 150 125 138 638 19 658 636 78 198 667 48 614 607 73 660 671 178 628 104 59 174 645 151 674 33 632 620 578 521 221 102 173 126 554 41 55 611 587 137 190 227 21 399 665 279 123 40 278 591 659 472 122 8 6 95 404 113 44 61 594 225 203 170 585 305 13 422 87 304 261 217 7 344 211
15 111 110 229 96 77 42 183 116 124 172 19 657 603 609 198 230 590 149 672 189 78 150 635 59 11 170 667 208 21 593 57 195 104 607 130 55 123 231 26 125 93 227 85 161 235 138 122 217 137 94 24 97 143 181 136 234 674 599 73 162 636 33 7 203 174 611 279 95 9 175 135 587 399 278 84 216 14 68 521 645 173 192 146 554 578 221 102 40 22 2 296 182 368 492 602 422 671 103 61
15 111 110 229 183 96 42 77 189 230 33 26 170 19 227 125 54 72 143 234 103 90 14 62 200 57 217 7 94 116 161 124 137 68 104 85 172 235 603 607 123 181 609 162 2 24 47 657 136 146 118 122 226 192 9 203 22 236 84 93 97 667 164 147 231 29 198 590 208 216 635 21 73 126 175 174 95 135 78 102 55 636 149 674 672 587 39 150 59 75 660 593 645 197 119 206 182 138 602 628
230 14 103 47 227 62 137 143 217 29 126 236 235 104 94 234 161 85 33 206 54 162 147 192 175 9 189 208 72 123 146 135 122 231 26 226 181 93 136 84 97 55 198 7 15 183 68 90 42 200 41 609 603 195 174 118 138 78 607 121 2 150 170 95 211 593 59 8 164 130 636 657 188 635 184 172 22 119 590 30 87 203 672 39 24 660 182 27 632 32 197 173 125 21 102 649 105 73 591 37
230 103 47 14 126 62 137 29 217 227 236 147 104 143 72 206 54 94 33 234 15 183 189 192 123 200 226 235 26 118 161 162 2 181 90 609 85 68 146 175 7 9 136 174 84 208 42 203 122 164 121 22 636 24 95 198 590 170 231 135 603 607 102 657 182 55 125 78 93 97 632 635 27 638 593 672 39 660 73 96 151 216 667 172 229 19 658 41 21 59 153 138 32 57 87 620 12 599 649 119
126 230 137 103 47 62 14 217 236 147 72 104 29 206 227 15 123 54 143 192 26 200 609 638 189 636 234 118 599 33 620 12 133 658 237 591 614 635 672 108 102 27 94 590 657 665 182 628 660 153 125 607 32 603 87 632 183 191 151 78 96 170 19 195 210 138 48 73 190 643 593 90 645 5 235 42 2 144 130 226 671 174 172 106 649 81 88 624 650 8 598 111 148 667 578 95 594 209 198 21
230 126 103 47 14 62 137 217 29 236 147 227 104 72 206 143 123 54 234 15 192 189 94 200 33 118 26 183 226 609 102 2 235 90 636 182 125 12 590 162 181 87 638 151 175 27 635 672 658 32 170 599 161 133 632 607 73 657 603 198 122 660 68 174 42 591 121 146 95 237 620 78 84 614 108 203 7 136 21 191 665 85 153 593 19 667 208 5 24 96 649 55 58 195 144 164 138 9 172 628
14 47 103 62 230 227 137 126 143 217 236 29 104 235 54 33 175 147 206 94 85 72 161 162 234 9 122 15 192 181 200 41 146 123 208 195 189 136 174 138 118 68 78 603 211 26 607 198 8 7 135 150 593 226 95 609 55 130 30 188 93 172 121 84 39 231 90 2 203 657 97 636 184 632 42 59 635 37 164 22 6 183 221 44 197 125 113 660 595 173 87 96 48 28 672 638 667 24 587 73
230 14 103 47 227 62 137 143 126 217 236 29 235 85 94 161 33 162 104 54 9 234 147 175 15 206 72 192 181 189 146 208 7 123 122 135 231 136 26 93 97 84 68 174 198 183 226 42 41 195 603 55 200 90 593 211 95 609 138 78 607 2 150 8 118 121 657 164 130 172 39 59 170 30 188 22 203 636 184 635 24 632 182 119 660 96 590 197 57 229 102 173 216 667 27 73 638 111 672 21
230 103 137 47 14 62 227 126 29 143 217 104 206 236 235 72 54 147 94 33 192 161 234 85 162 123 15 603 175 609 189 208 9 118 146 181 122 90 226 68 183 26 607 136 135 198 138 231 7 84 657 78 188 636 121 55 97 93 119 593 41 27 200 2 170 195 174 591 42 635 590 632 95 130 150 184 59 172 32 203 164 73 667 39 638 96 211 102 22 6 8 658 125 649 595 672 19 660 21 182
108 237 32 144 81 148 172 138 37 188 115 98 96 130 166 6 225 113 221 195 184 150 28 44 116 4 79 41 649 12 16 109 8 173 88 53 593 124 149 52 192 11 671 78 30 632 603 199 595 594 674 77 3 137 43 34 169 206 48 196 657 590 663 645 667 178 207 607 210 117 275 72 59 141 412 170 625 494 19 653 133 609 675 637 642 190 274 99 66 375 61 153 198 543 359 228 397 622 529 20
86 153 145 172 96 53 218 124 88 223 194 138 131 52 116 163 79 63 180 66 165 43 166 188 108 176 113 70 132 10 20 237 155 179 31 221 199 34 44 35 152 184 220 169 190 100 37 210 595 112 117 28 111 150 6 80 11 57 214 27 120 224 167 207 196 130 156 81 45 48 32 77 139 634 594 134 645 4 649 115 593 71 674 185 49 1 15 664 607 195 98 149 629 667 246 41 216 291 192 151
230 14 47 62 103 137 227 126 236 217 29 143 104 147 54 15 33 72 206 94 175 235 234 192 123 593 200 189 122 78 121 26 85 161 162 9 208 136 198 174 138 146 68 181 226 41 118 195 150 203 95 2 607 135 84 609 93 7 55 211 603 231 90 59 97 8 39 42 184 632 130 183 73 172 164 125 24 197 657 19 188 628 635 22 595 660 636 119 96 649 182 643 21 30 638 170 672 6 102 48
91 119 124 23 101 111 105 96 75 74 20 153 649 215 114 232 99 145 60 625 663 194 654 172 648 272 156 116 167 671 650 34 186 246 86 218 593 138 416 43 396 598 656 502 675 609 139 644 674 308 64 645 57 11 70 667 345 623 592 224 158 214 653 92 223 69 624 610 213 603 350 25 607 163 578 216 642 31 179 78 619 513 324 606 45 15 600 643 666 274 131 622 372 329 398 651 269 165 627 79
103 47 14 62 230 29 236 217 126 147 104 227 72 137 54 200 234 118 123 143 33 189 94 26 226 2 206 192 15 90 164 87 102 24 235 125 183 203 22 182 181 73 175 162 7 27 161 151 21 95 136 68 122 174 121 146 84 170 609 39 208 198 85 5 55 9 12 590 636 607 78 231 58 93 603 135 32 42 211 133 660 158 41 59 186 657 635 75 82 197 638 61 57 19 40 97 237 178 672 599
126 230 47 103 14 62 29 236 217 147 137 227 72 104 54 234 143 123 200 118 94 33 189 206 26 15 226 192 2 102 90 87 174 203 235 125 183 27 95 182 24 73 609 164 22 162 161 237 7 12 181 636 175 39 151 170 607 638 599 85 21 590 133 672 68 603 78 32 211 121 146 136 635 42 657 122 84 55 660 5 41 108 158 658 19 198 138 75 9 178 153 8 614 57 58 620 61 591 40 208
103 47 230 14 62 29 236 217 227 104 147 126 72 54 137 143 234 200 118 94 189 33 123 226 26 183 2 192 206 90 161 15 85 164 235 27 146 125 68 24 162 122 170 22 93 9 203 136 175 73 181 7 182 55 231 84 21 208 39 95 97 87 42 135 121 198 82 174 607 158 32 609 186 102 57 211 151 59 603 38 129 78 590 19 197 195 5 130 96 144 8 275 187 12 172 58 657 41 75 16
108 81 32 138 144 237 130 150 184 37 195 225 169 115 6 595 221 98 172 28 207 113 148 188 41 8 44 173 149 78 117 30 79 96 109 4 166 593 77 48 671 190 88 651 178 649 185 3 16 594 52 116 59 643 13 603 53 141 154 58 600 198 632 674 124 607 657 11 156 61 667 43 609 104 211 228 42 638 153 622 587 608 635 653 623 233 631 99 137 72 578 219 40 640 21 625 627 20 151 629
108 138 32 81 115 144 150 130 237 169 148 195 6 184 77 113 207 221 595 78 172 225 188 37 173 190 96 44 98 109 88 149 117 41 8 79 593 11 28 48 154 3 4 166 30 116 671 13 594 178 16 141 61 52 59 58 667 649 185 674 53 21 603 651 198 43 104 657 600 182 40 73 578 609 632 151 228 233 153 219 607 587 124 645 99 211 210 5 86 156 72 20 261 15 627 34 543 638 635 222
86 153 145 218 194 132 180 63 220 152 70 165 20 223 163 35 80 131 120 111 172 10 31 210 112 57 139 100 167 179 1 214 27 224 155 52 96 170 19 79 66 205 156 15 53 124 117 45 88 49 18 51 593 207 176 99 78 188 150 76 654 216 138 137 595 43 192 674 213 649 60 199 113 64 34 621 498 185 166 108 229 28 184 246 644 594 71 598 187 32 275 206 667 610 318 587 308 44 129 221
91 124 23 119 153 111 96 145 101 20 75 105 99 649 60 218 86 172 74 663 194 654 625 246 114 593 598 215 34 308 156 167 116 648 645 138 644 232 216 667 674 324 675 650 272 139 592 214 594 70 43 632 656 15 88 223 372 416 609 291 57 32 11 163 671 92 78 587 186 35 623 502 79 619 624 210 398 329 221 257 188 607 112 396 165 505 254 350 666 31 224 274 578 641 603 345 610 196 179 213
47 103 126 62 14 230 29 217 236 147 137 104 227 72 54 200 234 123 206 143 33 118 192 94 189 226 2 26 15 102 90 27 183 164 87 174 24 125 95 203 151 22 182 235 175 12 609 161 73 7 181 133 162 39 136 84 21 211 85 636 122 170 32 5 68 121 146 9 55 57 237 78 607 42 590 208 635 198 108 153 82 58 135 158 19 41 657 144 599 187 672 638 186 75 603 8 231 210 93 80
14 103 230 62 47 217 227 104 236 137 29 143 126 72 147 54 234 206 609 123 192 33 189 122 94 200 125 235 607 15 118 78 26 198 226 183 73 161 150 130 593 186 138 603 96 667 21 170 195 636 158 635 59 162 136 208 27 172 90 590 146 55 68 175 657 85 184 275 105 174 9 188 32 42 181 602 57 211 672 38 24 2 41 279 674 116 182 231 197 58 203 61 216 359 620 599 649 587 95 8
108 32 81 144 138 237 150 130 184 195 28 207 37 169 225 98 117 115 6 188 172 595 173 148 113 221 78 44 166 41 8 149 79 185 4 30 109 77 96 88 59 53 48 16 52 593 3 198 58 178 141 190 603 116 594 61 649 651 671 124 11 607 40 154 13 657 104 51 43 228 674 632 156 99 667 76 233 70 197 21 211 643 137 153 12 219 192 609 578 645 182 72 587 42 176 31 622 20 87 623
108 138 595 207 32 150 169 130 184 144 117 237 78 115 81 77 185 79 195 172 88 148 28 221 173 109 113 188 6 225 593 44 149 37 96 8 30 190 41 166 98 59 53 667 594 198 609 649 156 52 607 104 603 48 58 43 61 176 674 153 671 657 21 11 651 76 578 16 116 51 3 31 4 13 211 216 70 141 645 99 632 587 154 137 40 178 182 224 60 600 73 124 208 34 174 590 20 15 151 635
86 153 145 218 194 132 220 63 223 180 131 35 10 152 100 163 155 70 112 165 172 179 124 31 120 111 80 210 214 20 96 66 53 57 27 52 45 49 139 167 1 156 224 71 88 170 79 18 117 43 207 216 246 15 99 176 185 64 19 213 205 634 595 308 674 51 76 169 199 184 593 188 34 138 645 116 166 229 664 649 587 594 291 28 113 666 541 498 300 654 610 60 426 621 137 150 644 192 667 250
595 138 207 185 169 150 649 184 130 76 593 96 172 156 117 78 195 51 224 108 609 111 28 594 237 167 632 116 221 88 173 109 115 70 15 643 603 59 671 607 191 60 198 163 1 99 667 124 214 62 197 153 79 182 225 657 137 19 61 650 16 230 44 194 73 104 32 205 664 125 638 77 31 663 625 14 43 188 145 98 599 20 340 71 645 52 47 113 654 658 120 624 614 598 72 57 8 179 227 6
119 124 91 23 101 75 153 105 96 111 74 114 215 20 145 232 60 99 649 186 138 172 34 116 86 625 650 158 78 609 57 218 216 654 598 167 38 15 324 246 43 139 663 156 194 88 593 70 221 188 656 272 644 674 214 667 592 308 645 32 163 416 329 632 223 192 624 150 607 587 92 671 137 610 603 31 210 198 580 505 502 79 27 647 59 666 35 113 396 345 578 179 199 227 112 350 254 648 230 224
230 47 103 14 62 126 217 236 29 137 147 227 104 72 234 54 143 123 206 118 189 192 200 26 33 15 94 226 90 125 27 2 87 183 102 151 237 108 32 182 235 609 170 73 24 21 12 607 162 161 75 158 603 122 153 164 198 635 672 591 638 133 42 658 144 657 78 38 186 599 5 590 96 636 181 95 7 22 136 55 614 85 58 146 178 620 138 119 84 68 59 57 40 660 628 203 195 175 19 232
230 14 62 103 47 217 29 236 227 104 147 126 54 143 72 137 234 123 33 200 189 94 26 161 118 183 226 85 235 68 15 90 2 146 122 125 162 136 7 9 181 93 175 206 84 192 164 182 55 24 73 208 231 22 97 135 21 95 607 198 203 42 174 87 39 195 8 603 197 211 170 58 41 121 5 27 130 151 102 150 609 59 78 16 657 660 158 590 32 636 593 40 30 178 635 61 138 229 173 216
14 103 47 62 230 126 227 137 143 29 217 236 85 104 161 235 54 33 9 146 234 94 72 162 175 206 68 7 181 122 192 189 93 226 136 208 607 200 97 90 147 55 135 231 26 84 123 118 603 27 41 2 164 8 195 15 95 183 593 609 198 211 42 130 39 170 22 184 30 138 174 172 636 150 78 203 24 635 188 121 59 632 32 73 87 657 37 660 102 16 125 28 119 590 19 591 57 173 595 96
14 230 62 103 47 29 126 217 227 236 137 143 104 72 147 54 85 161 33 234 9 235 146 94 175 123 189 200 162 122 183 15 7 93 68 26 136 181 607 226 192 97 206 42 84 231 208 90 55 135 2 118 603 164 95 198 125 8 195 609 211 174 41 22 24 170 73 203 121 39 130 657 27 87 593 635 632 182 636 150 102 30 16 591 78 660 184 197 638 188 59 229 138 216 172 119 21 111 158 614
103 47 14 62 236 29 217 230 147 104 227 72 54 200 126 118 123 189 33 234 143 26 137 94 226 2 90 125 15 183 24 164 68 235 161 206 182 73 22 122 21 146 136 192 181 162 7 85 203 151 84 5 175 87 102 174 9 198 95 170 55 208 93 58 231 27 39 135 59 97 78 121 211 158 197 609 42 32 219 61 40 178 195 186 141 130 590 237 75 96 607 82 150 48 41 8 603 98 12 38
108 81 32 237 144 138 115 130 37 150 195 188 113 6 148 98 172 184 221 225 4 41 109 28 166 96 173 8 169 44 78 79 30 116 16 149 117 207 88 59 53 649 671 52 48 603 593 124 178 674 77 657 211 43 595 137 13 141 198 190 609 12 3 72 58 607 667 192 632 42 11 645 73 590 638 34 104 594 635 578 199 61 196 672 153 591 156 658 228 643 87 587 599 636 185 66 21 614 20 651
108 32 144 81 138 150 237 130 148 184 195 115 207 173 117 169 28 188 78 225 113 6 221 98 59 37 44 79 109 172 595 185 149 166 96 198 41 88 61 77 58 8 593 141 3 11 52 48 190 40 53 4 154 178 30 51 116 76 649 16 671 21 73 632 594 43 13 603 191 72 228 233 197 70 99 124 219 667 182 578 153 156 216 651 222 674 192 657 211 104 607 5 20 663 42 609 12 92 645 121
86 153 145 132 218 194 220 35 63 70 223 31 180 179 131 163 100 112 155 96 165 214 111 20 120 45 139 10 124 172 88 152 53 52 156 66 224 57 210 167 595 43 79 593 34 176 138 99 645 205 207 649 216 1 80 674 246 199 594 308 15 117 667 185 587 76 610 116 49 229 632 64 71 166 213 654 78 51 634 644 170 416 60 656 643 272 221 169 188 27 300 664 291 44 598 663 629 324 190 184
108 81 237 32 144 138 188 148 53 113 166 172 37 52 221 79 28 88 44 6 184 43 98 96 117 150 130 115 225 34 169 199 176 196 207 4 116 195 595 124 11 66 48 149 194 594 41 190 593 185 77 153 649 180 100 109 156 78 173 8 131 70 10 31 210 167 16 179 224 30 12 178 632 155 223 49 145 134 674 112 607 192 76 218 20 71 663 165 163 63 603 99 72 86 651 634 151 13 220 671
595 185 207 191 117 169 51 76 78 150 593 184 138 197 156 649 28 59 594 667 130 632 198 58 173 222 651 224 643 61 674 195 603 671 31 657 21 77 607 40 70 142 167 208 172 182 104 663 216 609 141 587 99 645 122 121 3 673 73 5 205 600 15 675 179 111 623 631 212 159 96 88 625 100 213 71 629 190 1 92 233 139 221 638 175 217 653 149 194 67 44 8 41 123 60 115 125 48 131 108
191 185 595 51 197 207 76 117 169 184 156 78 222 150 224 28 59 61 205 593 138 104 1 198 70 40 31 217 173 172 167 130 153 122 58 62 159 179 649 195 73 14 125 99 214 625 92 141 121 607 664 48 21 213 643 5 163 128 182 96 100 194 15 19 190 609 69 3 632 142 67 667 192 108 137 212 657 168 65 123 228 111 202 25 60 233 139 120 20 154 127 227 145 603 157 50 88 594 17 206
595 191 185 207 51 76 117 197 169 78 150 184 28 59 593 173 156 222 198 138 61 195 122 130 58 40 224 632 182 649 104 205 121 159 21 70 141 1 99 643 123 217 142 5 31 167 603 73 175 594 208 168 213 212 607 179 3 667 55 172 60 100 233 62 137 657 125 15 14 69 111 664 136 108 674 228 610 65 231 194 48 625 96 211 202 19 154 609 67 219 92 651 190 127 673 20 8 64 587 192
91 124 23 119 101 75 105 153 74 232 114 215 111 96 186 20 158 99 60 172 145 38 34 649 650 625 86 57 592 88 138 43 15 214 644 656 156 647 218 654 399 163 624 116 167 223 274 598 581 324 230 246 609 610 580 213 314 291 70 210 27 350 170 64 165 394 221 194 78 557 237 254 348 272 433 240 666 11 234 329 104 137 412 183 671 473 83 603 337 352 356 593 19 216 372 139 544 299 278 150
230 103 47 126 14 62 29 236 217 137 227 147 72 104 54 143 118 234 189 200 206 192 123 26 33 15 94 226 27 183 90 125 170 2 102 87 235 151 609 24 42 174 164 122 153 57 121 607 175 162 203 22 12 161 73 237 95 85 136 32 7 198 19 172 138 84 146 181 96 78 108 208 133 68 48 9 21 55 636 182 75 211 231 178 41 635 188 39 82 158 135 657 111 59 603 186 672 38 80 93
103 14 47 62 230 29 217 236 137 227 126 104 72 147 54 33 143 189 234 200 118 26 90 206 226 123 192 94 181 15 183 2 7 161 73 122 146 164 235 102 85 55 68 162 125 9 22 136 95 42 27 609 174 175 24 198 607 203 93 211 208 182 57 84 39 87 636 231 121 78 97 195 229 151 635 170 96 172 638 603 130 590 41 657 135 138 32 150 21 110 59 19 8 658 197 216 82 660 115 108
103 14 230 62 47 29 236 217 227 143 54 147 104 126 234 137 161 94 33 235 189 85 183 72 226 162 200 26 118 146 123 90 9 68 2 7 122 181 15 93 136 164 84 42 192 97 231 22 24 175 206 55 135 208 203 125 198 95 170 39 607 182 73 21 87 102 110 121 195 8 174 59 603 229 41 27 78 211 57 130 105 609 158 590 32 197 101 657 150 16 38 119 660 186 75 172 216 151 359 58
230 14 103 47 62 236 29 227 217 143 137 161 126 104 85 234 235 162 147 54 94 9 146 33 226 183 7 93 68 84 189 97 122 136 90 181 55 231 72 26 123 175 135 2 42 208 200 192 118 15 164 22 206 198 24 95 125 195 203 607 41 59 8 39 174 603 130 211 590 110 170 182 87 21 657 102 121 78 150 101 609 73 105 119 197 229 16 27 32 57 30 40 660 158 216 359 138 172 636 61
230 103 47 62 14 29 236 126 217 147 227 104 72 54 137 200 143 118 234 33 189 123 26 94 226 2 206 90 15 125 183 192 235 164 161 24 162 87 22 68 146 136 7 85 175 203 122 181 84 151 73 27 9 170 102 174 182 95 121 55 42 21 39 135 208 198 93 231 609 41 97 5 78 211 8 172 590 32 12 178 59 197 48 607 19 158 58 82 603 153 195 96 636 75 237 40 98 16 186 61
108 32 144 81 237 138 130 115 150 195 37 98 225 221 113 188 6 4 109 41 184 172 8 148 173 28 166 44 16 30 96 149 78 169 79 59 88 178 53 77 207 117 52 211 141 3 13 48 593 228 198 11 124 116 61 58 190 72 671 595 603 43 594 219 42 674 87 182 649 192 667 657 40 632 199 137 34 590 104 128 73 185 154 153 15 151 578 196 21 5 174 233 609 12 274 638 95 494 587 645
108 32 144 81 237 150 138 173 130 148 195 184 28 207 115 169 117 78 225 98 59 188 109 221 113 6 37 172 61 185 44 198 149 79 166 58 141 40 3 96 4 16 595 51 88 52 41 76 8 228 649 197 593 30 233 154 192 178 11 53 219 182 72 77 21 190 43 116 48 191 603 5 12 213 671 156 19 124 632 99 73 657 34 222 594 137 60 607 674 67 667 20 70 578 211 69 494 92 121 66
86 153 145 132 194 218 111 220 35 163 70 63 96 223 180 20 124 165 172 152 131 31 214 88 57 100 112 15 179 155 53 210 120 80 52 216 10 139 138 79 45 156 229 66 308 246 595 117 99 167 78 207 43 176 645 34 593 224 116 170 221 19 18 44 150 594 205 190 113 199 188 300 324 185 649 166 667 184 291 1 51 479 412 27 76 48 49 77 546 28 632 426 237 587 250 11 541 654 674 130
108 81 237 32 144 138 166 188 172 113 148 79 37 221 53 184 153 28 6 150 52 44 96 88 130 194 98 66 43 595 145 115 199 225 116 176 169 195 86 196 34 11 117 207 124 4 180 70 131 100 593 31 594 48 179 41 173 149 156 185 649 78 10 218 190 167 8 20 155 112 192 224 223 111 77 210 663 12 132 72 109 632 16 163 214 607 120 165 63 30 15 675 139 76 220 645 603 27 13 178
191 595 185 197 207 51 117 76 78 184 150 61 28 169 59 198 593 122 156 40 104 222 217 173 175 14 62 195 121 130 123 55 182 125 73 138 5 137 159 58 211 224 3 208 136 8 227 632 657 172 142 15 643 21 228 607 168 141 48 233 41 603 95 609 47 33 31 147 179 213 205 190 103 212 99 231 126 219 230 93 594 17 135 30 636 590 174 100 167 192 638 178 108 87 67 26 667 181 660 649
595 207 191 593 185 138 117 78 150 156 184 169 632 51 130 76 28 594 224 607 649 603 195 643 197 173 59 198 108 657 73 667 8 58 167 137 673 674 671 61 21 30 638 40 211 41 222 208 43 651 48 182 609 44 172 628 121 142 174 227 55 99 221 663 125 175 141 587 5 126 3 31 636 188 675 113 645 190 20 159 246 122 32 149 88 77 104 623 598 15 629 635 1 96 599 153 179 60 205 139
595 191 207 185 51 117 76 197 78 593 184 150 138 632 169 28 156 59 130 173 222 198 61 137 195 122 40 607 224 121 73 159 594 125 167 205 15 603 58 175 21 142 227 182 168 108 62 111 139 657 123 55 192 212 172 99 48 1 60 673 179 194 649 217 104 14 19 47 208 8 96 206 211 69 5 609 230 667 103 31 70 141 643 628 3 153 213 44 136 638 126 174 143 221 20 228 92 231 216 660
124 91 119 23 101 75 111 74 153 105 114 232 96 20 86 215 99 145 60 172 34 649 186 246 43 138 223 158 272 308 35 116 654 214 656 11 625 650 64 88 57 213 324 218 416 156 131 194 644 196 139 92 163 666 372 31 345 300 216 610 592 167 199 179 396 609 671 221 663 254 398 38 165 581 250 651 112 598 70 629 69 132 648 624 623 155 45 25 626 645 53 78 127 15 176 615 329 502 674 77
230 183 9 14 85 161 136 47 62 7 146 29 234 97 181 227 143 175 236 94 122 103 42 162 68 90 33 93 231 226 84 235 135 15 57 208 164 54 87 189 55 192 2 72 137 217 200 24 121 22 198 126 147 174 111 607 26 206 104 203 229 102 95 123 19 172 211 170 197 82 216 39 150 110 73 59 41 8 125 27 182 151 38 660 603 184 78 75 195 158 80 130 96 609 101 118 21 214 138 191
230 14 62 183 136 9 122 68 236 217 54 33 175 161 47 103 200 85 181 15 235 104 135 147 162 227 7 93 84 94 97 146 57 72 55 2 198 123 231 143 42 137 208 24 234 121 39 174 164 95 203 197 172 87 111 125 29 226 22 229 211 189 206 182 8 90 28 59 78 207 607 192 21 150 26 184 110 151 117 40 191 102 126 41 73 51 48 130 58 16 61 593 595 19 27 70 185 660 632 195
230 14 47 183 137 62 227 72 126 236 103 234 29 104 217 54 94 143 147 200 33 42 15 175 2 123 226 57 189 87 24 164 102 136 90 235 7 203 68 118 122 125 181 9 162 95 161 22 174 26 85 84 192 121 146 151 55 208 198 135 206 39 182 97 231 48 93 172 27 75 211 178 158 229 21 607 186 73 184 41 111 153 59 38 170 8 110 197 216 5 61 138 78 28 609 40 19 163 58 150
230 14 54 62 103 47 227 236 183 137 200 104 29 33 126 234 147 68 72 217 161 136 9 181 235 143 162 94 7 175 122 42 146 2 85 15 123 84 226 90 189 87 164 26 97 174 93 151 135 55 95 24 22 8 39 118 231 203 211 208 125 16 121 198 41 102 182 192 197 206 73 184 28 57 30 130 110 21 172 48 98 195 120 150 229 178 70 115 59 109 58 221 5 4 607 78 6 52 207 61
230 126 47 14 62 85 103 227 143 9 137 236 161 29 97 235 183 135 93 54 136 162 84 234 7 33 94 42 72 189 175 146 68 122 231 217 181 15 26 55 123 200 90 208 147 104 226 2 87 198 57 174 607 192 22 125 121 164 24 206 73 111 118 41 203 38 197 8 95 102 229 170 158 59 603 182 19 660 39 216 150 110 195 172 27 595 130 184 101 211 30 138 78 609 21 632 593 186 638 178
230 47 14 137 62 183 126 103 236 227 29 72 9 33 54 85 143 234 161 122 7 42 136 217 68 189 235 94 146 15 97 162 93 181 147 175 607 26 200 226 192 231 206 104 90 123 135 84 2 55 208 125 164 111 198 229 87 57 24 22 27 158 174 38 197 170 203 73 102 121 19 118 95 110 182 609 172 660 603 186 59 195 39 150 21 82 184 130 595 274 8 151 41 214 593 28 375 216 138 101
115 109 144 130 195 16 150 138 37 8 237 173 225 98 4 30 41 6 188 113 221 32 81 108 184 44 28 172 178 211 59 149 166 78 11 61 40 3 198 96 77 148 228 79 52 141 169 154 58 117 219 182 73 116 21 5 13 207 43 191 233 88 48 151 197 53 87 72 121 19 55 125 123 190 216 102 104 122 603 161 128 208 595 196 95 124 26 85 189 174 593 222 42 199 126 68 162 17 110 146
108 115 144 173 150 130 195 109 32 138 191 225 98 184 59 81 28 141 3 61 228 58 16 188 197 221 237 207 78 6 169 40 117 198 4 37 113 219 148 178 185 21 182 5 44 233 8 41 73 122 222 76 30 51 154 595 123 79 172 149 166 55 48 121 593 87 72 17 190 208 52 104 125 211 96 128 13 19 43 603 11 69 632 77 92 88 66 151 607 99 12 231 25 67 93 194 50 192 213 116
86 153 145 132 35 220 194 218 100 163 180 31 131 179 155 223 10 63 112 70 214 139 120 156 111 57 205 20 224 167 1 66 152 595 79 165 52 45 15 76 49 53 51 80 643 185 594 172 632 207 88 634 27 664 96 667 593 229 176 117 645 190 71 216 609 43 99 213 124 607 666 137 644 60 48 598 19 210 196 64 18 656 673 629 654 169 587 610 674 138 78 28 34 603 128 170 184 649 151 624
153 86 145 163 194 214 35 70 131 45 120 31 66 223 179 100 112 220 155 139 132 10 79 224 167 156 205 1 49 218 88 180 43 52 176 71 51 53 166 34 76 96 207 57 172 111 124 185 196 199 63 117 20 15 169 184 28 216 229 165 78 138 116 19 134 110 91 188 99 221 150 396 667 210 645 113 595 291 593 128 60 375 412 416 198 272 498 502 649 170 151 23 27 674 48 59 275 80 578 119
79 221 115 225 138 44 113 98 6 188 150 130 4 184 28 195 52 109 16 37 166 172 43 173 149 117 169 66 88 41 237 11 8 144 53 81 32 207 108 96 194 179 176 34 199 78 196 139 30 77 59 116 112 180 31 178 48 595 70 124 190 128 3 153 163 155 145 185 593 220 151 111 86 58 73 45 13 141 211 154 228 198 120 76 214 156 72 125 224 100 61 167 131 35 148 92 5 223 40 51
191 197 59 61 222 78 40 173 150 198 182 58 21 185 122 184 141 121 76 228 207 138 216 123 169 3 154 195 73 28 55 5 117 130 51 233 219 208 19 104 125 16 217 109 128 172 62 231 14 136 156 17 93 147 178 595 60 98 224 8 175 99 68 135 13 96 111 115 41 32 225 1 97 87 84 235 190 69 237 25 192 70 194 57 83 9 230 103 108 211 15 94 20 144 143 72 181 50 214 85
191 197 173 59 61 150 184 222 40 130 195 28 78 138 207 117 169 141 228 58 115 109 219 185 3 198 182 154 51 225 76 16 98 233 144 21 5 178 73 32 122 188 8 221 123 6 113 41 237 37 81 30 4 44 108 190 121 55 17 125 172 208 149 595 224 166 104 19 48 156 79 69 87 216 1 159 128 52 25 136 167 70 60 205 13 194 168 77 211 96 43 142 93 88 231 92 50 213 204 66
191 197 185 76 51 222 207 58 61 117 228 182 141 59 184 169 173 28 40 21 3 78 5 233 150 219 198 73 122 123 195 130 595 159 138 69 154 168 25 224 156 1 121 213 212 142 65 55 60 205 109 202 104 125 157 83 99 204 98 225 17 16 208 127 64 178 167 67 217 50 92 36 160 62 115 194 216 108 128 70 231 14 136 111 221 179 93 19 190 87 593 8 46 68 139 72 175 32 97 649
91 23 119 114 124 75 74 101 232 215 105 186 111 158 38 153 96 172 86 57 163 116 99 216 214 60 20 31 43 223 131 194 45 179 138 15 272 70 34 198 88 156 345 185 92 145 169 117 167 50 78 120 69 221 59 35 150 155 112 184 656 416 649 52 412 224 128 139 176 610 207 25 11 66 246 19 165 188 28 157 36 237 213 127 65 671 64 195 229 650 372 234 79 182 356 218 58 100 110 300
115 109 130 81 144 195 16 237 4 225 32 98 150 37 8 138 221 6 173 113 188 30 184 28 41 108 149 44 172 178 79 166 11 148 52 59 77 211 169 78 116 117 61 207 3 228 96 40 141 58 198 182 53 13 73 72 154 48 219 43 19 88 87 21 151 197 5 66 196 122 233 191 190 125 146 42 68 121 194 176 70 124 104 123 607 161 62 102 189 181 593 595 126 9 12 111 128 55 95 39
115 108 144 32 109 130 173 150 195 225 98 184 191 28 138 81 59 188 6 3 16 237 141 221 207 58 228 117 4 197 169 37 61 113 78 198 148 178 40 185 219 182 5 44 8 21 233 79 41 73 51 595 122 30 76 172 149 154 166 72 121 123 48 52 222 87 66 104 55 19 194 12 593 190 128 208 96 17 125 70 151 43 69 77 160 13 88 607 603 67 116 192 189 62 25 83 99 146 217 231
86 153 145 194 132 218 220 35 163 180 10 100 66 155 112 70 179 31 223 214 131 120 63 79 167 139 224 52 156 45 49 88 1 165 34 205 43 176 53 199 111 196 152 172 71 20 80 57 117 210 27 166 185 207 96 595 76 124 184 134 113 666 28 15 51 654 137 272 138 246 416 598 221 188 169 629 674 649 18 44 308 645 594 48 190 237 621 89 593 546 656 213 60 610 664 644 64 634 651 151
86 153 145 132 35 220 194 218 57 163 111 112 139 155 20 179 31 223 131 100 10 70 214 180 15 216 66 120 124 167 79 156 69 45 43 205 52 96 224 50 92 88 34 65 1 60 99 172 157 64 49 44 25 213 63 196 229 36 67 19 142 117 199 185 176 53 190 221 27 609 207 127 166 76 113 152 595 48 137 128 138 51 78 210 188 212 119 165 593 674 607 656 159 587 667 632 654 594 116 46
86 153 145 194 132 35 223 163 214 131 70 218 179 155 220 31 100 120 66 139 112 45 79 10 180 111 167 224 57 156 1 43 88 20 176 76 52 185 124 34 205 169 172 207 216 63 53 51 117 96 165 196 49 272 60 184 416 71 199 546 138 645 166 595 28 15 246 210 99 541 221 190 674 27 308 649 643 128 113 150 64 80 19 345 667 666 188 213 250 398 73 83 119 134 92 291 629 44 632 412
79 166 52 221 43 66 113 53 188 6 88 44 225 176 138 98 37 28 4 194 115 34 184 199 130 179 139 117 150 207 70 195 196 169 112 149 31 16 109 155 172 100 120 163 153 180 214 41 173 145 144 131 45 220 11 237 8 223 96 32 81 224 1 35 48 10 190 156 178 76 108 77 167 30 51 185 205 86 78 49 116 151 132 134 218 59 13 128 154 3 124 228 87 141 211 595 148 61 71 72
191 197 185 76 222 207 51 169 117 59 58 173 61 184 78 150 141 182 198 40 28 228 21 3 233 156 595 138 122 219 5 224 123 73 195 130 60 154 167 1 121 205 213 208 99 159 50 216 179 55 104 125 19 128 168 69 212 70 217 83 25 142 111 190 17 178 109 92 139 31 202 231 157 136 65 194 593 649 20 64 632 43 651 160 603 14 172 214 36 225 607 192 62 175 204 8 126 137 41 127
191 197 207 117 169 185 173 184 150 59 222 58 138 28 141 76 78 61 51 130 195 228 3 182 108 198 40 21 225 233 73 5 219 115 595 98 221 154 144 122 32 123 188 109 6 178 81 190 79 16 44 37 149 113 8 41 172 213 237 156 128 104 121 60 142 48 4 17 224 125 69 43 159 99 52 55 148 208 30 1 88 72 593 87 83 50 168 19 166 607 194 603 70 111 167 66 160 649 64 96
86 153 145 132 35 220 194 218 139 131 223 112 163 179 31 155 10 111 100 70 214 180 57 20 79 66 120 43 167 156 45 1 224 205 88 49 176 52 199 63 124 60 34 53 196 96 15 216 166 27 99 656 165 595 69 213 654 138 64 207 172 649 609 645 666 76 185 598 50 117 229 632 592 19 594 119 134 92 44 674 221 78 621 667 190 137 210 615 71 624 623 25 170 65 593 412 398 152 51 587
86 153 145 132 194 220 35 31 100 179 70 218 163 214 155 131 10 223 112 139 120 66 180 45 79 224 156 111 167 205 57 1 20 49 34 43 52 88 63 199 196 176 53 185 76 165 51 99 117 152 166 96 60 207 138 134 172 124 27 213 71 15 190 64 28 184 150 216 80 666 113 169 48 78 651 69 221 649 83 50 188 128 664 19 210 610 629 137 645 674 654 65 643 595 170 91 67 594 626 272
79 145 153 194 86 66 179 31 100 112 70 163 155 139 220 52 35 120 214 131 132 45 223 10 53 88 43 176 180 156 218 224 1 166 167 205 221 34 28 49 117 44 199 207 113 196 188 51 184 76 6 225 169 185 138 98 63 172 37 4 71 190 48 150 20 96 50 115 149 57 124 210 92 15 111 78 142 130 128 134 67 195 16 165 151 41 213 8 80 64 593 546 595 69 109 173 59 594 412 3
86 153 145 194 132 35 214 223 163 131 70 155 220 179 31 45 120 218 100 66 112 139 111 57 79 10 43 167 88 224 176 156 180 52 34 20 1 124 216 185 196 205 138 76 96 166 53 169 207 172 117 199 63 184 91 27 28 51 165 99 649 15 221 150 119 60 71 113 272 137 49 190 416 152 128 645 188 546 48 237 78 23 229 412 246 595 116 69 75 151 19 308 134 101 72 6 130 44 192 74
15 111 229 110 19 96 170 183 42 192 137 77 57 124 172 206 27 210 116 230 80 72 218 609 148 216 180 133 593 153 78 607 149 145 189 603 165 198 33 138 54 82 125 194 12 667 657 26 14 136 227 104 234 59 48 122 221 635 274 62 88 151 188 217 150 68 11 594 75 162 143 121 103 184 632 181 200 130 208 6 235 90 672 94 44 231 152 146 119 163 471 55 203 636 195 128 9 24 126 95
152 218 165 18 63 80 180 19 145 133 27 12 194 210 206 153 192 137 82 170 171 129 187 148 86 179 72 70 112 10 31 155 220 66 117 163 100 156 150 17 52 184 223 15 190 79 111 88 224 78 348 28 48 167 207 1 197 51 128 228 154 107 141 120 185 198 222 498 214 191 50 32 172 169 59 20 58 53 60 73 35 139 205 593 131 104 213 173 233 245 138 182 195 275 125 219 92 3 324 118
152 18 165 63 80 19 180 218 154 128 17 190 210 133 48 12 125 178 73 222 206 87 27 197 191 151 82 13 145 228 141 171 153 194 219 137 129 233 170 192 182 3 58 52 61 150 59 5 187 78 198 148 173 40 104 98 179 117 188 184 72 53 88 21 138 28 195 123 225 130 155 102 44 348 163 221 10 113 112 6 172 70 126 4 237 169 118 50 107 207 185 217 60 223 32 86 66 62 156 16
345 455 272 541 287 546 246 308 479 250 451 564 373 523 268 416 263 396 535 502 276 458 297 269 558 562 460 437 357 448 457 398 566 397 426 342 300 291 351 317 493 480 575 548 545 439 569 570 266 238 283 306 310 366 302 257 423 337 324 578 360 505 411 447 499 506 240 372 468 267 377 329 509 331 415 556 354 403 273 313 585 440 582 498 513 486 412 542 311 249 352 265 443 494 320 526 290 361 563 376
253 419 515 522 424 277 412 320 532 360 317 294 312 397 381 400 519 362 481 560 569 516 238 485 434 288 313 300 533 358 243 450 512 582 249 480 426 430 334 570 448 367 433 302 544 369 333 398 392 261 576 345 270 488 337 287 275 498 578 457 575 282 484 444 292 568 494 387 493 324 503 378 263 396 586 349 452 495 453 407 376 269 536 248 506 377 272 475 468 291 357 341 353 361 432 247 246 472 505 511
345 535 268 246 287 455 308 558 451 342 291 373 250 310 541 283 366 272 276 564 479 458 546 306 523 548 460 377 416 269 337 302 502 447 324 437 505 396 506 257 578 397 403 263 240 562 493 486 448 509 398 357 297 331 542 566 427 361 440 423 457 454 316 300 563 443 426 585 317 570 495 266 354 238 499 249 480 439 569 545 270 422 351 254 513 372 559 482 537 295 315 520 476 498 360 414 329 380 526 497
345 287 455 268 246 308 546 541 558 272 250 451 479 564 373 535 460 523 276 458 416 562 263 502 269 396 297 291 357 448 437 398 283 366 310 548 342 397 457 306 426 337 324 302 505 506 566 447 300 440 493 240 559 578 509 403 377 486 454 423 480 266 331 427 317 257 439 361 329 372 545 563 585 351 238 570 575 542 569 495 443 499 468 354 254 249 422 526 313 360 270 513 556 498 353 421 402 415 315 267
397 251 419 320 349 515 317 253 412 579 277 522 424 569 439 360 532 545 312 300 238 570 413 294 480 552 426 362 485 381 313 266 356 568 398 484 555 539 434 582 519 560 352 361 302 249 506 512 400 500 351 578 326 481 486 448 243 358 357 377 337 261 263 494 450 275 510 576 562 324 270 376 378 246 573 240 423 498 453 435 529 575 505 468 430 333 245 403 495 348 287 384 341 282 516 479 451 392 288 493
317 397 569 570 238 300 480 398 426 448 360 357 263 439 545 320 479 451 562 246 287 345 457 351 308 455 419 378 412 535 250 468 276 532 458 313 558 337 377 249 251 523 272 253 268 416 578 270 266 240 522 403 505 564 312 324 437 277 396 493 460 579 515 502 297 423 261 509 546 414 582 424 349 373 498 269 447 302 506 294 352 575 434 566 291 243 331 568 450 485 411 361 438 494 529 392 484 362 548 340
277 522 424 419 515 381 516 400 253 412 294 519 312 362 481 485 532 512 320 488 503 360 288 550 328 347 430 434 494 484 292 453 408 311 325 560 247 568 581 504 367 243 444 358 353 450 461 544 334 338 333 533 477 549 313 384 359 527 586 459 551 433 497 432 319 355 567 582 538 387 385 275 490 508 305 495 407 364 376 332 463 428 528 321 386 274 314 441 534 329 293 417 261 279 282 572 337 271 470 96
267 411 575 360 467 557 483 299 390 431 335 394 318 258 493 507 402 546 336 498 378 273 248 392 320 412 539 500 532 473 433 260 326 243 584 352 249 350 364 510 552 492 417 279 375 376 511 576 544 404 367 323 471 495 432 459 305 339 334 356 476 293 508 277 262 491 419 522 275 286 567 270 423 435 373 574 524 474 341 385 359 586 580 368 462 363 284 509 393 572 446 494 418 487 374 475 533 578 525 414
381 516 400 519 294 312 277 522 512 515 481 485 488 362 503 424 419 550 412 328 253 347 532 320 504 360 453 484 288 353 247 408 494 568 311 325 434 334 292 497 544 461 313 560 321 430 384 329 533 338 538 527 586 367 333 551 444 581 359 549 567 388 534 358 385 459 432 407 387 275 305 300 508 243 96 282 528 414 293 582 450 364 355 463 480 452 433 269 492 274 477 261 264 575 279 281 426 475 417 386
267 411 575 360 483 467 557 390 299 258 335 394 273 532 318 431 320 402 493 507 546 412 326 539 498 392 336 376 500 433 473 544 508 334 279 367 567 249 356 359 552 511 352 524 574 492 494 533 471 584 522 284 311 243 572 495 419 248 510 350 364 305 423 418 414 578 270 435 576 586 373 385 446 293 417 404 368 291 529 275 437 478 277 432 459 568 528 549 378 301 292 509 470 477 329 501 274 300 345 491
381 516 400 519 294 312 277 522 512 488 503 485 515 362 481 424 419 550 328 412 253 347 532 504 320 360 288 453 484 353 247 494 408 568 311 434 430 497 334 313 544 461 329 333 560 325 533 321 292 367 300 358 384 538 338 527 567 282 359 388 551 586 534 275 508 432 582 480 96 387 269 426 575 397 274 110 450 243 457 261 492 581 452 448 433 355 407 603 549 657 593 369 364 632 138 229 337 385 671 368
267 411 575 360 467 483 390 557 299 335 258 431 394 273 546 402 318 507 320 493 532 392 336 500 539 433 412 326 544 473 498 376 334 367 508 279 249 248 373 417 574 567 584 510 492 350 378 511 352 356 364 423 459 552 404 359 260 533 576 277 284 471 418 419 323 305 435 524 414 491 243 549 393 522 293 495 572 385 261 432 586 528 437 270 275 494 529 578 311 375 478 292 509 446 474 501 470 300 291 383
516 381 400 519 294 277 312 522 424 512 419 515 488 503 485 481 362 550 412 328 253 532 320 347 504 360 288 353 453 247 484 494 408 497 568 434 325 461 311 334 321 544 560 527 430 329 292 313 359 533 388 358 367 538 338 534 567 384 508 432 333 586 275 387 96 300 581 551 337 444 364 671 582 459 492 274 229 110 279 549 452 407 575 386 282 377 368 428 261 138 385 269 77 477 355 572 480 603 528 475
267 411 575 360 483 467 557 390 258 299 320 273 532 335 394 318 544 402 431 546 334 336 507 433 367 392 539 500 498 412 376 326 493 473 356 352 533 279 511 492 435 567 510 248 574 243 418 552 350 584 423 291 576 414 284 508 524 249 522 373 359 417 240 495 337 478 509 572 300 349 529 403 586 419 471 432 261 437 578 270 581 494 416 501 528 491 549 292 305 310 358 311 385 274 364 459 323 375 345 393
381 516 400 519 294 312 488 503 512 362 481 485 550 277 328 522 419 424 515 347 504 412 532 320 253 360 494 288 311 247 453 353 484 408 461 329 568 325 430 434 321 497 560 358 313 551 388 333 533 367 538 275 300 567 582 359 432 282 384 261 508 368 544 569 334 480 292 364 492 536 489 450 338 558 249 426 586 534 593 584 279 78 539 96 477 243 369 397 524 452 527 330 355 377 471 427 138 150 657 562
267 411 575 360 483 467 258 557 299 394 390 320 335 402 433 544 532 459 500 376 546 431 273 336 318 493 279 549 334 412 473 404 392 507 417 367 510 584 581 243 539 498 260 491 414 574 277 533 350 305 490 292 323 385 284 529 387 364 326 352 435 463 248 475 586 576 293 492 261 444 407 522 418 359 511 508 441 356 314 432 528 425 375 339 274 249 567 466 478 264 393 495 420 477 399 332 309 419 240 383
267 411 575 360 483 467 402 557 546 299 544 258 334 390 431 318 320 394 493 273 433 335 412 532 392 336 367 507 498 539 376 473 500 352 511 243 417 414 277 326 291 522 533 459 416 491 549 350 356 260 510 396 378 249 576 404 419 375 284 423 345 272 441 574 248 399 292 581 492 300 240 311 393 373 418 261 435 264 529 278 509 584 586 508 270 323 463 424 521 451 502 274 578 475 478 426 344 297 456 337
267 575 411 402 360 318 431 392 544 433 334 507 557 336 493 375 467 291 483 394 393 299 546 511 559 498 390 335 248 274 367 576 243 412 533 532 396 438 300 395 378 273 580 480 260 352 297 270 258 356 460 399 522 426 249 310 339 284 414 471 417 350 539 287 574 406 456 278 432 240 403 346 473 320 255 585 373 416 326 364 324 520 327 261 455 558 491 430 452 505 369 502 272 345 509 277 382 242 366 521
267 575 411 520 291 559 360 399 278 454 493 509 580 254 498 327 583 402 542 521 310 344 422 366 283 318 482 445 382 257 505 440 303 239 240 306 372 513 548 414 403 447 578 427 469 337 324 544 431 526 499 585 255 537 315 506 546 392 375 495 421 417 354 334 346 441 406 242 423 377 476 556 396 398 274 532 576 412 563 270 507 433 243 397 491 415 287 297 449 336 342 284 511 460 378 442 394 295 264 248
403 240 337 509 578 377 505 493 324 291 283 427 447 331 366 548 360 306 310 302 506 486 361 575 498 267 320 423 532 585 443 482 563 411 397 538 522 398 412 495 468 529 376 419 574 378 318 249 277 414 559 454 418 270 544 478 453 284 334 433 353 569 315 568 452 450 243 392 431 484 358 435 238 345 576 313 247 424 351 497 511 336 342 383 349 343 434 352 439 367 317 467 288 394 258 520 533 515 542 356
267 411 575 360 320 291 427 509 283 337 306 532 493 310 366 412 377 578 403 548 302 240 559 331 505 447 506 324 498 361 482 486 423 353 398 538 497 419 522 397 585 249 453 277 443 318 468 345 414 270 431 247 424 402 568 376 396 544 529 563 495 243 258 269 511 484 546 576 300 238 392 433 454 452 334 358 569 272 416 483 450 467 351 435 426 502 378 315 352 343 367 273 321 336 451 246 574 480 284 394
399 422 239 278 537 344 254 513 372 521 499 415 554 469 436 304 491 417 542 257 526 295 445 583 449 264 441 303 429 327 255 520 534 410 556 346 406 290 365 242 454 256 549 580 586 374 265 292 518 252 421 404 459 315 414 462 382 442 293 305 296 298 496 482 440 309 385 343 339 466 420 354 531 547 281 463 540 363 543 464 444 565 495 350 314 389 581 525 528 514 340 487 571 240 371 386 244 274 407 475
399 422 278 239 537 254 344 513 372 521 499 415 469 526 554 417 491 445 542 295 436 257 304 449 583 327 429 264 441 303 255 410 556 520 290 534 346 406 365 256 242 454 580 421 518 382 265 315 296 496 462 298 414 374 440 442 343 482 549 354 363 464 252 586 459 340 404 292 309 525 339 274 581 314 495 444 305 281 293 420 466 463 514 291 407 385 284 371 487 337 376 240 244 323 475 574 387 509 529 286
399 278 422 344 239 537 521 254 513 469 372 583 499 327 415 526 445 303 520 554 449 429 491 290 542 417 304 436 295 556 257 264 441 518 255 410 580 382 256 534 365 315 421 265 496 454 346 406 442 242 462 482 296 298 374 340 414 343 464 274 332 549 363 586 559 292 386 339 459 305 404 440 525 293 354 260 509 281 259 385 284 252 581 428 574 291 490 435 240 463 309 376 96 314 529 383 350 444 466 389
521 344 278 399 583 422 469 239 445 518 537 462 254 315 303 382 520 295 580 513 372 327 298 496 296 499 421 340 415 542 526 442 525 257 363 274 265 454 464 290 256 449 429 354 556 559 482 260 534 410 316 476 259 487 280 365 380 440 491 417 465 375 371 554 304 343 509 242 391 255 436 406 441 346 389 392 264 374 281 576 309 243 286 495 291 456 341 574 339 284 511 323 563 438 577 383 414 337 586 395
399 422 278 239 537 254 344 513 521 372 499 415 526 469 257 542 295 449 445 429 554 327 583 304 556 436 491 410 417 303 290 534 264 520 255 441 365 256 421 454 496 265 346 315 406 440 580 518 382 242 296 462 298 442 482 354 414 343 374 363 464 586 525 252 292 509 549 293 495 337 305 281 340 459 291 404 377 274 316 309 283 475 420 548 559 487 476 385 366 284 531 240 506 339 563 444 314 286 244 565
399 278 422 239 537 344 521 254 513 372 499 469 445 415 526 583 327 295 449 429 257 303 542 556 520 290 410 491 417 554 256 304 255 496 265 264 534 382 441 454 315 518 436 580 421 462 365 296 442 340 298 406 346 482 440 354 363 242 559 374 464 343 274 414 260 525 259 252 291 509 375 337 549 586 281 404 476 240 339 459 243 391 487 292 280 309 463 438 305 284 293 371 316 392 389 495 548 283 380 286
344 521 278 399 422 239 537 583 469 254 518 303 513 445 520 382 372 580 327 315 499 295 496 421 415 462 290 526 449 442 429 542 265 256 454 274 257 556 296 534 491 365 417 482 410 340 298 554 304 559 436 255 264 441 363 464 525 354 406 242 343 346 375 509 260 259 414 440 374 386 291 337 476 332 487 281 495 243 549 586 392 284 240 366 383 576 283 574 309 258 292 310 435 459 316 438 280 350 305 404
298 462 363 445 487 521 399 278 422 525 340 239 371 537 465 344 295 296 513 260 254 380 316 259 286 281 499 372 343 417 464 323 415 309 583 389 491 255 354 420 554 441 257 264 469 304 542 475 407 476 436 391 244 280 374 414 315 526 341 262 339 322 495 387 327 303 425 252 518 466 580 534 556 449 520 442 406 242 577 440 429 549 346 563 290 410 496 382 404 305 586 459 547 265 293 517 365 463 559 423
298 363 525 462 389 371 465 487 466 464 296 380 339 259 316 445 476 260 309 374 340 252 420 391 286 577 354 280 281 521 323 244 517 295 407 475 387 404 262 315 549 425 341 293 459 305 586 495 385 344 537 343 278 463 547 422 399 322 513 417 292 583 350 518 491 239 441 500 531 554 265 580 499 440 423 304 563 376 254 539 264 540 257 565 327 436 534 414 584 415 510 256 394 435 520 365 571 359 255 326
399 422 278 239 537 344 521 417 554 513 491 254 343 441 436 304 264 445 469 255 499 415 583 295 372 414 298 257 303 346 462 406 542 374 526 242 520 296 327 534 518 449 556 580 290 315 482 442 252 429 464 410 389 363 365 323 466 316 259 339 420 309 286 495 382 380 525 574 354 281 421 465 265 529 586 340 496 280 487 376 394 284 454 256 475 305 385 549 581 435 292 404 371 322 293 386 476 391 314 260
389 371 466 339 363 298 525 487 465 462 309 281 252 420 380 259 262 464 296 286 577 323 374 340 316 404 549 260 459 244 407 517 475 293 445 305 391 354 322 586 387 280 476 547 341 463 292 521 385 425 315 495 531 295 565 350 571 278 417 540 528 441 583 304 386 491 422 554 399 537 436 264 442 543 520 303 518 584 344 444 580 563 265 500 327 423 255 359 239 449 275 510 469 429 509 256 382 440 513 421
399 422 278 239 537 344 521 254 513 445 417 372 491 554 264 499 304 469 415 441 255 436 583 295 343 327 303 257 542 526 406 298 449 520 346 242 414 290 429 556 374 462 518 534 296 442 580 410 315 382 365 363 496 265 339 281 256 482 259 340 354 389 421 525 464 309 323 252 371 286 454 260 465 420 487 559 586 495 466 549 316 475 380 292 386 404 407 280 394 459 305 262 387 244 444 463 529 440 293 574
385 586 292 404 293 305 459 549 547 531 571 463 565 540 543 309 466 281 389 262 528 339 252 420 444 350 244 581 374 514 314 407 322 387 475 425 487 490 386 319 417 371 491 554 286 436 323 304 441 341 298 363 264 278 577 255 495 525 399 462 517 521 406 422 445 537 465 259 296 242 344 500 405 239 428 340 346 510 464 583 580 332 303 260 584 359 534 295 442 469 477 513 382 275 365 432 572 518 315 501
399 422 278 239 537 344 513 254 521 554 417 491 372 499 304 264 436 441 255 415 469 526 445 295 449 327 429 583 257 542 556 410 406 303 346 290 520 242 343 580 374 414 382 534 442 252 365 518 496 462 454 339 296 298 256 315 265 421 482 363 586 340 464 332 420 549 466 305 292 490 581 354 459 404 440 240 309 495 389 284 293 574 274 385 559 262 259 509 291 314 444 337 350 547 394 281 249 383 323 487
399 422 278 239 537 344 513 254 554 521 417 491 372 264 436 304 499 469 441 415 255 445 526 583 327 303 449 406 542 346 295 429 343 520 257 290 242 410 580 414 534 556 374 442 421 252 315 482 382 496 365 518 256 454 265 296 462 339 314 386 581 490 298 428 332 514 319 444 574 284 529 506 586 292 466 337 259 340 464 283 240 509 377 549 366 376 363 306 310 389 403 548 383 291 559 495 394 309 249 323
385 586 293 305 292 404 459 549 547 531 571 463 565 540 543 309 466 528 281 262 389 252 339 420 444 350 514 581 244 374 314 322 490 319 475 417 425 407 387 491 554 386 436 487 304 405 323 264 341 406 577 286 495 500 242 441 368 359 524 279 346 572 298 501 446 371 492 510 477 363 470 584 517 552 464 278 462 255 275 239 534 537 428 399 259 567 422 508 344 521 474 301 525 432 296 414 409 442 583 280
528 495 252 339 292 417 322 586 554 491 549 305 466 399 278 239 404 385 420 422 374 534 436 459 293 521 344 304 365 441 264 254 350 513 580 531 309 537 563 290 581 389 565 414 242 346 406 463 442 444 449 429 281 386 542 327 543 361 487 262 475 490 341 310 498 255 571 337 314 540 547 298 274 520 315 319 363 445 291 430 382 405 423 501 372 526 366 303 257 500 306 421 410 407 387 506 392 283 375 244
399 422 278 239 537 344 513 254 521 417 554 469 491 436 499 264 372 304 441 415 583 303 520 445 327 406 255 343 346 295 526 242 534 482 290 449 580 414 256 542 265 315 386 429 257 518 454 374 442 382 428 421 365 332 296 496 410 529 556 376 490 509 339 314 462 435 252 574 514 284 581 394 319 559 352 444 586 298 411 478 361 418 500 260 540 259 578 575 464 383 463 292 283 486 549 340 274 354 305 331
385 586 293 305 292 404 459 549 531 547 571 565 463 540 543 309 528 466 281 262 389 252 339 420 444 350 581 514 244 374 314 322 490 319 475 554 417 387 436 425 491 407 386 304 406 441 264 405 500 577 487 286 323 495 359 368 242 510 524 298 341 346 279 255 492 572 521 278 446 363 428 534 239 501 462 399 470 477 371 259 422 537 584 344 464 508 567 552 275 332 474 432 517 580 365 296 525 568 280 484
586 292 385 549 459 305 404 293 528 531 571 463 540 547 565 281 543 252 309 339 466 386 389 444 417 420 581 374 350 534 436 262 491 441 304 399 554 264 344 405 580 314 407 490 278 521 359 442 475 332 430 422 255 495 584 322 239 487 537 242 279 346 524 514 244 406 275 319 428 387 572 446 368 274 298 508 365 254 432 567 518 501 364 492 382 341 532 513 583 412 288 363 500 243 510 375 414 285 577 477
385 586 305 293 292 404 459 549 531 547 571 463 565 540 543 309 528 466 252 339 281 389 444 262 420 350 374 514 581 554 436 417 314 491 490 244 304 386 319 406 441 242 346 264 475 387 322 407 255 500 239 425 278 428 405 399 422 332 537 495 510 344 577 359 521 580 323 446 524 534 442 368 279 286 341 254 501 513 572 487 567 517 492 298 462 363 508 520 259 477 303 464 470 583 469 382 584 365 371 296
281 298 475 407 487 584 309 420 323 387 262 549 286 404 363 244 465 459 389 371 293 575 305 425 430 322 495 586 471 364 525 547 360 462 341 292 288 339 521 466 340 392 474 463 267 385 375 422 278 274 320 399 419 522 432 350 252 374 532 412 334 531 344 279 402 424 434 571 260 296 515 239 343 358 537 491 249 438 313 275 560 544 253 534 565 417 414 518 511 423 563 528 573 269 270 259 277 243 300 543
385 586 292 293 305 549 459 404 547 531 463 571 540 565 543 528 252 309 466 554 436 374 339 417 304 281 422 389 491 444 350 399 239 406 278 537 441 346 262 242 254 514 264 513 420 581 490 314 386 534 255 344 521 319 372 580 469 303 583 542 442 520 244 322 257 365 499 332 414 526 428 382 415 445 454 475 500 449 295 495 421 407 387 429 462 359 510 556 296 446 492 518 405 517 482 290 327 567 524 410
436 346 406 554 242 417 304 491 441 264 255 374 252 292 586 385 549 305 459 339 293 528 404 466 463 422 442 531 399 239 386 278 540 547 254 309 543 565 537 513 571 389 520 344 580 444 350 303 490 281 332 534 581 469 372 420 314 428 382 521 454 421 514 319 542 518 583 449 414 526 327 262 429 482 290 495 501 499 415 405 445 446 475 497 500 524 509 353 453 359 496 247 365 506 257 284 322 368 567 577
386 332 580 428 242 491 417 554 436 442 382 406 346 304 490 399 264 441 344 518 278 469 521 314 520 255 581 303 583 239 319 444 422 374 254 514 513 537 327 496 445 463 459 290 339 534 542 549 404 292 449 372 421 256 499 429 385 305 365 543 414 454 252 293 274 586 415 350 265 482 296 359 524 540 446 531 309 492 315 526 466 284 355 528 556 574 565 418 575 508 567 572 241 464 257 96 547 368 279 295
522 497 247 453 353 484 532 568 360 412 320 277 419 538 424 515 337 575 427 240 300 586 498 403 274 544 367 377 288 358 270 509 452 334 482 267 292 533 310 581 414 569 249 433 253 381 434 495 238 291 493 318 574 505 370 519 582 366 395 313 516 480 294 570 369 376 284 283 426 338 343 375 405 530 314 506 528 430 336 567 529 359 384 333 306 392 394 578 432 501 572 508 305 576 585 520 450 282 486 243
353 453 247 497 484 522 568 381 538 519 412 400 277 419 532 294 427 360 320 424 516 329 408 488 311 503 384 300 515 325 461 347 575 312 480 494 550 426 313 358 551 337 434 366 512 569 334 582 288 333 396 377 534 306 539 362 275 291 328 283 504 506 544 287 238 567 253 302 414 570 367 585 352 267 284 586 292 310 495 346 270 271 508 493 394 481 533 355 405 509 241 326 321 272 548 482 406 524 242 578
522 360 353 247 300 497 453 381 412 480 532 519 419 277 426 400 484 569 424 320 294 568 516 570 238 488 503 313 575 538 287 515 288 398 396 358 378 434 427 269 416 337 408 550 311 347 272 455 502 270 329 582 325 333 452 367 345 377 312 461 348 328 567 297 253 414 506 495 430 370 479 249 534 508 275 512 586 334 268 509 492 292 489 533 432 366 302 544 493 352 494 362 359 384 524 539 346 560 283 284
522 381 519 400 277 516 419 424 294 412 488 503 532 515 353 247 453 497 320 312 550 328 360 484 512 347 568 362 288 481 485 300 253 408 504 538 325 434 480 311 427 313 358 426 430 329 569 461 575 560 489 269 348 494 337 333 534 582 384 367 570 302 287 275 567 508 586 506 292 272 238 495 396 377 282 452 270 366 533 416 432 551 334 283 370 414 345 492 321 544 388 539 413 359 552 526 306 356 524 509
289 489 552 245 348 413 555 539 279 492 524 446 368 349 356 359 567 275 510 500 579 432 572 251 352 477 326 508 470 341 301 584 409 474 364 266 471 545 439 495 501 577 473 394 494 355 271 311 376 557 575 299 423 335 435 467 258 273 528 476 430 551 390 361 483 363 580 563 391 259 531 461 379 565 382 586 329 262 350 385 298 322 309 529 280 256 540 487 281 482 547 442 296 475 464 305 323 571 486 525
492 289 524 446 275 368 359 279 552 567 489 245 477 432 572 508 301 413 539 409 470 348 474 555 349 341 510 364 356 500 326 584 579 352 471 251 271 266 494 501 545 355 311 439 495 473 394 577 551 430 379 528 325 575 461 329 435 408 376 423 258 557 467 531 361 476 299 565 571 273 563 580 586 547 241 322 262 385 483 335 350 390 382 540 305 292 259 442 529 293 309 486 281 363 298 568 252 358 549 389
572 567 301 508 359 477 409 470 446 275 492 524 368 279 432 271 355 474 494 311 551 289 364 325 461 584 539 552 341 408 379 471 489 329 241 245 510 500 413 384 326 430 555 577 579 352 349 266 586 484 571 549 565 568 251 531 528 540 501 435 442 580 292 252 376 385 463 466 545 444 274 305 348 547 386 459 259 309 538 495 543 382 423 293 404 581 389 518 361 374 563 561 339 387 453 362 247 332 439 244
572 470 409 508 301 477 567 359 492 275 524 446 368 271 279 432 355 494 311 474 379 551 325 461 408 364 289 341 539 241 329 471 552 584 384 326 500 510 489 580 430 568 484 442 501 571 518 463 577 565 382 549 531 540 528 586 413 466 274 245 349 292 495 376 361 555 352 386 259 339 444 252 374 435 385 459 266 309 305 579 405 543 575 389 538 404 247 293 453 251 265 581 561 394 242 332 486 256 545 294
409 301 470 572 508 477 567 359 446 271 492 524 368 275 355 279 432 494 311 325 551 408 379 461 474 241 329 364 539 289 552 384 341 580 471 326 584 501 500 538 386 489 510 442 484 382 430 568 405 528 332 518 413 577 352 453 247 575 353 428 242 349 427 531 266 565 571 347 550 549 586 555 463 540 346 503 488 385 444 466 495 404 274 366 497 284 296 339 328 374 292 314 459 490 464 574 435 305 581 561
253 515 419 424 522 277 412 243 261 532 438 320 312 392 294 511 248 573 576 375 360 381 536 288 516 553 362 519 395 512 485 393 481 431 430 400 274 340 456 378 507 560 313 488 434 334 503 544 433 358 582 494 249 498 333 317 260 275 267 367 432 457 533 450 363 550 318 472 328 471 559 408 397 96 461 364 336 265 452 252 278 300 656 347 525 341 480 562 262 270 521 632 426 593 402 359 568 256 479 505
470 301 409 572 508 477 567 359 492 446 271 524 368 275 355 279 432 494 379 311 325 408 474 241 551 580 461 364 289 332 382 442 329 584 471 539 386 518 552 341 428 242 528 501 489 417 430 406 346 326 510 500 491 384 352 274 374 561 307 575 577 405 490 436 444 413 568 554 339 284 581 484 344 459 495 264 441 586 520 496 549 435 538 574 532 292 278 385 314 463 404 349 245 583 266 305 466 304 281 293
253 515 419 424 277 522 381 516 412 400 519 294 312 485 320 512 532 362 481 488 503 360 550 328 288 434 560 347 333 313 430 504 243 334 358 494 582 408 544 282 457 450 261 340 325 533 461 433 248 392 274 432 311 275 538 448 378 367 355 397 551 375 484 438 477 576 357 384 568 536 453 386 292 359 317 444 562 376 586 567 364 329 345 511 527 247 456 321 69 498 508 19 407 395 96 263 581 558 267 561
301 409 470 572 508 477 567 359 492 446 524 368 271 275 355 279 580 432 379 494 408 442 325 311 382 241 332 474 518 386 551 461 364 242 289 329 471 584 406 341 274 496 552 539 428 417 346 491 489 561 436 528 554 374 307 501 430 577 352 344 510 490 500 441 384 339 264 521 304 326 575 520 444 385 538 568 278 459 293 495 305 586 583 292 252 549 404 290 531 484 581 413 284 547 255 405 245 463 296 281
253 515 424 419 277 522 516 381 412 400 519 294 312 512 485 362 481 320 532 488 503 360 550 288 328 560 434 430 333 243 313 347 334 544 494 504 358 261 582 408 450 457 340 282 461 432 538 248 325 311 448 367 533 275 433 386 274 438 477 357 355 484 576 392 536 364 397 375 359 384 527 378 568 453 551 444 567 172 263 292 19 321 345 329 317 498 511 409 586 69 96 561 508 562 278 116 124 456 407 195
515 424 419 277 522 412 253 532 320 381 360 516 400 294 519 312 288 512 362 481 488 485 503 560 430 550 434 313 328 333 582 358 282 347 450 494 504 311 378 544 408 334 355 300 461 508 243 325 551 576 432 359 275 477 397 364 392 480 567 426 248 572 261 533 367 329 492 379 484 569 267 409 438 568 341 570 274 511 539 238 471 431 552 96 433 558 386 301 586 575 292 349 470 498 573 407 413 172 345 323
333 313 434 582 358 515 282 522 450 360 419 253 277 424 412 532 320 288 560 430 294 512 312 516 381 485 481 362 519 400 378 300 488 426 494 480 503 345 311 275 185 272 550 213 329 83 78 562 448 99 343 287 461 69 397 569 416 471 364 457 432 357 60 127 328 408 76 207 160 334 59 67 347 586 263 392 169 544 64 50 455 317 204 479 142 222 198 51 111 212 396 184 28 375 117 25 558 246 477 159
381 419 519 516 277 400 522 294 424 515 312 512 488 485 503 481 362 412 550 328 253 360 532 347 504 320 333 288 434 582 313 282 358 430 450 494 408 560 325 311 300 461 329 378 480 275 426 569 484 247 213 558 287 568 453 477 551 345 397 570 69 341 508 238 432 544 28 127 355 222 78 334 359 76 317 479 197 448 159 185 51 150 340 59 191 99 64 586 562 168 61 567 353 142 117 538 46 207 268 267
522 515 419 277 424 253 412 288 532 320 360 430 381 516 400 519 294 560 312 358 434 333 582 313 362 481 512 282 488 485 503 450 275 378 494 243 369 364 453 408 544 432 274 550 471 375 334 262 353 480 669 426 325 300 367 247 311 328 19 347 536 534 278 452 433 626 656 615 576 474 461 477 329 668 281 575 610 318 399 586 580 538 533 422 569 62 521 495 270 359 292 498 341 404 570 96 492 124 387 305
378 253 249 270 412 360 419 515 522 472 320 277 532 313 375 317 300 333 414 424 511 426 431 369 392 248 480 395 452 434 261 243 393 569 358 573 340 370 397 505 380 578 291 438 576 582 398 238 274 287 450 525 536 455 363 267 575 240 456 530 268 493 373 593 416 387 246 298 316 324 302 546 260 172 345 351 272 570 498 282 430 321 494 667 216 585 62 257 403 275 110 78 471 645 632 479 451 15 553 559
558 268 345 287 460 455 479 246 562 308 272 448 457 373 250 546 523 263 541 329 426 564 451 357 396 416 283 494 461 366 458 276 291 408 311 538 502 535 266 480 300 310 384 325 269 397 551 548 306 545 398 297 427 453 568 484 313 247 439 486 347 361 353 241 238 569 506 447 324 317 302 570 497 563 495 337 505 454 578 561 240 437 504 360 586 403 493 434 423 292 333 252 581 575 435 567 374 582 514 314
253 378 522 277 375 270 515 412 249 419 424 274 320 472 532 243 414 452 360 370 369 261 288 392 300 511 294 438 559 430 480 337 426 576 248 313 431 398 519 240 434 573 333 312 358 353 291 302 395 509 516 403 530 505 494 506 334 453 495 645 283 363 366 317 582 381 484 485 507 498 578 560 402 569 512 397 497 247 362 324 298 282 377 275 400 408 393 544 329 553 110 593 656 311 278 257 525 422 563 568
558 268 345 287 460 455 283 366 479 291 427 310 548 246 562 306 329 308 457 486 448 361 373 538 397 506 272 461 494 447 250 324 408 302 325 384 426 505 337 266 398 546 263 454 311 357 240 403 523 551 453 564 439 545 451 578 484 541 377 300 563 416 568 247 276 480 535 458 347 396 269 353 495 440 241 342 502 313 497 569 423 331 238 493 297 509 317 561 421 498 252 570 504 315 579 539 341 352 249 437
378 320 291 366 283 559 337 509 302 505 427 532 578 310 403 306 240 412 360 506 377 331 324 493 548 585 522 486 249 270 398 538 482 353 443 375 454 253 423 447 361 419 563 277 498 575 497 495 453 397 300 392 426 257 511 246 431 247 274 472 345 424 315 480 396 452 329 421 414 342 316 515 358 272 582 243 440 333 468 484 369 276 317 267 520 451 416 569 568 576 411 110 455 380 313 284 435 268 546 238
558 268 345 287 460 408 325 455 329 461 241 494 479 384 311 551 562 246 448 538 379 272 561 308 347 373 307 457 355 271 484 568 453 426 427 247 504 283 401 546 250 353 366 263 523 291 357 300 548 497 416 451 480 564 397 266 396 310 269 361 398 313 276 458 486 550 535 306 541 569 502 447 242 545 439 567 506 238 434 563 346 495 302 488 328 508 406 409 570 275 252 578 381 360 294 337 503 374 586 297
353 320 453 497 532 360 247 427 538 366 412 283 484 578 291 522 568 306 337 310 575 493 377 403 414 505 277 270 548 240 249 302 585 331 509 324 434 313 300 398 506 443 284 426 574 447 378 397 515 452 423 370 419 563 329 253 267 529 246 358 486 311 238 376 424 272 511 582 495 569 478 369 544 392 418 345 480 416 334 375 396 333 411 287 567 433 343 321 498 288 450 421 570 455 384 435 430 482 383 454
427 353 453 497 247 538 484 568 283 366 291 548 337 377 306 302 331 506 578 486 310 403 509 240 384 361 324 320 505 447 493 532 443 329 585 423 412 249 398 360 397 563 414 270 482 495 311 522 454 498 342 575 408 569 246 494 376 535 529 451 545 238 277 317 574 440 370 551 421 257 315 586 461 468 300 345 284 426 539 419 435 439 269 455 523 480 452 287 559 325 396 543 502 411 373 479 540 292 347 308
585 443 331 578 447 240 574 377 284 403 337 427 509 529 383 418 478 548 283 435 324 493 505 453 306 366 353 538 376 506 302 291 497 247 310 482 484 568 486 423 320 532 414 361 270 249 498 360 545 454 398 412 563 267 575 495 352 411 397 394 356 439 452 539 384 569 238 329 451 315 370 542 426 342 421 406 522 300 246 277 586 500 317 557 369 535 299 314 318 349 347 480 326 528 490 345 257 242 346 268
525 363 462 298 296 464 476 354 316 380 465 445 365 371 487 285 259 534 280 340 391 315 521 577 295 281 341 260 495 286 309 407 323 405 440 423 539 435 389 475 244 500 482 326 509 510 513 501 496 518 583 528 387 257 420 382 580 378 563 344 399 537 278 269 467 352 284 394 442 499 254 473 240 422 415 258 483 418 376 377 390 575 586 337 265 557 478 383 396 299 275 239 262 505 466 556 574 502 412 542
285 365 534 405 320 412 539 552 275 360 289 500 471 419 341 532 489 326 245 584 567 279 510 435 378 368 575 494 364 348 430 515 492 524 359 446 474 522 501 253 266 476 424 495 432 269 356 396 483 333 416 352 473 272 423 528 394 277 502 467 273 311 477 258 545 508 390 363 475 557 413 487 509 376 312 358 299 329 498 354 525 313 288 586 439 579 375 281 318 563 418 582 294 298 355 518 262 572 350 345
500 510 539 577 326 495 528 501 352 341 322 476 464 552 296 280 259 350 281 309 420 376 266 435 363 423 525 563 487 489 462 545 356 394 389 482 298 286 371 404 354 586 305 391 549 292 575 262 473 293 361 244 531 459 385 339 439 413 275 349 407 565 555 445 466 289 571 465 492 446 380 463 348 323 475 245 547 359 524 252 368 387 299 557 509 315 567 540 579 584 444 425 405 284 316 279 529 335 440 478
365 285 534 405 556 265 394 528 256 501 396 299 557 518 272 483 539 416 496 422 502 435 423 429 586 363 513 449 329 495 326 258 354 350 292 467 500 537 281 275 290 526 345 295 494 341 269 335 339 476 410 376 273 305 462 563 374 298 266 521 487 407 445 286 549 510 525 309 442 239 404 315 293 461 257 390 473 474 284 254 463 383 247 385 262 397 364 323 471 399 412 340 389 466 552 327 260 296 575 291
528 568 484 384 247 292 453 549 538 586 497 405 353 385 305 463 459 293 404 309 531 543 540 501 571 547 325 565 408 444 329 466 350 427 581 494 500 514 271 389 314 252 281 319 510 490 461 339 386 262 311 420 551 241 326 539 534 428 436 561 355 417 374 554 441 361 414 470 406 577 376 379 491 346 322 242 477 409 508 244 486 332 304 264 352 495 545 435 407 347 359 506 394 285 278 275 365 301 446 555
385 586 292 305 404 459 293 549 547 531 463 571 565 540 543 309 528 281 456 389 262 350 466 260 339 444 420 252 581 340 514 490 314 319 261 244 487 475 507 374 536 407 386 573 584 387 425 438 322 392 393 395 553 248 576 243 341 364 417 575 286 491 498 432 375 279 495 431 428 511 577 493 405 275 264 500 554 318 559 471 399 474 323 462 501 433 580 259 402 441 368 304 255 585 539 270 336 406 363 510
375 274 392 511 576 402 431 243 507 559 438 248 393 395 261 553 267 573 575 536 320 360 411 318 378 498 433 336 493 532 249 334 412 522 270 419 291 509 367 544 452 471 456 533 277 337 460 364 505 370 521 495 240 403 253 310 369 487 462 530 424 474 584 279 430 296 288 298 363 368 515 110 229 324 258 275 341 475 414 269 585 578 432 317 467 483 468 525 580 278 482 15 78 423 343 340 377 351 150 339
267 559 402 411 575 392 511 375 576 431 393 243 438 291 507 274 248 395 261 310 283 493 536 366 498 509 318 306 548 337 360 553 495 240 460 403 427 505 324 520 320 482 544 578 563 546 447 433 454 331 399 278 468 423 573 302 506 377 521 585 456 491 249 336 394 486 334 429 483 412 417 270 449 260 258 421 255 422 396 315 420 339 290 264 361 239 414 443 397 344 467 364 373 532 327 284 269 304 277 574
253 438 261 536 573 553 511 243 392 248 393 395 507 576 456 431 375 515 340 274 522 532 412 433 434 260 313 419 288 430 560 559 424 277 320 334 472 397 369 498 318 249 270 336 370 544 533 362 358 632 367 360 402 521 457 262 450 333 255 417 468 398 471 278 481 420 491 494 595 305 389 659 584 662 586 387 487 275 292 239 385 667 363 267 422 407 279 593 582 246 645 587 77 344 452 441 399 96 290 312
438 261 536 243 317 456 576 393 392 397 248 253 395 340 431 507 511 573 553 260 375 468 398 263 378 351 357 545 559 448 498 274 457 439 318 402 426 246 562 460 451 479 412 250 363 419 315 300 480 345 267 308 521 564 276 327 433 290 535 569 344 505 266 458 298 423 462 455 532 360 396 424 544 558 523 272 238 515 496 570 256 265 277 487 546 275 334 287 297 313 580 493 324 494 278 399 442 320 502 445
456 260 575 267 340 411 402 559 445 414 278 431 392 521 248 243 399 375 493 576 344 583 360 511 507 239 422 303 520 536 395 462 343 393 513 417 491 318 534 537 261 499 254 498 580 469 327 438 295 365 255 415 264 304 554 296 441 372 315 274 476 257 454 573 281 339 354 394 487 482 380 525 509 435 436 363 382 298 406 553 374 378 495 396 376 518 291 542 496 557 249 299 442 539 265 336 364 433 252 502
573 438 261 511 536 243 392 553 576 431 248 375 507 395 393 456 559 274 260 340 402 430 275 432 539 492 474 364 494 253 341 477 567 245 359 471 311 524 368 572 508 446 279 521 552 378 584 575 326 495 498 397 358 278 460 462 545 317 329 412 281 333 582 487 586 262 580 470 445 266 389 434 518 571 349 313 318 288 249 344 291 439 259 360 352 301 500 289 300 426 450 555 327 532 457 396 560 292 493 363
260 456 340 354 476 445 296 462 295 559 440 525 363 380 536 298 391 316 375 511 392 487 576 431 402 521 464 395 248 243 393 507 465 259 499 280 378 261 415 371 577 315 573 513 438 278 553 257 537 454 341 422 323 372 520 239 399 509 303 583 563 286 495 423 493 498 254 297 352 274 575 281 327 394 542 339 526 505 249 447 240 262 496 580 324 403 539 534 482 337 475 585 502 291 377 410 269 396 342 270
511 392 576 431 375 243 248 438 507 395 393 261 536 573 559 274 553 402 456 340 253 260 433 318 378 498 460 521 336 544 317 334 291 462 278 275 249 351 583 267 360 313 487 399 344 495 430 471 422 262 563 270 580 364 283 505 432 239 518 397 445 493 324 339 515 298 281 412 363 492 468 343 520 367 333 366 586 296 358 240 479 442 327 403 295 575 434 303 310 306 455 341 533 337 350 525 480 522 329 454
260 456 536 340 393 511 395 392 243 438 261 576 559 248 431 375 402 553 507 445 573 521 295 278 462 363 296 354 525 380 399 487 315 465 476 298 378 391 239 499 422 327 415 259 255 513 274 583 262 537 460 297 286 534 498 371 265 372 364 520 316 318 253 344 323 339 464 256 291 397 254 580 257 440 275 526 290 281 396 432 267 303 502 496 412 317 577 441 387 341 410 449 249 493 365 416 280 645 417 575
629 666 613 631 651 640 633 600 623 625 627 652 606 622 605 639 670 608 619 597 642 588 589 637 612 653 604 601 655 615 648 641 649 592 621 596 618 654 626 598 624 656 650 644 647 668 610 664 671 663 643 634 165 594 673 675 19 595 218 63 646 180 111 669 82 632 152 27 133 57 80 131 156 69 60 661 153 206 124 172 99 167 593 192 616 617 170 20 31 223 609 667 12 171 220 139 89 179 70 72
629 625 666 598 592 647 650 654 621 615 644 624 613 597 63 664 165 656 152 626 610 80 634 133 668 643 12 649 669 210 619 180 594 19 661 673 27 218 206 640 605 600 153 655 646 651 170 18 616 274 609 631 596 171 129 670 192 653 652 137 593 648 99 60 20 172 671 623 275 606 642 82 599 639 604 601 589 608 588 124 348 375 633 452 145 187 637 433 43 645 473 88 289 620 492 622 96 314 674 498
614 660 638 628 620 665 591 658 599 636 609 635 672 590 607 603 657 617 671 643 661 632 649 645 593 597 675 667 594 663 674 587 595 625 611 602 673 624 641 664 646 72 598 650 654 656 96 662 659 616 592 111 630 230 206 116 619 615 556 422 126 537 586 247 453 634 62 19 47 513 73 189 227 143 526 183 103 15 14 534 610 647 237 309 621 389 108 449 577 32 252 644 484 90 495 369 240 42 182 292
661 597 625 619 617 660 638 614 628 658 649 620 671 599 591 665 641 643 629 664 635 663 634 609 603 666 636 675 616 607 672 590 648 673 657 593 646 654 632 624 670 650 612 667 642 605 653 637 674 594 598 600 623 111 627 645 633 96 601 651 618 596 611 170 608 640 613 622 615 595 592 639 230 630 631 602 138 116 655 644 656 662 587 124 206 71 167 19 588 156 172 589 15 57 604 47 192 137 659 42
660 614 638 628 620 599 665 591 658 636 609 603 635 657 607 590 672 617 671 643 632 649 645 661 593 594 597 595 675 664 667 587 663 641 674 673 611 634 624 646 654 625 598 656 592 616 615 650 602 610 619 644 669 647 626 62 659 472 621 126 369 116 47 15 630 270 249 72 60 662 230 96 103 14 111 19 236 206 183 629 73 227 556 422 668 537 275 172 262 586 104 217 513 363 99 526 29 397 412 495
597 661 625 649 671 617 619 643 663 675 641 638 620 614 591 628 658 632 660 665 634 609 664 603 593 599 673 595 645 616 594 607 657 635 646 636 654 629 648 650 624 642 598 653 666 615 592 637 672 656 612 644 670 601 633 608 605 667 622 618 590 627 623 647 596 674 639 600 116 640 621 651 613 587 626 630 111 610 631 20 206 19 655 589 606 513 662 652 237 588 156 398 96 218 194 99 71 167 124 60
661 597 625 619 617 649 641 660 638 599 666 620 591 663 629 671 658 628 614 675 635 609 665 643 648 634 664 636 672 642 673 607 653 616 612 632 633 603 622 670 623 593 600 631 674 667 605 637 646 654 601 640 627 618 624 630 639 613 650 651 596 608 645 590 662 657 598 595 587 594 589 111 655 656 606 588 592 602 604 96 124 57 138 611 116 615 647 167 644 170 71 398 20 237 206 659 652 156 172 586
661 597 625 619 617 649 620 638 660 628 599 643 614 671 658 609 591 641 635 634 672 629 636 665 673 664 663 616 624 607 632 592 675 598 650 648 666 590 603 654 593 653 646 657 670 642 605 640 594 639 623 613 612 596 622 600 627 647 633 601 637 618 651 644 608 656 645 606 588 631 652 655 667 615 595 589 674 206 227 587 230 604 137 96 621 47 116 170 12 156 19 138 71 610 192 586 15 602 237 167
661 597 625 619 617 649 660 614 643 641 671 620 591 628 629 673 638 599 598 654 592 646 615 624 609 616 665 666 658 635 656 650 607 647 632 664 621 603 675 636 663 634 644 594 672 670 627 595 613 626 605 587 653 642 593 645 631 648 612 72 633 657 206 651 623 111 667 590 170 640 610 19 96 639 601 12 71 637 674 622 47 600 137 669 218 156 165 116 57 630 230 608 588 138 27 611 596 180 556 652
661 597 625 619 617 649 620 643 660 614 671 628 641 599 638 591 609 673 629 654 598 592 624 658 615 665 594 646 632 635 650 616 634 607 593 656 664 636 603 672 670 595 666 663 621 675 647 644 613 653 640 605 642 648 627 623 612 657 651 639 637 633 206 601 587 590 600 631 645 12 170 667 96 72 596 47 111 137 133 19 652 608 588 230 192 674 626 218 227 15 622 610 143 606 234 71 156 138 80 618
619 641 663 675 617 649 648 600 653 651 666 605 618 612 596 670 671 637 623 601 642 640 631 655 629 608 622 627 639 633 606 589 625 643 604 588 593 667 587 652 674 594 613 645 611 634 602 662 659 595 664 632 603 630 673 96 609 650 124 635 172 638 590 646 607 654 142 657 156 92 578 615 598 644 610 67 599 660 672 616 665 624 656 153 20 658 86 15 213 167 78 138 585 636 116 591 64 77 620 69
619 641 663 649 675 671 617 648 653 625 618 600 596 612 637 642 601 605 643 651 640 670 623 666 622 633 608 667 655 593 627 606 639 589 587 645 594 674 631 629 595 588 611 632 659 604 652 662 613 602 630 609 603 635 634 638 664 614 657 620 598 658 660 96 599 628 665 597 591 607 654 636 590 672 67 124 673 111 650 644 92 69 615 25 116 15 127 20 578 376 656 99 573 624 661 172 156 36 314 646
617 619 594 643 641 593 649 632 597 595 625 661 675 671 663 645 664 634 607 667 587 603 657 598 609 674 611 654 620 592 628 644 599 624 630 660 614 647 656 650 638 662 673 659 629 602 658 591 666 621 635 672 590 615 636 646 610 648 616 116 653 665 218 601 642 640 637 153 600 623 180 612 596 206 172 613 605 670 626 15 96 651 145 608 194 111 133 170 156 137 192 618 639 627 19 669 12 167 138 668
619 641 617 675 663 649 594 666 653 600 605 631 601 612 671 640 623 670 596 632 642 608 595 651 648 637 593 618 589 655 643 625 639 588 587 645 622 627 633 604 613 667 629 674 606 652 611 630 662 654 634 598 597 664 659 615 602 603 624 656 644 650 592 673 124 607 172 646 610 621 647 657 609 660 661 96 590 620 116 20 582 626 635 599 616 274 142 77 60 99 15 412 89 275 375 180 636 471 434 270
656 624 650 592 654 644 610 647 598 621 615 669 626 668 664 673 634 646 616 643 649 671 625 632 597 645 452 629 593 96 594 595 369 666 609 412 119 111 272 172 534 663 249 124 353 165 291 156 396 270 422 138 502 329 78 237 167 414 254 348 292 657 153 274 91 345 131 300 101 275 15 247 370 223 675 60 494 586 394 416 497 495 638 139 537 667 19 43 366 57 539 163 557 246 372 603 475 170 302 453
656 654 624 592 644 650 598 647 615 621 610 669 626 668 664 634 673 646 643 649 616 671 96 632 124 111 597 172 594 593 645 116 595 452 229 11 15 369 625 629 675 663 270 657 249 609 119 353 110 291 370 412 667 246 396 674 329 170 139 153 422 156 530 75 414 472 138 345 272 338 497 210 666 302 346 86 274 321 35 99 308 534 603 300 74 91 292 398 101 223 366 240 269 506 389 57 163 78 575 502
651 631 640 633 600 622 627 606 605 623 639 670 652 648 653 642 637 608 612 588 589 596 655 604 601 618 613 663 671 641 675 649 666 629 619 643 617 625 667 594 620 603 674 609 591 638 587 593 595 628 645 138 124 635 673 607 20 658 111 660 665 614 599 615 650 632 659 99 165 96 88 156 193 636 153 19 77 662 89 172 657 70 324 590 672 67 611 578 272 15 142 654 630 149 92 602 194 11 597 626
631 651 600 633 640 622 627 606 623 652 639 666 605 670 608 613 642 653 637 612 648 588 601 589 604 629 596 655 618 663 671 649 675 641 619 617 594 643 593 625 138 667 673 674 595 20 99 111 645 632 587 194 609 124 607 96 172 165 591 620 149 156 638 628 654 77 603 60 12 180 220 635 592 70 650 88 272 626 167 660 113 597 188 15 615 150 153 221 19 274 502 246 634 11 148 578 92 69 218 86
631 651 600 633 640 622 627 623 606 652 613 639 666 605 670 608 629 642 653 637 588 612 589 655 648 604 601 596 618 663 671 649 619 641 675 643 625 617 673 165 674 609 650 667 645 594 624 138 156 607 603 592 664 587 60 634 597 20 595 656 654 99 167 111 615 620 635 124 660 593 632 96 172 626 63 646 638 661 591 170 131 616 644 139 628 180 71 237 586 19 194 70 598 224 15 621 657 153 614 88
631 651 600 633 640 627 623 622 652 606 639 666 629 605 608 670 613 642 637 653 588 612 589 601 648 604 655 596 618 671 663 649 619 675 641 138 594 643 609 625 673 595 617 667 165 674 593 156 607 632 587 88 650 620 194 635 654 591 20 645 111 12 603 628 167 99 592 78 188 597 660 272 43 149 131 15 616 179 638 656 624 416 599 96 220 150 70 172 89 113 19 77 148 60 124 133 502 657 665 52
