9 71 39 327 214 298 304 13 329 200 221 286 136 218 120 242 161 114 220 325 309 26 35 179 50 211 265 32 223 60 159 108 123 94 321 31 341 54 20 141 81 262 210 206 178 119 105 231 63 203 135 160 100 189 311 333 348 202 276 322 140 289 272 1 342 166 338 319 243 65 165 174 48 90 3 256 80 186 268 78 225 194 58 53 173 79 117 106 87 332 28 113 305 18 269 250 138 30 230 36
336 40 130 278 296 26 175 196 132 187 307 57 75 163 125 244 93 16 182 144 97 101 6 235 215 299 197 24 248 99 293 290 156 282 76 83 231 275 151 213 114 45 279 33 207 344 316 84 112 339 133 160 65 211 55 220 12 323 106 270 161 85 325 242 285 295 201 82 258 120 158 261 43 27 96 127 174 186 312 266 249 194 229 137 140 251 338 219 256 226 202 86 301 341 234 164 253 313 11 347
218 54 136 50 108 309 138 35 321 179 265 159 32 31 60 20 9 298 338 13 105 161 39 71 311 327 140 304 272 325 119 141 305 73 341 129 69 242 203 166 120 3 210 268 322 87 206 100 46 214 256 135 117 220 211 245 17 33 258 221 123 223 79 276 202 348 269 165 178 289 143 65 200 185 274 113 329 239 12 94 326 184 48 85 26 262 283 186 337 173 61 133 157 43 58 126 190 47 37 286
9 71 298 327 136 13 39 214 304 329 200 221 218 286 242 120 325 223 220 31 114 108 50 26 211 54 321 135 309 161 203 35 262 178 179 20 165 105 276 17 322 123 90 284 141 32 305 289 58 94 265 159 225 78 185 319 341 173 28 162 60 208 192 53 2 81 300 138 117 18 206 210 250 41 189 107 212 259 143 217 79 63 19 272 204 348 231 166 184 243 268 100 140 119 3 311 126 239 288 30
336 14 112 342 26 318 202 139 323 316 29 176 24 315 308 119 160 6 201 280 325 211 120 264 270 242 291 45 137 197 261 55 274 229 155 186 273 97 339 299 89 220 124 140 115 156 173 319 263 289 292 213 196 337 130 161 307 121 152 219 331 344 15 181 226 272 132 333 193 80 296 76 1 258 210 12 247 311 158 345 207 114 47 146 81 241 163 82 147 125 326 8 2 33 194 302 85 278 100 182
14 336 26 112 342 318 211 202 325 242 139 120 308 29 24 160 220 176 315 6 114 201 323 119 261 81 307 196 1 299 264 291 80 161 156 316 219 97 39 280 13 155 273 333 71 231 158 332 210 186 55 213 137 200 229 141 89 115 23 9 174 152 296 270 274 181 214 130 339 146 197 272 344 140 221 241 263 82 337 311 292 99 248 106 125 338 76 302 226 327 207 329 298 349 123 303 15 194 45 30
57 144 163 75 244 282 279 125 248 275 266 251 313 278 91 267 187 182 110 40 175 83 16 307 295 130 197 196 296 344 118 97 6 285 74 96 101 151 253 207 93 84 147 82 290 55 70 45 88 213 235 270 325 211 164 142 108 4 220 51 273 224 24 257 314 133 181 339 139 68 122 215 26 76 312 287 299 148 194 156 241 330 258 92 263 64 132 30 146 261 193 331 123 180 349 99 171 247 34 201
234 11 23 127 237 123 141 219 30 174 54 99 138 139 270 155 194 347 195 12 274 256 302 263 115 167 18 126 62 228 177 89 273 61 315 56 102 250 81 84 339 25 86 186 148 98 255 320 158 68 272 348 154 22 134 33 180 328 143 338 79 202 201 294 304 38 31 206 341 308 243 340 44 83 157 153 42 293 204 156 222 63 239 310 196 309 254 104 93 49 114 136 261 349 1 43 183 285 326 321
57 163 144 282 279 244 75 125 275 248 266 251 313 278 91 267 110 187 40 182 175 16 307 295 83 296 151 197 84 290 130 101 285 97 93 4 118 74 224 96 207 216 70 88 34 171 116 344 10 147 164 301 196 211 45 257 76 263 235 243 215 325 291 63 92 220 55 33 253 108 293 213 247 183 273 148 68 64 139 51 287 172 82 24 56 349 12 331 297 170 312 6 5 314 190 114 189 142 132 146
234 11 23 127 237 123 219 30 99 54 139 141 174 194 195 155 270 256 12 138 274 89 186 302 263 62 115 33 320 153 161 98 18 339 338 273 228 81 167 341 347 84 156 326 21 206 114 38 196 250 83 158 337 241 246 315 51 261 97 295 264 322 308 63 157 193 177 312 202 140 316 151 93 126 36 201 236 56 190 146 148 175 304 181 113 61 307 180 147 29 230 285 349 68 348 86 254 182 272 198
57 163 144 282 279 75 244 125 275 248 251 266 313 91 267 110 278 187 40 182 175 307 16 83 295 296 197 151 290 84 285 130 101 97 96 118 216 93 74 70 88 4 171 224 235 76 10 211 164 207 116 344 45 196 247 33 34 51 147 331 257 133 220 301 243 63 30 325 193 12 213 92 108 215 114 190 293 6 291 142 24 314 183 177 5 55 253 106 260 82 189 161 201 191 1 270 139 264 299 123
234 11 23 127 237 219 54 123 30 139 141 174 138 99 155 270 194 186 195 12 18 89 263 62 256 228 274 250 126 302 322 33 273 86 153 61 339 156 167 225 320 115 134 347 84 98 272 180 97 338 158 264 312 102 114 140 196 201 103 204 246 161 288 337 56 137 316 79 230 254 157 83 222 51 36 21 309 326 129 168 183 143 292 177 44 229 175 340 93 147 241 49 41 63 193 151 53 307 113 38
57 163 144 282 279 75 244 125 275 266 251 248 313 91 267 110 278 187 40 182 175 307 16 83 295 197 296 285 151 97 118 130 84 290 74 4 88 96 171 70 164 76 101 196 224 63 235 51 216 257 207 142 93 325 211 108 116 92 243 34 344 314 30 10 247 345 220 33 45 189 213 331 193 183 215 133 287 147 191 172 50 82 321 5 64 120 293 114 253 291 123 122 177 297 170 324 121 301 28 55
234 11 23 127 219 123 30 54 174 237 99 139 186 89 12 141 263 228 270 180 273 194 250 18 155 138 274 302 241 254 129 146 62 292 33 195 272 177 115 256 181 264 347 337 103 225 137 268 140 63 201 87 126 73 204 312 83 114 21 53 243 158 102 134 98 108 112 339 167 320 322 100 276 46 161 61 97 55 67 284 14 27 153 156 229 315 32 45 202 231 36 119 44 289 326 86 179 340 232 246
144 163 57 282 279 75 251 266 244 125 275 248 313 91 267 278 110 187 182 40 175 83 307 295 16 285 151 197 84 118 74 296 224 97 130 4 314 257 51 70 96 235 164 88 93 142 193 76 171 101 45 290 108 92 63 196 34 325 213 321 243 345 30 147 215 316 207 50 247 33 216 211 330 120 28 123 271 287 121 191 299 293 324 19 133 189 122 12 64 344 82 331 26 116 190 95 172 132 234 114
234 11 23 219 30 127 174 123 54 237 138 276 322 186 262 228 141 18 347 225 180 204 58 99 178 254 126 156 139 194 155 250 284 61 41 134 309 292 67 273 263 198 208 89 27 135 103 185 167 165 20 102 2 300 128 66 179 274 222 146 107 114 53 143 32 212 177 256 162 25 158 86 22 192 337 79 19 154 150 201 105 44 231 117 338 35 115 299 312 229 239 232 47 302 288 137 78 12 268 339
234 11 23 30 127 123 54 219 237 174 18 322 141 138 186 204 139 194 155 276 180 99 89 156 67 270 302 273 263 254 241 274 347 339 27 337 228 62 230 97 115 129 21 231 146 225 195 158 63 284 272 167 338 264 114 102 154 134 47 98 41 177 196 243 108 250 22 153 222 245 320 35 107 179 292 246 126 232 93 165 66 36 33 140 44 161 312 143 309 307 46 12 285 119 297 262 346 83 43 84
234 11 54 127 23 30 237 123 219 138 141 322 99 195 270 158 156 165 201 256 283 18 231 241 186 338 347 22 293 228 174 114 106 284 204 129 337 41 194 196 321 162 66 274 343 146 93 316 339 243 43 180 73 325 132 47 167 27 155 145 135 223 137 273 37 309 108 102 89 107 292 254 45 157 268 276 250 81 326 281 115 33 90 130 154 113 96 296 217 302 265 152 263 12 103 305 62 348 126 63
234 54 11 138 283 127 23 237 66 184 245 217 338 346 123 73 141 272 30 311 129 210 232 158 22 228 241 43 305 5 47 219 337 46 239 166 177 41 256 154 293 292 3 258 140 33 146 284 107 99 87 268 270 69 204 322 139 195 37 132 117 126 109 17 115 348 89 174 215 20 162 105 12 119 145 281 343 302 308 18 326 106 202 101 264 61 194 59 159 167 340 143 93 102 90 196 328 85 288 301
245 272 177 338 210 311 283 33 12 133 100 140 158 235 232 346 3 66 93 339 174 264 166 215 194 256 190 161 84 184 101 69 341 151 258 47 206 73 217 1 43 99 76 292 337 54 129 290 270 46 197 146 213 155 106 332 274 241 305 11 114 6 196 22 348 139 45 132 239 293 138 345 301 51 112 269 323 176 65 295 89 154 156 86 340 20 119 81 85 115 141 105 263 130 333 202 193 268 318 315
245 272 210 177 338 311 33 158 232 346 256 12 174 292 140 133 341 283 66 184 206 94 100 161 190 264 217 54 65 348 156 99 317 73 23 166 3 339 337 241 235 146 301 47 293 93 114 305 84 274 69 290 6 46 132 119 219 129 199 43 194 139 215 89 1 11 151 81 299 181 270 269 105 196 20 322 202 243 249 231 112 141 154 258 101 261 263 160 175 60 22 106 107 284 239 86 265 138 191 155
212 192 41 289 162 2 185 107 284 173 300 17 276 319 135 53 262 90 19 67 305 178 58 18 254 204 180 27 225 281 199 165 208 317 66 203 184 217 78 128 283 28 59 20 109 227 126 143 346 61 288 259 105 117 239 79 232 44 5 322 169 72 154 245 272 228 37 15 137 145 183 205 25 86 134 170 343 43 49 149 47 102 191 337 223 157 56 297 340 150 100 7 48 3 234 55 115 312 68 138
212 192 41 289 162 185 2 284 107 300 173 319 17 276 135 53 19 262 90 305 180 254 58 67 204 178 27 18 225 281 165 184 208 199 217 66 78 203 317 128 283 28 20 59 109 227 143 126 346 61 259 105 232 288 72 117 239 44 79 154 322 5 137 169 228 245 37 223 15 43 145 134 272 229 25 49 337 86 340 183 102 149 170 7 47 48 343 22 191 157 150 188 138 250 312 258 205 292 177 167
212 192 41 162 2 284 107 289 185 300 173 319 53 90 17 276 135 19 67 262 204 254 18 305 180 178 27 281 58 317 199 165 66 128 78 225 184 283 208 217 28 109 203 346 59 232 169 20 259 105 227 149 322 126 5 223 239 61 145 37 44 245 343 288 137 154 205 191 143 117 272 102 228 95 43 72 79 337 22 297 55 134 47 152 15 250 210 23 312 139 229 348 253 166 340 132 48 177 222 56
212 192 19 90 284 53 289 319 162 41 2 107 173 185 300 281 17 276 78 262 58 135 178 28 67 254 305 18 180 204 128 165 27 184 217 66 199 208 317 225 259 203 145 37 283 343 126 109 239 59 61 346 322 288 20 205 117 169 232 149 227 72 272 223 191 143 5 79 105 245 44 228 43 154 22 137 134 139 250 138 102 115 167 23 312 95 294 152 222 104 210 328 15 219 337 56 55 229 340 25
212 192 289 2 185 41 300 319 284 173 162 53 276 107 17 19 67 90 135 58 204 281 18 254 180 305 27 199 262 317 178 184 66 128 225 208 78 283 203 165 217 28 20 59 126 259 109 117 227 61 239 346 288 272 143 5 79 245 232 145 154 322 44 105 205 169 37 43 343 72 48 15 56 102 297 134 22 228 258 349 137 68 340 250 25 55 149 328 73 294 47 223 337 100 7 312 3 311 129 85
212 192 2 162 41 185 300 284 289 173 319 107 53 90 19 17 276 135 262 178 67 58 18 204 254 27 180 281 305 165 128 225 208 78 28 317 199 66 217 184 203 283 259 20 59 109 105 126 223 346 61 322 227 169 37 288 145 117 232 239 44 154 143 137 134 343 228 72 250 15 22 79 102 25 205 43 272 138 245 229 5 152 149 7 201 310 210 3 103 166 49 23 337 6 268 340 55 188 157 54
284 212 162 41 107 2 192 90 300 185 19 289 173 53 319 17 276 135 78 262 281 305 58 165 67 178 254 180 28 184 204 27 217 18 66 128 199 317 208 225 283 259 109 346 203 232 145 169 343 5 37 322 20 288 105 223 149 59 239 205 227 126 272 245 191 166 61 138 210 337 3 95 117 137 154 73 100 103 311 328 250 269 43 47 65 72 241 22 294 46 143 129 186 77 177 44 87 228 146 139
126 61 225 228 79 59 17 204 208 227 288 58 180 185 27 18 154 143 254 178 192 276 305 20 135 67 117 203 44 37 317 2 212 199 283 300 239 43 162 319 250 289 284 134 340 25 22 72 173 184 41 262 102 15 272 109 217 66 53 152 310 49 169 78 86 137 5 107 245 183 346 170 90 7 85 312 281 55 229 105 167 232 349 28 139 128 165 280 222 259 19 68 23 234 115 150 56 148 157 264
228 25 102 126 167 61 310 15 44 72 222 312 250 134 56 137 227 79 22 148 68 170 143 152 59 288 349 55 234 43 340 225 117 229 154 183 49 150 294 7 328 239 86 188 127 226 104 37 280 23 208 238 219 85 334 303 20 58 115 272 281 347 237 186 203 207 147 252 141 185 245 306 343 157 205 284 41 162 139 29 159 145 344 192 291 338 302 11 178 273 18 212 326 300 78 254 180 253 255 128
204 67 180 18 27 317 254 199 283 109 212 185 192 66 276 300 225 2 41 184 162 17 284 208 59 169 61 126 178 217 53 289 319 58 135 262 107 143 5 79 346 173 227 228 232 102 139 44 305 154 20 128 288 281 43 117 165 78 137 90 22 245 134 239 15 272 86 229 72 19 37 191 340 49 25 203 167 183 292 322 312 105 152 170 56 157 148 222 264 68 234 23 250 280 290 55 349 7 259 150
228 126 61 79 102 152 44 15 250 134 143 229 72 137 288 22 117 59 225 154 25 227 340 37 43 280 170 239 167 86 23 208 49 310 312 150 183 7 222 234 20 238 188 219 272 56 58 141 186 127 85 115 78 349 68 237 281 55 11 245 328 273 294 139 148 203 103 338 205 343 284 18 104 54 204 185 145 231 41 24 89 106 347 346 149 226 283 263 334 303 212 157 302 66 252 195 184 192 162 300
67 204 180 18 27 254 317 199 185 300 66 283 41 276 162 109 184 284 2 212 107 58 17 192 217 135 208 225 178 262 289 319 53 346 165 169 232 305 59 5 90 173 281 78 139 128 227 20 245 44 143 272 117 102 126 79 228 19 61 288 239 137 191 203 105 292 134 322 43 154 86 210 72 22 23 28 152 264 177 229 312 157 149 205 337 37 259 65 311 167 263 219 290 207 49 198 344 62 269 56
167 68 55 310 56 25 148 349 294 328 312 222 104 334 303 291 102 226 306 15 137 72 228 44 126 250 134 61 229 147 152 280 207 227 7 219 277 264 22 59 288 170 225 29 344 49 77 252 234 150 183 43 127 23 79 85 253 308 115 86 188 89 208 302 103 180 340 209 255 315 273 82 143 287 204 284 58 112 139 154 263 238 14 176 254 66 239 168 281 67 41 186 18 128 300 272 27 122 318 162
317 67 204 199 180 254 27 18 283 109 212 169 192 66 185 2 162 41 276 319 300 17 289 107 53 284 173 5 217 184 135 232 178 346 90 262 305 225 281 191 208 139 102 58 165 128 59 137 19 227 15 61 126 245 95 78 253 292 337 272 44 146 228 154 82 47 177 241 20 43 145 259 344 183 37 229 205 343 264 25 157 55 203 143 149 312 49 117 198 234 322 22 207 210 56 148 181 167 348 79
317 67 204 199 180 27 254 18 283 109 66 169 184 217 212 5 185 2 232 192 346 300 191 41 289 162 276 284 53 107 319 173 139 17 281 245 208 305 178 102 225 135 262 58 90 337 165 59 137 272 292 253 149 177 227 264 95 126 205 15 128 61 290 19 47 82 101 78 20 210 207 146 344 73 229 145 190 77 277 259 43 55 44 260 116 10 154 112 22 228 322 343 56 291 46 311 79 349 157 301
68 148 56 291 349 294 55 328 167 312 222 303 310 334 25 104 306 226 264 102 147 15 72 255 277 287 44 209 207 252 168 263 89 122 137 77 219 234 227 315 183 131 127 308 335 344 302 170 7 233 172 330 43 29 112 115 237 150 273 253 85 42 64 247 271 176 139 260 38 22 238 10 116 126 318 61 216 188 14 280 134 59 240 86 49 5 281 82 331 180 199 228 195 347 317 301 250 98 297 52
16 278 316 235 187 40 133 183 132 215 83 175 103 182 57 93 150 295 170 163 51 33 75 244 282 15 49 147 227 188 290 85 86 293 101 266 130 7 251 312 55 222 219 144 344 296 125 313 193 137 171 44 310 247 151 167 307 12 25 260 10 279 88 285 17 70 253 238 91 207 196 110 118 205 248 184 6 72 168 250 148 180 297 97 267 234 325 228 270 229 254 331 102 323 349 77 340 216 126 116
283 317 191 66 199 67 204 184 217 232 346 180 109 254 27 18 149 169 281 5 139 245 41 95 292 162 205 90 107 185 300 343 145 276 2 78 212 53 284 259 264 208 59 272 19 17 58 192 337 253 190 165 207 277 178 263 262 290 210 135 77 227 225 344 177 301 305 82 289 102 146 137 65 273 22 89 43 128 198 322 241 115 47 44 173 312 176 249 319 28 219 93 303 101 34 158 112 46 269 291
68 56 148 349 291 294 55 328 167 312 303 334 222 310 104 25 306 226 102 264 15 147 72 277 255 44 137 287 263 89 77 207 209 168 122 252 273 219 127 234 302 308 335 7 315 227 344 233 237 176 199 112 253 29 330 183 131 317 280 5 170 42 126 247 61 271 82 172 43 115 318 85 10 38 116 14 139 64 150 260 216 195 134 228 188 331 272 240 281 229 238 180 297 86 59 109 347 49 22 301
291 55 294 349 328 148 68 56 312 222 303 167 104 334 310 219 264 306 226 25 103 147 102 168 122 89 287 15 255 344 209 137 316 207 227 252 64 277 234 127 16 253 330 247 77 335 302 44 172 271 263 176 297 273 131 72 82 233 331 205 170 260 22 5 42 23 318 112 180 187 346 278 40 175 281 10 232 27 343 59 272 317 43 128 14 7 34 199 116 315 245 150 204 145 182 126 229 183 83 254
68 148 291 56 294 349 55 328 312 303 167 334 310 222 104 25 306 226 102 264 147 15 277 72 207 77 137 255 287 209 122 263 89 44 308 302 29 344 253 176 273 330 227 115 233 234 315 335 168 172 5 82 131 237 252 127 199 317 112 64 280 247 271 38 7 126 318 61 10 183 219 240 14 139 42 43 216 170 331 116 228 195 260 85 109 134 59 281 180 342 272 49 157 288 98 52 150 301 229 34
187 175 182 40 278 83 295 16 197 285 163 76 45 57 96 144 213 282 345 279 121 106 266 75 193 251 275 123 244 125 103 51 248 307 91 313 316 243 63 267 219 151 287 55 312 101 127 297 110 234 255 68 30 56 296 215 171 189 349 235 325 97 207 167 27 323 88 338 133 237 108 290 33 122 344 132 224 48 147 328 260 118 84 183 294 336 116 231 130 331 148 293 299 18 195 70 161 247 335 222
291 294 68 328 349 148 56 55 303 334 312 104 167 310 222 306 25 264 226 5 147 15 102 255 199 317 263 287 89 209 72 302 277 176 137 273 122 115 109 168 77 207 330 29 169 344 172 44 252 10 253 116 247 227 216 272 64 237 308 233 318 38 315 271 260 234 331 131 335 297 126 301 112 232 245 61 177 67 7 43 82 34 240 85 180 205 127 346 195 204 281 139 219 305 283 342 134 280 59 95
5 199 317 109 169 291 67 191 204 294 303 264 281 328 148 95 149 68 56 312 306 18 180 334 283 349 205 55 254 346 27 222 232 66 184 167 343 145 226 305 272 217 245 116 78 104 255 102 259 168 216 277 53 287 10 147 207 263 77 297 107 115 253 260 302 301 273 90 276 89 310 308 29 209 41 137 128 122 82 284 212 344 15 192 177 17 227 64 72 162 34 190 176 2 172 43 185 247 289 233
149 95 191 343 205 145 281 259 78 5 317 199 90 346 232 66 109 169 283 306 207 253 67 303 277 184 64 82 312 264 34 294 328 77 53 19 222 28 287 204 273 334 217 302 344 4 89 148 209 93 255 226 107 338 305 219 122 263 41 131 291 261 297 18 22 43 102 293 115 167 256 59 272 101 172 47 337 168 245 254 162 290 284 151 56 340 237 285 137 44 308 127 227 212 55 180 233 42 104 271
140 100 177 33 166 3 12 133 119 197 272 245 161 210 235 311 45 73 93 174 76 258 345 101 69 290 151 63 338 213 163 40 243 305 96 260 121 116 215 293 132 216 111 158 57 83 295 20 190 105 341 337 10 218 46 206 289 65 256 130 187 129 270 283 182 175 326 136 85 106 269 331 54 189 32 247 278 1 297 47 268 265 84 17 61 125 157 348 51 114 126 234 141 16 339 99 144 328 276 112
144 163 151 282 57 266 93 313 278 251 279 84 290 76 40 101 197 267 110 295 75 96 33 187 91 243 177 63 182 216 345 293 189 125 235 12 244 307 45 140 10 275 213 116 338 4 83 297 175 215 118 248 133 88 1 171 256 16 161 141 121 70 234 148 164 245 301 332 48 190 320 5 56 132 98 193 174 51 62 74 73 97 224 100 285 260 333 272 43 255 142 157 99 129 114 68 113 296 30 123
151 290 84 163 101 93 144 57 266 282 251 279 40 313 235 278 293 267 33 91 295 110 215 197 187 216 76 182 275 116 96 63 83 75 12 133 125 10 243 297 132 244 16 248 307 175 4 345 260 88 161 118 45 177 171 189 140 285 51 48 121 5 174 255 130 142 247 296 70 338 193 1 213 331 164 85 287 234 190 56 168 50 99 148 258 332 323 301 172 97 141 73 291 122 123 320 252 64 245 199
163 282 144 266 279 57 251 313 91 40 75 278 110 151 267 275 125 187 248 244 182 290 101 295 175 93 83 197 76 84 63 216 96 297 116 307 10 243 235 16 118 171 88 45 293 285 260 4 189 345 33 215 161 133 48 142 296 177 130 338 132 51 164 140 193 213 50 97 301 255 247 73 70 287 190 12 331 121 5 85 69 34 234 141 258 148 74 168 32 245 36 323 123 99 129 122 108 320 64 42
287 131 209 52 122 255 42 330 335 38 233 271 240 64 195 237 172 8 252 315 127 302 89 34 273 111 115 176 347 263 234 104 142 340 236 326 21 153 310 318 43 74 112 188 29 230 328 294 167 36 312 126 25 264 222 227 154 157 280 61 246 342 239 148 349 198 139 102 14 68 72 44 291 7 113 15 238 224 308 22 186 170 55 137 202 257 59 56 314 147 48 145 250 343 118 334 150 121 259 320
287 38 131 330 209 255 335 122 240 195 233 271 64 42 237 172 52 127 315 8 34 302 252 176 89 104 115 273 234 347 326 263 308 74 111 29 112 318 328 280 291 202 294 142 334 342 21 14 349 310 340 224 139 312 264 68 55 236 257 167 43 56 15 148 137 303 222 186 153 147 36 25 314 88 157 72 226 227 102 70 320 118 152 246 62 154 4 230 113 126 44 121 239 61 207 119 22 250 198 92
131 287 209 122 335 330 255 64 38 271 233 42 240 172 195 237 34 52 315 127 302 89 252 8 273 176 347 263 234 74 142 224 112 115 14 4 291 318 147 167 70 312 264 111 43 257 139 310 222 171 148 56 314 190 340 349 118 219 88 104 334 68 328 202 342 55 236 227 157 29 98 164 92 320 308 15 153 22 294 113 343 280 326 180 21 199 317 145 193 301 137 95 188 102 168 62 253 201 282 51
172 271 233 64 335 240 330 122 209 287 38 255 131 195 42 34 237 89 142 302 315 127 273 263 176 118 74 264 252 52 147 115 312 4 168 291 88 234 14 318 171 226 112 222 139 148 349 70 224 340 22 347 167 55 257 342 68 43 247 92 280 314 56 153 207 104 246 44 230 164 320 29 328 137 344 98 294 145 310 186 113 157 21 36 152 301 331 303 216 62 253 343 72 19 281 297 170 28 278 61
172 64 233 271 335 240 330 34 122 131 287 209 38 255 195 237 42 142 4 89 302 171 74 118 88 224 263 127 70 176 252 164 264 315 273 314 168 115 257 234 291 52 147 92 301 338 5 139 216 318 312 324 22 191 222 129 149 190 43 46 10 112 347 297 236 148 308 340 157 113 98 36 109 153 167 62 116 202 21 230 320 68 140 207 14 56 343 44 247 29 281 104 349 277 186 119 337 72 205 245
16 278 187 182 40 175 83 295 244 57 75 248 125 193 51 235 163 307 275 285 97 197 144 103 316 282 279 24 201 266 251 336 261 121 323 213 132 299 76 130 296 45 215 180 345 156 137 27 196 254 30 133 313 270 171 15 96 6 219 70 147 128 19 4 91 88 93 325 267 81 170 95 55 158 99 224 145 118 33 106 220 293 231 291 204 102 53 319 191 126 48 273 141 110 229 343 317 12 28 344
34 142 171 4 118 172 88 70 164 64 233 324 271 74 224 335 122 240 330 287 314 209 92 255 131 38 257 195 237 42 127 95 191 149 5 108 302 109 234 147 291 89 313 252 266 264 52 321 168 169 347 145 343 251 297 205 97 101 263 273 281 115 151 279 295 267 285 199 176 278 10 216 110 48 207 91 113 116 293 290 338 148 193 222 307 312 282 315 187 93 51 215 247 139 84 27 331 260 182 254
16 278 187 182 40 175 83 248 75 244 275 295 125 57 285 144 163 51 279 307 282 197 193 97 235 323 76 96 261 266 316 251 196 45 296 81 231 201 313 6 220 103 345 26 123 24 130 336 339 106 91 118 133 156 299 213 120 267 30 211 121 155 141 325 19 158 215 344 110 88 274 147 137 170 92 114 257 171 99 74 290 253 15 242 55 219 270 33 234 194 80 28 324 314 108 207 321 164 82 23
34 142 172 64 171 233 4 118 271 88 70 164 335 122 209 287 330 240 324 255 224 131 74 38 195 42 237 95 343 149 314 145 191 205 281 92 257 127 5 89 264 302 109 169 115 252 234 52 315 338 199 263 168 176 259 104 273 291 321 297 347 108 148 317 293 312 147 340 318 78 283 222 151 93 216 10 101 154 22 56 113 37 116 184 48 61 167 43 207 285 202 294 301 239 66 90 228 44 346 295
16 278 187 40 182 248 75 175 275 244 83 144 57 125 279 282 163 295 266 251 285 307 313 91 97 51 267 197 110 235 193 76 96 196 296 323 261 231 106 130 213 211 30 141 220 201 123 26 316 345 290 81 120 118 45 74 325 257 170 6 24 114 314 103 339 336 121 299 99 88 156 142 147 171 93 344 155 34 224 164 253 234 158 92 207 108 177 174 23 19 139 215 133 55 137 274 80 219 242 101
278 187 182 40 144 57 163 75 279 244 282 125 275 175 248 83 16 266 251 313 91 295 267 110 285 307 197 51 118 45 96 76 193 213 345 97 296 30 171 123 74 130 316 257 142 70 314 88 92 108 164 323 26 224 196 4 231 141 344 120 243 63 325 151 106 235 28 261 211 121 19 147 207 234 34 339 101 93 84 189 81 64 324 290 114 321 330 172 202 336 156 263 301 271 240 338 219 127 215 122
144 57 75 163 279 278 282 275 244 125 248 251 40 266 182 313 187 91 267 110 96 175 197 285 76 83 16 295 307 123 45 213 345 108 118 50 243 63 189 321 325 74 97 30 31 70 309 26 142 196 193 257 121 88 231 211 141 151 106 130 84 34 296 183 224 168 170 4 222 51 93 314 114 167 64 120 1 164 24 234 36 201 161 92 188 218 127 302 233 271 220 216 324 255 297 6 340 205 145 23
144 163 279 75 282 57 275 244 248 125 251 266 91 313 278 267 110 187 182 40 175 83 295 307 16 118 45 96 285 345 108 123 50 197 333 257 120 314 70 332 130 213 296 142 74 26 164 63 324 30 76 242 325 321 4 141 171 88 97 243 211 189 147 271 1 92 316 224 103 193 168 36 299 31 55 220 78 121 240 179 309 196 223 160 297 34 151 250 156 218 8 33 330 170 235 7 84 349 122 261
187 278 40 182 175 83 16 295 163 285 279 144 57 282 75 244 125 275 251 248 266 197 96 45 76 313 213 193 91 307 345 51 123 267 121 235 110 132 50 118 130 30 234 296 63 97 243 151 88 74 215 93 142 108 127 106 321 84 68 270 231 55 33 154 141 56 161 219 196 31 293 189 349 171 101 167 218 148 70 170 332 1 194 316 339 290 299 222 323 325 164 34 281 333 156 237 201 4 340 257
235 33 132 133 215 12 161 293 141 93 256 84 175 16 316 114 341 338 177 40 189 206 94 290 156 23 348 158 278 63 182 51 101 174 194 106 108 11 136 272 197 243 54 151 1 138 219 80 76 231 187 83 179 20 309 143 24 99 123 61 140 298 81 96 154 150 126 6 35 322 105 45 60 9 18 304 103 265 65 159 210 218 201 332 261 86 274 22 285 202 339 47 336 43 213 333 323 321 295 234
321 31 108 50 218 309 136 54 70 325 324 4 118 32 141 220 142 88 164 159 265 224 179 211 92 35 301 20 171 34 46 242 74 129 257 190 304 338 314 157 138 298 120 185 161 13 189 128 60 243 9 147 85 223 89 167 48 123 62 63 56 55 184 349 139 71 115 98 73 140 119 247 17 328 148 143 311 310 344 294 68 217 216 222 303 263 300 214 258 116 297 110 312 205 105 137 322 225 264 113
16 235 133 132 33 322 40 215 158 156 182 299 316 24 187 165 12 175 93 51 161 6 278 83 295 274 138 201 339 155 194 270 290 285 293 193 261 141 23 18 81 177 323 219 114 11 101 174 196 53 272 336 2 178 84 123 276 126 15 67 231 106 305 61 154 20 223 80 103 78 262 199 317 58 341 143 135 79 45 319 204 25 254 27 99 206 17 189 348 212 185 145 234 7 205 192 343 337 120 140
321 31 108 50 218 70 301 4 190 88 164 224 325 136 171 216 54 324 142 116 118 309 92 34 147 257 247 314 260 74 10 331 129 220 46 62 32 264 98 157 119 211 159 89 85 265 258 320 297 73 338 115 311 111 141 20 5 109 179 35 113 139 263 243 236 168 189 124 210 337 140 269 217 63 138 48 148 185 68 349 161 302 249 110 308 172 56 184 177 55 277 17 233 43 100 199 294 312 167 328
235 33 133 94 161 206 341 256 12 348 132 177 215 140 174 272 20 189 1 141 245 243 304 39 338 114 63 136 305 9 93 158 105 311 156 210 332 290 184 5 100 322 79 16 138 35 179 270 81 301 84 298 80 333 194 309 214 339 274 218 295 143 123 40 99 54 155 276 337 317 293 231 199 78 139 283 116 65 269 109 120 221 31 119 265 3 47 71 182 11 261 225 165 50 346 23 166 216 196 297
321 108 31 50 70 164 4 118 324 142 218 171 88 92 224 314 74 309 257 325 34 110 136 267 54 211 5 301 220 123 161 116 216 13 260 119 85 159 313 189 32 190 147 63 10 258 109 243 35 247 129 169 331 62 179 194 91 265 326 298 172 120 9 141 242 46 140 296 98 199 111 327 20 214 320 113 71 30 215 311 133 233 269 251 28 310 285 297 11 304 345 17 43 344 246 115 338 100 236 26
256 33 94 133 341 161 235 348 12 206 338 140 177 93 132 215 99 337 114 84 290 293 311 151 47 174 106 73 272 63 190 101 40 197 166 69 1 245 5 218 189 274 301 241 54 141 210 243 146 100 76 196 160 116 35 39 158 231 108 216 9 65 175 3 123 181 179 120 156 270 232 129 296 50 202 322 260 317 46 269 45 96 278 346 74 10 339 213 194 187 332 199 26 305 295 333 285 182 345 214
94 206 341 348 256 33 161 12 140 133 190 298 177 214 311 338 100 235 210 136 9 245 174 337 116 47 304 5 221 65 272 286 54 216 301 105 99 129 71 260 73 114 84 269 166 10 20 305 3 46 69 317 215 265 132 218 39 292 202 109 232 1 189 184 200 199 151 119 63 346 241 93 146 87 308 50 293 139 258 197 31 169 160 243 60 181 35 159 283 13 329 179 268 164 332 80 51 242 325 264
94 206 341 348 256 33 12 140 177 311 161 133 210 190 100 245 214 69 5 65 301 73 269 174 235 272 109 298 337 338 166 105 47 54 3 169 99 305 116 119 129 46 9 317 216 184 84 1 258 292 199 232 146 181 136 10 87 241 20 71 346 151 132 158 304 221 293 215 217 189 260 286 249 264 85 93 200 114 63 202 268 39 243 283 124 17 13 265 70 325 191 308 156 164 60 196 101 297 110 290
126 61 79 288 48 128 228 117 338 72 239 44 227 143 59 225 340 43 22 272 297 250 203 168 159 115 154 134 245 35 179 25 208 167 32 86 152 170 310 312 141 102 20 265 56 37 202 222 68 264 58 55 302 349 49 85 183 294 281 309 148 186 60 29 328 7 229 252 280 62 157 104 15 137 238 308 334 178 234 89 305 263 78 98 259 320 119 273 216 226 112 311 23 243 326 256 184 150 113 255
48 128 297 168 103 32 141 35 159 148 167 113 281 131 243 122 68 263 147 330 179 104 287 189 62 246 216 83 10 320 260 55 63 222 294 126 21 153 98 209 96 291 198 265 38 36 115 142 236 309 254 61 233 116 183 42 255 328 56 264 288 312 230 118 335 157 349 108 227 234 310 271 8 44 250 16 52 175 278 259 43 316 240 181 237 334 170 280 75 247 79 338 257 258 40 340 145 266 321 241
25 310 167 312 56 222 72 227 44 55 349 148 22 68 43 170 340 85 86 49 7 294 59 183 328 150 104 154 239 238 134 188 252 61 126 334 79 117 250 143 226 15 288 303 228 208 225 102 272 115 291 306 203 347 207 58 344 127 20 245 263 29 234 147 137 302 315 277 273 89 82 264 253 255 258 37 77 185 209 111 338 178 152 300 229 287 186 42 52 157 184 78 122 176 308 326 66 301 112 205
48 128 297 168 35 179 32 259 159 62 281 309 157 60 28 265 98 320 243 126 103 246 147 216 21 19 108 319 338 167 44 113 61 141 301 228 53 294 250 102 55 17 137 288 104 189 153 63 208 344 280 78 328 185 257 10 230 83 312 225 72 20 59 116 111 92 68 289 260 148 58 234 223 85 88 247 117 43 118 326 56 237 227 222 224 192 236 213 135 183 276 300 134 5 239 349 15 226 160 212
291 264 147 168 89 263 172 302 34 233 301 247 312 68 64 349 273 308 55 216 148 294 271 56 334 176 303 328 331 10 240 255 226 122 139 287 315 38 62 112 335 29 115 330 207 77 277 318 209 306 116 190 237 222 297 260 167 342 257 98 320 88 253 224 202 344 252 171 14 82 195 157 219 124 72 310 191 74 5 131 177 102 104 4 337 92 113 109 153 292 25 246 142 149 199 127 137 232 119 15
23 219 103 11 234 174 156 299 127 316 270 102 336 158 201 293 167 312 12 215 54 322 222 55 339 294 33 148 101 328 155 194 151 132 84 104 290 264 184 22 137 138 24 256 44 308 123 274 99 349 237 250 141 346 291 310 56 228 303 93 68 89 334 25 134 272 317 227 204 6 226 180 347 306 245 72 43 150 208 302 90 18 254 59 232 115 154 147 7 15 126 95 168 297 191 29 343 177 165 133
37 138 234 11 158 54 156 127 237 322 339 23 270 274 316 19 283 281 192 212 155 194 18 299 201 204 165 219 90 53 67 66 272 284 28 289 141 126 184 61 338 180 336 41 317 208 24 305 173 22 347 254 6 78 162 27 319 107 223 228 276 128 129 245 256 250 185 73 123 17 262 58 346 225 174 135 311 30 186 43 300 79 46 33 178 175 117 198 32 69 20 146 145 239 337 86 232 217 210 288
322 165 158 66 184 283 223 272 156 299 90 245 217 346 53 19 78 232 212 210 339 192 284 41 54 28 2 23 162 311 185 138 300 274 270 107 201 11 58 155 317 319 24 276 128 194 6 208 174 20 105 289 305 178 262 73 225 65 173 259 67 292 219 204 191 18 17 129 135 46 177 281 139 100 199 140 338 3 145 117 343 43 59 166 205 27 264 256 180 22 239 190 103 254 203 154 69 149 336 143
16 187 182 40 278 175 295 83 299 261 248 51 193 125 24 244 307 81 296 285 75 201 163 275 6 336 196 316 130 323 57 270 197 97 279 235 156 30 231 106 144 219 282 132 158 99 11 274 133 103 76 26 266 155 33 251 45 14 121 160 161 339 253 194 114 215 174 344 242 82 137 55 313 213 91 12 220 93 27 165 53 23 180 211 96 19 322 101 2 325 90 212 317 199 290 123 95 177 192 254
299 261 81 156 158 6 339 201 274 270 155 24 194 196 231 322 11 30 26 307 99 23 219 114 130 97 165 120 211 103 28 182 106 174 296 175 78 19 187 223 220 242 325 40 16 160 13 285 90 316 51 138 145 221 123 259 39 71 53 83 141 9 327 80 336 161 295 286 329 323 214 278 343 193 87 284 14 95 262 268 178 137 341 82 200 107 256 304 204 135 205 74 344 186 253 248 342 229 206 202
23 66 283 217 184 346 232 219 11 245 138 322 272 158 155 174 210 270 194 103 274 339 201 165 292 107 177 18 208 234 156 41 284 239 58 276 178 256 20 262 204 311 338 317 199 264 59 105 115 143 54 162 225 185 117 67 6 65 139 305 198 302 288 135 299 141 89 237 300 44 227 166 109 134 79 37 154 5 87 78 81 336 3 62 102 268 269 337 2 47 126 228 61 281 254 104 203 157 191 17
323 193 51 160 121 295 336 285 333 106 345 45 201 202 76 274 308 213 1 80 332 112 11 270 29 197 161 96 155 243 189 123 141 339 26 6 219 24 318 138 194 174 63 316 14 302 23 81 115 338 8 54 176 272 346 139 89 231 218 261 256 103 158 114 322 120 44 288 234 87 225 12 152 182 134 278 39 334 187 49 250 190 105 273 177 242 326 299 137 283 245 284 232 264 66 305 208 33 140 40
66 283 217 184 23 245 272 346 239 232 58 208 138 322 158 59 143 210 117 165 20 288 203 178 154 185 227 219 225 284 79 262 11 22 43 126 228 300 135 61 115 339 276 134 311 37 105 156 155 194 338 41 305 274 340 44 162 201 17 54 18 234 141 250 86 25 256 292 264 204 107 67 317 2 102 49 199 270 104 72 78 6 65 159 310 174 119 198 103 299 157 139 252 47 177 85 90 87 341 254
155 274 201 6 270 194 339 138 11 156 158 24 322 336 299 316 37 23 165 54 81 283 219 193 261 106 105 174 284 66 272 114 141 185 333 1 80 162 134 218 123 20 41 103 305 304 231 51 160 332 184 323 234 217 256 345 223 107 26 102 210 161 76 25 2 202 245 87 104 61 79 126 12 135 39 22 136 300 268 137 18 189 242 145 139 346 140 90 328 285 294 288 58 78 311 295 276 308 3 120
158 11 23 156 322 299 339 138 201 274 155 219 6 270 54 283 194 66 165 24 234 184 217 316 272 346 208 232 292 245 174 135 162 284 185 103 41 127 256 58 262 81 338 336 210 178 105 2 141 223 18 239 300 20 37 317 237 276 90 17 67 348 305 204 99 311 117 107 78 47 235 154 199 225 341 196 143 261 228 206 106 30 288 132 22 203 264 146 43 254 241 123 114 231 227 337 157 65 59 87
