87 126 102 178 151 48 190 73 236 29 14 62 54 13 118 103 17 125 154 47 128 172 200 189 147 104 211 226 227 90 203 230 95 39 33 98 183 30 41 16 24 225 3 121 2 22 234 164 123 26 42 84 15 8 174 217 115 72 153 21 228 110 6 162 221 208 149 27 77 4 96 12 135 9 58 141 186 68 137 7 37 136 207 166 219 181 5 161 235 75 94 133 233 57 53 176 146 85 122 231
178 87 17 154 48 151 125 190 13 128 126 102 228 73 222 3 219 141 225 98 5 16 58 233 21 182 197 123 104 30 118 41 8 195 109 211 150 221 59 4 115 78 191 62 217 149 147 40 172 198 207 14 130 138 37 121 6 184 117 173 28 169 61 166 122 202 185 237 213 29 44 236 95 64 47 79 66 208 137 57 51 113 55 148 86 203 67 32 188 142 39 103 108 136 77 76 12 176 168 159
183 54 230 42 110 229 57 189 118 14 15 200 33 102 29 236 73 103 62 26 47 126 172 90 77 149 104 147 111 171 226 186 217 158 72 203 7 87 227 75 95 24 216 146 211 124 174 74 22 151 9 181 121 208 84 178 39 125 21 38 68 143 234 96 161 162 231 120 97 131 153 232 70 85 41 187 2 35 114 116 123 170 16 235 119 206 109 93 94 214 135 223 115 128 105 27 45 30 11 215
29 103 47 236 14 62 54 126 102 189 73 226 227 230 90 87 33 200 234 147 118 183 104 24 217 143 42 26 84 15 95 72 7 9 2 162 39 203 110 22 231 161 211 94 174 135 85 97 235 57 77 175 151 208 178 181 164 121 229 93 146 21 48 171 13 123 68 198 136 186 170 221 55 125 225 158 216 16 206 30 41 172 6 115 149 98 38 190 5 4 187 114 32 3 119 75 74 37 82 8
119 101 57 74 114 105 77 124 75 232 96 110 186 215 158 116 38 42 23 9 91 172 90 226 161 84 162 229 131 143 227 85 234 97 235 183 149 208 135 103 231 47 15 93 7 223 230 189 121 100 170 175 29 111 164 11 26 68 21 163 203 2 155 146 14 62 126 138 174 216 45 132 35 123 22 122 153 102 33 198 54 24 95 78 112 94 117 39 139 31 181 43 207 187 104 136 176 192 147 214
77 11 149 13 4 113 115 37 154 221 225 30 188 44 8 110 178 6 98 41 48 148 126 130 222 128 150 195 151 109 16 102 166 3 190 42 219 138 87 173 199 5 43 17 176 184 79 141 53 228 88 59 196 233 78 61 28 211 144 169 40 73 34 134 125 118 21 66 15 58 139 52 123 132 57 49 117 71 191 35 163 182 124 197 145 89 201 155 72 230 96 198 32 229 50 207 220 121 172 131
77 110 149 11 42 15 48 151 96 229 13 57 126 116 154 208 230 130 183 115 128 190 119 111 150 102 59 231 37 21 143 74 30 78 138 125 124 97 101 175 41 117 8 166 135 93 184 114 5 186 32 195 9 75 198 84 235 173 107 144 121 43 6 55 148 232 28 174 105 113 39 3 123 163 169 172 216 91 26 215 87 17 58 170 95 189 94 225 222 199 188 140 73 178 177 14 134 217 104 193
77 110 149 42 11 15 48 151 126 208 96 125 119 231 21 183 57 97 9 101 135 229 13 230 84 26 93 59 73 189 74 175 116 121 123 128 117 102 174 95 198 17 190 163 154 170 62 124 235 39 186 87 147 85 55 105 5 122 232 58 211 104 7 94 35 178 162 203 78 114 14 3 75 143 217 30 134 91 137 47 199 222 215 90 161 227 6 130 111 54 138 139 100 115 8 53 43 118 41 158
208 231 97 9 77 93 135 84 175 85 174 162 235 7 121 22 198 161 143 90 39 55 94 146 95 110 203 164 24 26 68 42 234 15 216 2 227 189 181 149 226 136 59 122 119 21 183 229 62 96 126 123 147 230 103 33 57 101 104 74 14 170 29 217 73 124 58 75 116 11 54 47 125 200 232 211 78 105 236 40 151 5 114 186 102 61 48 117 111 215 158 3 30 115 87 163 19 35 13 141
97 208 93 84 9 231 85 161 135 162 7 90 235 121 175 68 226 164 234 94 143 24 198 55 174 146 181 2 216 22 122 227 136 203 33 26 77 95 39 110 189 103 62 29 229 119 15 101 200 14 59 57 42 183 47 147 170 21 74 236 123 105 217 73 230 40 114 104 54 232 96 149 186 78 126 111 124 75 158 116 163 125 117 58 172 207 100 11 215 120 31 197 211 155 38 214 35 191 70 102
206 47 143 227 171 103 62 175 94 29 192 162 9 85 121 161 12 235 135 208 226 32 84 146 231 170 123 234 14 133 97 137 115 174 93 126 164 41 42 237 27 147 230 80 172 104 55 187 78 236 203 19 211 54 217 2 181 8 3 72 189 108 144 30 68 28 66 183 138 37 5 158 116 182 188 216 16 22 233 184 87 186 6 39 142 7 79 95 15 33 200 228 153 18 81 4 149 113 150 38
206 47 227 171 29 103 62 143 14 236 226 94 234 162 161 147 175 33 9 84 2 121 104 85 217 189 230 135 192 235 24 174 200 203 54 72 97 231 181 26 164 123 146 208 183 95 22 39 7 93 12 158 137 133 41 119 38 187 126 101 172 186 237 68 153 27 90 105 96 21 170 114 102 211 75 182 232 42 55 15 3 141 5 118 129 32 16 115 87 136 6 78 8 151 82 108 221 166 58 228
206 171 237 86 47 153 227 81 108 201 89 209 140 72 143 12 133 193 103 170 210 106 129 187 27 152 137 32 236 145 107 148 192 29 111 88 14 38 217 78 186 80 4 82 166 234 177 218 62 56 172 18 156 199 123 94 87 13 3 144 158 16 15 37 219 165 126 105 20 102 79 180 162 6 178 96 130 147 138 115 5 142 101 151 230 232 190 49 189 57 188 53 159 48 75 98 226 34 104 176
206 171 47 227 103 29 237 143 62 14 236 72 162 226 234 192 187 94 147 153 12 189 217 32 86 108 54 230 81 123 38 137 133 104 170 6 210 3 200 15 186 141 121 161 27 101 158 33 182 119 98 126 175 129 115 221 228 9 105 26 5 114 24 4 235 232 172 82 183 75 225 16 144 2 148 96 80 87 181 84 88 135 97 85 89 107 203 21 151 95 118 208 102 201 219 90 209 152 231 188
47 206 103 227 62 143 171 175 29 94 121 9 161 85 162 164 84 226 12 211 78 235 115 203 174 14 237 133 192 126 170 41 200 208 146 135 30 2 32 27 80 39 8 236 95 234 172 54 181 231 42 97 22 4 93 37 137 116 149 138 66 147 79 72 3 33 44 16 189 187 28 7 165 113 68 188 152 153 19 18 166 123 15 169 176 184 108 104 63 24 216 6 53 217 98 158 88 52 233 180
206 47 175 94 227 103 143 9 62 85 171 161 121 29 162 164 231 84 135 235 208 174 226 192 97 93 146 234 14 2 123 137 12 211 181 41 147 203 7 126 8 22 236 133 172 115 42 27 3 30 170 217 68 78 104 72 55 80 233 237 39 189 54 19 95 32 28 5 33 116 216 16 142 187 24 138 15 136 230 182 184 200 149 37 18 169 228 183 150 198 210 152 21 117 26 58 141 129 90 165
206 47 103 227 175 143 85 171 62 121 9 29 161 146 94 84 162 135 208 235 226 231 97 14 93 174 164 192 181 234 2 172 104 147 12 189 203 217 230 68 236 126 7 170 137 33 22 27 32 123 187 55 183 54 133 116 39 90 42 41 211 216 95 136 153 122 78 80 237 26 115 119 72 158 8 200 114 118 19 186 198 184 102 24 15 38 87 73 101 30 3 108 57 210 28 151 5 110 66 117
108 11 79 237 148 32 66 115 138 144 81 37 166 53 130 113 78 199 12 133 188 109 206 8 41 150 28 30 184 116 98 195 96 88 6 4 44 187 196 63 19 52 43 221 225 16 176 27 3 194 156 165 72 134 192 117 49 172 210 228 129 34 137 207 77 131 149 71 169 227 107 153 121 233 171 89 139 105 141 100 211 178 173 167 80 82 224 124 234 219 193 170 10 106 20 145 203 220 164 132
86 153 11 79 111 145 218 66 194 53 88 176 188 34 237 115 113 108 138 100 44 6 4 77 172 184 137 165 52 166 131 96 63 196 169 43 148 78 152 112 28 31 117 35 37 190 155 199 151 207 49 116 206 124 180 89 27 221 193 32 10 41 179 70 71 223 120 30 8 170 48 225 139 227 156 171 107 132 98 133 109 192 187 18 185 81 163 3 1 201 186 224 45 167 16 210 74 20 19 128
47 206 62 227 121 103 143 175 9 94 85 162 84 164 161 29 14 226 203 208 78 234 135 93 171 147 42 172 231 146 2 97 235 174 236 217 95 41 192 133 211 116 8 12 126 137 39 24 30 123 104 237 68 200 22 189 170 181 27 33 7 32 149 15 3 115 5 207 169 19 28 138 142 187 21 79 230 136 117 80 158 119 72 183 153 188 44 96 26 54 165 186 100 233 101 37 216 152 184 16
91 20 119 105 215 101 74 23 75 38 232 114 60 158 99 96 124 186 116 86 83 160 213 153 111 145 57 64 45 165 25 31 218 67 36 202 46 127 194 69 156 131 163 223 172 34 157 214 159 71 108 179 65 139 112 204 152 70 63 224 196 120 167 11 168 110 143 100 155 237 180 35 80 187 43 27 92 49 230 138 89 183 199 185 18 170 134 229 226 47 212 193 140 142 32 78 210 50 148 66
47 206 171 29 103 227 236 62 143 14 226 234 147 94 192 203 187 24 162 2 217 161 104 27 123 189 174 121 95 12 9 235 84 129 133 22 230 164 54 137 186 39 33 175 85 135 90 7 38 158 200 126 208 72 231 181 237 97 170 82 114 75 172 210 146 87 26 101 119 80 93 21 211 153 182 55 68 232 32 105 118 102 136 141 41 183 152 81 198 16 5 166 122 74 228 96 3 30 58 218
171 47 206 227 103 143 29 236 234 237 226 187 27 192 62 14 94 153 126 147 129 137 133 235 162 186 38 12 203 174 210 95 123 217 2 80 158 175 86 82 170 87 54 104 189 161 121 9 72 208 211 39 218 135 75 85 84 231 81 230 22 32 102 24 152 118 101 232 90 172 166 97 18 165 145 200 164 105 114 3 119 26 74 37 33 199 108 151 181 19 5 7 96 148 78 16 141 93 21 178
103 62 47 29 14 227 171 206 236 226 104 94 234 203 24 143 161 9 175 84 2 33 54 217 85 164 95 22 147 162 231 39 121 200 123 189 230 174 146 135 7 97 93 126 235 181 208 90 158 102 129 183 186 26 42 21 192 27 41 211 187 105 73 12 87 172 101 118 133 75 38 110 32 55 68 136 82 119 144 229 137 115 15 216 57 72 182 170 37 232 153 116 210 58 81 198 8 16 122 74
11 108 79 115 138 77 237 150 41 130 148 78 30 37 8 184 3 221 44 32 169 113 225 188 4 98 144 195 6 166 109 28 207 81 66 178 117 149 228 185 88 16 141 172 233 43 53 190 219 176 121 211 48 173 58 126 87 151 86 154 96 5 153 13 199 164 100 116 123 21 156 59 72 203 62 71 102 20 95 61 196 182 227 52 175 224 34 42 89 12 51 213 31 40 119 137 131 216 99 39
11 77 108 115 237 79 148 225 3 172 78 138 169 184 149 86 6 221 166 32 4 41 44 109 144 66 141 88 16 207 190 98 28 176 178 153 5 154 96 30 37 117 110 72 81 8 233 53 151 58 150 228 188 121 21 116 185 43 113 211 219 48 13 227 89 102 199 123 71 131 130 182 202 20 213 42 126 195 147 187 193 143 107 201 165 142 209 87 206 210 14 234 27 164 100 128 177 226 173 40
86 153 218 145 111 194 180 63 132 220 170 10 152 49 100 155 139 112 79 66 35 165 52 137 1 18 179 176 196 80 210 53 131 224 67 27 64 167 34 205 192 71 31 199 187 156 120 163 134 206 127 44 11 142 70 108 168 213 223 51 157 214 88 166 185 43 212 227 36 19 28 133 188 89 143 171 117 190 6 76 207 94 65 159 201 107 113 202 45 46 138 129 184 20 172 193 23 96 169 148
20 215 91 38 119 60 23 114 158 74 75 105 101 96 232 186 124 99 86 116 153 145 171 83 218 165 34 172 152 160 111 213 64 47 134 57 199 187 49 80 27 206 129 170 63 139 194 143 196 180 192 210 137 112 18 31 71 100 67 237 227 132 223 133 167 131 156 176 155 163 43 108 88 36 25 69 159 138 226 214 66 32 202 157 127 50 45 12 35 224 89 46 179 205 120 65 220 78 70 234
171 206 47 227 29 103 62 236 226 14 143 234 27 147 187 192 217 237 12 153 133 2 94 137 203 104 121 72 95 189 24 129 54 210 174 162 170 164 123 211 200 80 161 82 33 38 39 230 126 181 22 90 87 158 32 102 81 75 172 78 152 186 86 9 16 175 118 84 3 26 68 15 7 183 108 105 97 146 21 232 141 218 85 119 136 228 235 208 114 5 55 182 49 135 166 115 93 41 178 57
171 206 47 227 103 143 94 236 27 62 29 32 137 81 237 192 234 133 187 14 108 129 144 126 147 12 82 211 123 175 217 54 121 115 104 37 152 80 235 172 174 226 158 72 118 186 165 170 16 87 9 166 208 102 19 3 203 162 78 41 96 85 228 199 18 21 200 168 141 5 189 135 202 8 33 30 84 63 219 230 38 233 231 116 26 159 161 210 55 39 212 109 134 24 66 148 95 139 6 180
108 11 79 115 237 138 77 78 148 32 41 184 150 207 130 144 166 30 8 28 37 66 3 109 178 225 98 185 44 117 149 169 113 195 81 121 172 86 126 4 233 188 43 221 6 53 156 176 58 211 219 151 100 48 88 13 153 224 199 141 190 87 175 96 228 16 123 5 31 154 21 208 71 216 137 164 116 194 19 102 34 173 167 59 227 193 95 51 89 131 174 182 196 128 10 155 20 63 203 198
11 79 108 77 115 237 138 148 86 78 207 169 184 166 44 153 66 88 176 117 32 190 100 3 185 199 28 150 43 71 225 131 41 63 30 149 37 130 6 221 172 53 4 109 113 156 154 121 8 144 165 98 196 13 48 178 145 224 34 163 96 81 19 1 227 123 120 72 188 31 211 213 205 167 51 152 27 137 16 10 89 216 134 187 151 193 110 233 5 58 195 21 126 143 208 15 234 141 170 155
86 153 218 111 145 194 180 155 112 132 63 220 10 49 79 100 66 35 170 139 137 179 152 1 176 156 31 52 196 53 131 34 70 199 163 64 167 71 165 88 120 224 213 223 206 210 185 192 11 80 18 27 43 113 205 214 108 134 188 166 138 45 184 44 6 237 172 207 148 171 124 28 89 227 81 51 20 117 19 193 187 99 4 190 96 133 169 143 157 76 201 127 67 3 36 142 151 159 94 47
11 171 206 86 153 108 115 138 227 47 237 79 187 32 27 218 156 100 234 165 152 109 63 185 111 131 120 192 71 137 194 169 29 133 186 103 44 145 226 223 123 155 113 172 158 166 78 12 80 180 170 38 121 62 143 20 53 88 37 221 184 225 10 236 112 66 148 6 176 130 49 30 163 16 183 105 3 119 96 207 18 28 199 188 70 195 41 82 98 14 150 224 214 34 43 189 8 117 74 1
20 215 91 119 74 38 114 105 75 60 101 158 23 86 232 99 96 186 153 124 145 111 116 218 83 34 165 172 160 49 57 170 80 27 100 31 180 199 213 152 194 134 64 63 187 71 112 137 120 88 156 70 223 155 214 139 192 163 176 171 45 47 35 43 132 131 196 224 66 210 78 167 179 143 138 18 206 129 53 227 226 1 110 205 202 220 230 108 10 159 133 234 11 36 121 237 46 166 67 12
206 47 171 227 29 153 103 187 27 62 192 143 38 86 137 236 14 237 234 32 12 158 186 226 72 133 129 75 105 101 114 108 172 189 96 119 81 230 162 111 104 94 232 217 57 15 218 123 147 170 80 82 121 54 215 126 74 87 152 210 6 3 225 145 16 198 229 144 201 161 90 221 235 118 110 102 98 95 59 141 140 5 182 41 4 124 228 203 78 211 178 49 84 33 151 40 219 128 109 208
103 62 47 29 227 226 206 14 161 85 9 84 175 54 164 174 234 94 2 121 24 203 171 236 104 22 143 146 189 162 95 33 7 231 217 211 147 93 135 181 39 208 97 42 41 183 235 200 8 230 123 172 158 72 115 90 126 110 68 28 136 26 27 102 221 184 37 192 55 149 73 32 21 229 116 30 4 188 3 133 216 5 12 15 166 105 113 119 87 6 186 117 44 237 137 96 16 78 182 109
206 47 103 62 9 175 85 29 227 161 84 121 171 226 146 143 94 208 231 135 164 162 174 192 235 93 203 97 14 234 32 22 172 126 12 133 41 211 2 7 27 54 181 115 95 28 42 104 170 33 8 116 72 158 119 39 184 149 37 230 80 236 137 188 217 187 19 189 66 24 147 30 216 68 113 237 123 194 200 55 221 6 96 102 90 81 117 144 44 183 153 186 108 114 152 4 136 16 101 131
103 62 47 175 227 85 161 206 29 9 226 164 121 143 171 146 94 84 234 174 162 14 231 93 235 54 2 135 192 208 97 203 115 181 42 22 24 33 172 41 7 104 217 184 72 211 149 32 189 236 123 28 8 147 95 116 126 39 37 200 221 187 12 183 26 158 216 230 113 90 136 119 4 133 55 30 3 188 68 19 6 137 44 102 27 110 105 117 73 78 96 66 21 101 170 129 166 237 233 182
47 103 62 29 206 227 236 14 171 234 147 143 226 104 189 54 94 217 230 24 123 9 126 162 84 2 175 161 121 203 95 158 208 174 33 72 231 90 186 22 135 192 85 200 133 82 235 12 39 16 97 164 129 187 137 26 183 211 38 153 15 102 146 27 21 118 172 87 3 93 75 7 32 170 228 181 114 73 105 237 42 5 96 74 41 136 80 219 110 141 152 232 98 182 115 119 68 151 101 109
108 79 11 237 37 148 115 138 144 32 78 41 66 113 166 130 188 4 184 81 44 30 109 28 8 150 53 88 117 195 98 221 207 169 6 43 172 52 225 77 16 199 121 96 34 116 12 86 3 194 149 176 153 206 196 227 178 124 133 185 49 187 72 211 173 100 126 233 228 156 63 171 19 71 59 193 143 48 190 27 129 137 134 10 192 119 224 170 180 89 210 107 145 142 175 58 141 164 203 201
108 11 138 79 78 148 115 237 150 130 184 195 32 144 28 37 166 169 207 41 3 225 77 117 113 109 4 66 30 185 172 81 8 176 173 233 88 58 121 98 178 44 141 221 6 43 86 59 196 228 199 53 188 5 149 156 219 96 198 51 123 154 76 16 182 116 40 61 227 206 19 224 52 142 34 134 131 100 190 213 12 31 137 48 71 155 21 211 212 1 143 159 167 205 126 175 187 10 124 13
86 153 111 145 218 194 155 132 165 63 180 100 79 11 112 220 66 152 35 31 131 176 170 34 49 223 10 179 210 64 88 70 18 137 53 213 139 156 1 45 120 138 199 96 71 124 163 172 214 185 52 196 167 89 193 20 27 80 224 117 166 192 44 99 207 107 227 209 43 77 116 190 205 184 237 67 134 169 6 201 105 206 188 23 113 216 74 78 28 57 91 51 19 187 76 143 4 140 3 203
11 79 108 66 138 113 148 188 166 44 53 4 88 115 237 6 52 37 176 78 221 28 153 194 34 207 98 77 184 86 172 117 41 63 196 96 43 169 32 49 225 210 100 150 30 3 109 8 16 130 199 165 19 81 218 155 131 10 116 185 144 180 151 149 152 233 178 48 227 133 12 121 170 27 187 124 132 31 190 137 89 80 70 67 145 171 156 220 211 51 112 179 192 120 206 71 224 195 1 18
11 185 207 138 78 79 117 169 115 76 77 51 184 86 156 150 41 121 108 100 28 71 3 66 130 224 30 1 142 213 175 149 58 159 167 123 131 202 225 109 5 98 21 182 8 31 233 208 176 168 194 67 166 195 219 211 190 228 47 62 141 212 227 65 6 43 179 73 178 205 198 59 40 153 44 70 172 113 88 163 164 48 237 97 32 10 64 120 188 126 147 55 112 83 95 116 199 231 154 145
185 11 108 78 202 150 67 159 169 213 123 14 138 59 104 217 147 100 153 64 116 168 172 25 121 130 51 142 131 205 65 62 156 184 77 212 3 157 115 31 76 117 5 207 28 69 137 227 36 111 167 21 208 58 47 122 143 186 195 190 224 237 15 70 223 198 40 96 127 211 175 179 154 71 102 17 158 46 55 126 32 204 110 20 163 206 128 27 92 187 120 112 236 1 165 194 86 79 183 73
78 185 150 138 108 207 121 76 169 195 159 184 51 28 115 175 130 117 11 168 30 202 123 173 79 156 142 100 41 61 228 58 224 213 8 59 198 55 109 208 182 3 104 67 206 62 32 65 5 211 212 178 167 237 233 98 40 141 16 147 154 219 1 172 86 122 64 137 71 47 21 97 116 205 179 225 143 136 66 70 194 14 93 217 31 227 144 10 164 163 87 190 120 166 231 77 9 36 68 84
20 99 60 160 83 75 105 91 215 74 119 101 232 38 124 23 114 96 158 186 116 86 153 172 213 165 64 80 57 111 152 145 218 187 27 89 88 210 49 63 34 223 202 170 18 11 180 201 46 90 199 159 214 36 71 140 110 155 67 204 179 69 112 167 131 176 53 70 25 171 157 138 196 156 56 177 127 120 139 209 65 129 31 107 50 194 1 227 106 230 229 234 43 193 163 168 100 45 205 226
171 206 153 47 227 86 29 103 27 143 137 234 38 236 192 226 237 218 187 80 170 158 145 57 111 189 72 230 186 14 62 12 126 96 172 54 121 133 105 165 90 152 15 147 35 114 75 162 88 123 151 4 129 175 174 18 102 74 216 32 183 23 235 119 81 94 9 6 82 101 210 63 166 78 188 110 125 49 87 115 19 10 131 217 124 215 48 208 232 116 176 138 132 211 53 2 184 44 203 100
103 206 29 62 47 171 226 14 227 33 181 164 2 200 236 161 7 146 203 121 189 9 54 24 22 85 175 39 72 143 234 174 162 95 93 27 183 94 84 97 231 217 135 172 192 147 136 55 229 104 230 187 42 102 90 216 211 208 82 41 15 26 57 68 118 235 129 137 105 149 123 237 133 12 115 32 75 16 119 126 158 116 110 122 8 73 186 81 19 87 198 38 101 210 108 78 153 80 114 30
103 62 47 29 227 206 14 226 104 9 236 85 171 94 175 161 33 143 231 164 24 203 189 7 84 2 146 183 234 54 121 147 22 93 230 174 123 42 135 97 162 181 95 217 39 208 26 235 55 102 211 136 90 172 68 200 41 192 126 118 158 8 110 229 73 57 119 198 21 27 115 105 182 87 129 32 72 116 216 186 137 101 5 122 59 114 133 38 149 120 75 184 12 15 40 30 37 187 170 109
103 47 62 85 29 227 161 9 226 143 206 94 162 171 231 84 175 14 234 164 93 97 146 135 104 33 236 235 189 2 121 7 208 203 174 22 183 147 230 54 42 24 181 123 55 217 172 192 95 26 211 136 41 39 68 90 102 200 110 118 198 105 32 126 8 137 72 158 182 129 119 27 5 116 101 115 149 21 122 187 108 229 81 87 237 59 12 144 133 37 120 73 30 184 186 3 38 15 216 221
47 103 206 29 236 227 62 14 171 143 147 104 54 123 226 230 189 94 234 126 217 9 153 24 203 84 183 174 175 161 192 158 121 162 96 2 231 200 135 33 237 208 137 97 186 211 95 114 85 27 235 26 115 119 39 110 72 102 75 105 38 12 15 5 146 172 42 93 22 116 90 3 215 101 164 41 7 21 87 133 151 73 232 57 32 4 74 229 55 118 221 6 141 225 182 136 68 181 187 86
108 11 237 148 79 32 144 115 41 37 81 138 4 166 130 30 8 150 78 225 113 188 98 195 221 109 3 184 6 172 44 77 96 66 16 28 228 178 206 53 149 43 233 72 227 121 199 173 116 207 88 187 86 211 141 169 219 156 12 124 137 117 13 193 52 27 71 87 48 176 34 201 19 58 196 129 153 5 126 59 133 171 192 210 89 185 234 143 164 154 105 151 182 226 198 203 194 102 213 95
108 11 148 138 144 79 150 32 184 237 78 130 195 28 115 37 169 166 30 207 8 173 3 41 81 233 185 117 66 113 77 4 61 149 156 225 142 176 51 172 71 199 19 121 141 76 137 192 53 206 109 205 88 43 228 221 44 219 1 212 188 213 5 134 6 16 159 143 168 182 98 224 58 227 52 49 72 187 86 67 196 40 64 12 94 167 178 36 204 10 210 34 129 116 194 175 234 154 96 160
86 153 111 218 145 194 180 155 11 66 63 100 35 132 152 18 79 176 170 112 31 165 10 179 1 210 88 49 131 196 34 64 70 156 137 138 220 44 214 80 139 185 199 223 120 227 53 163 213 45 52 237 193 89 167 71 6 4 27 108 77 190 209 113 224 172 206 96 216 43 192 124 184 166 207 201 188 205 148 169 99 3 171 20 143 187 78 51 107 13 76 221 186 140 94 234 134 28 67 225
11 79 108 66 148 113 138 166 188 115 237 4 53 88 207 44 28 86 32 34 37 176 6 194 78 184 221 117 43 98 77 153 52 41 196 150 225 81 169 8 131 144 116 172 19 96 149 3 199 130 63 185 100 30 165 121 233 49 137 109 190 151 155 16 193 31 152 178 180 124 20 72 89 133 213 120 48 10 51 228 195 210 160 76 218 224 107 12 70 223 83 132 192 156 71 67 206 170 27 187
185 108 78 150 159 76 168 202 142 121 207 212 51 211 11 65 67 178 169 64 138 156 41 123 30 184 8 59 237 213 175 195 137 55 117 227 36 28 86 100 172 157 122 228 16 3 40 198 206 61 79 182 62 73 130 167 208 233 224 104 154 217 1 147 5 87 205 126 71 46 136 190 197 115 116 14 153 10 127 102 69 58 32 179 145 97 149 98 192 47 93 141 160 83 231 17 19 173 31 204
11 78 185 138 207 169 79 76 30 115 51 108 8 184 117 149 150 156 41 224 159 28 1 77 213 86 168 121 202 142 100 167 176 71 175 130 237 195 66 43 227 211 64 123 205 55 131 65 212 40 3 208 137 190 58 5 46 199 164 166 134 10 31 228 36 141 61 206 67 109 233 174 172 126 194 44 147 2 32 47 59 182 143 219 135 163 157 112 136 19 220 139 153 198 225 21 178 203 234 173
185 78 138 108 150 76 51 168 159 207 184 195 202 117 28 142 169 79 156 212 115 121 11 65 61 175 40 224 123 1 59 130 206 137 213 122 67 55 126 73 204 100 198 167 8 205 36 237 69 219 228 41 157 190 178 32 136 47 208 30 46 173 64 227 233 71 86 66 3 109 5 125 147 25 62 98 116 127 211 141 143 19 14 225 97 172 87 231 16 197 182 68 102 12 154 93 179 163 10 176
20 60 99 215 83 160 74 91 75 119 124 105 101 23 232 38 114 96 158 186 86 116 172 153 213 165 57 111 64 145 152 180 34 223 89 199 63 46 88 202 18 49 201 131 50 127 36 159 71 218 134 155 176 138 11 67 112 196 100 210 214 31 209 139 80 132 43 45 53 177 25 27 179 157 163 194 170 69 140 167 110 142 156 106 120 168 65 204 35 92 128 1 70 187 107 13 185 205 193 90
7 146 181 164 9 97 161 136 84 231 85 93 174 2 68 226 135 208 175 22 162 33 24 90 235 55 121 94 122 200 234 26 216 227 203 143 29 103 198 189 95 39 54 236 172 183 62 230 14 147 42 47 211 73 57 87 59 229 15 104 217 119 126 41 114 72 192 123 206 110 102 27 75 40 21 105 197 125 153 133 151 96 101 171 118 170 78 116 178 61 12 5 8 232 30 74 182 149 16 137
147 236 62 14 104 103 15 189 217 47 33 29 200 183 230 7 73 2 68 54 123 24 90 172 164 136 174 26 121 227 203 126 84 226 161 175 181 208 9 95 22 235 39 146 162 21 94 211 231 85 42 234 102 93 27 143 97 55 135 57 229 87 5 110 122 125 151 153 111 170 137 158 118 180 198 98 18 48 186 228 58 216 178 182 190 78 171 207 3 133 80 152 38 206 165 35 16 100 116 117
87 172 103 183 200 29 189 236 33 14 90 7 174 62 54 226 24 227 102 9 84 175 164 126 2 203 208 230 135 231 234 73 68 147 162 47 161 22 211 121 97 104 181 235 94 57 136 146 39 85 95 42 26 93 178 143 55 118 151 158 153 27 198 216 186 229 125 217 38 15 110 137 123 21 206 122 30 171 8 75 105 41 12 111 16 114 74 133 120 184 48 131 28 119 96 190 207 98 70 214
200 103 33 54 62 7 29 9 14 181 189 236 84 183 68 2 85 172 175 146 26 161 231 136 162 174 47 226 164 22 97 135 24 208 147 93 203 227 39 90 95 104 235 94 211 230 55 234 42 143 121 15 206 123 73 217 87 102 110 21 118 126 122 171 229 57 216 158 186 198 120 115 41 5 125 153 28 100 207 3 70 58 30 109 117 131 16 137 184 6 8 133 178 59 151 38 27 214 228 98
9 85 231 84 174 161 97 135 175 93 208 235 162 55 7 2 146 94 181 198 164 216 226 68 121 136 24 22 90 143 234 122 227 33 203 26 103 29 200 95 39 47 189 62 59 236 54 230 42 172 183 211 147 14 61 40 123 87 57 126 73 119 217 104 78 15 229 170 125 192 114 21 27 101 110 206 197 118 171 72 41 74 75 158 116 38 133 149 186 19 105 232 5 187 30 12 151 77 8 153
7 85 161 9 97 231 146 181 174 84 135 2 93 175 164 33 136 208 22 68 235 90 162 24 226 55 26 122 216 198 200 121 94 234 29 103 203 143 189 227 183 54 95 62 236 39 230 14 42 172 47 147 229 126 59 73 123 15 57 104 211 72 119 217 21 87 110 125 192 40 61 114 158 38 206 171 197 5 27 182 75 118 116 170 187 186 102 41 120 58 78 133 137 74 129 105 153 214 101 82
195 150 130 173 8 30 41 138 78 37 61 59 115 40 16 109 184 225 149 144 228 211 98 4 198 113 221 28 148 3 141 121 172 108 6 188 32 219 169 191 182 178 55 233 5 44 166 207 58 81 11 117 21 237 123 77 116 122 79 13 95 43 87 102 39 154 93 66 185 73 174 72 22 136 96 146 197 222 97 202 9 231 203 76 212 175 230 208 129 196 181 135 52 85 224 204 118 187 54 126
195 130 150 173 138 30 8 41 37 61 115 16 78 109 59 225 11 184 228 98 149 144 108 148 141 40 219 4 3 113 233 28 169 178 221 182 32 5 77 81 79 207 6 172 188 237 166 58 198 76 117 185 66 211 191 121 21 43 154 44 197 51 160 55 122 87 73 123 199 142 12 13 83 52 116 212 196 72 202 22 1 176 135 69 204 9 231 224 97 88 161 222 159 92 19 136 25 85 167 126
153 86 145 218 111 194 100 35 132 155 112 220 180 10 31 179 49 131 170 223 63 120 34 52 137 163 53 66 139 70 152 214 176 1 18 45 196 167 156 165 43 210 79 88 64 205 199 224 202 185 71 27 51 80 213 134 20 117 207 99 190 19 44 96 60 89 48 28 138 151 67 113 142 107 209 169 128 6 172 15 56 65 186 184 193 126 157 159 124 188 76 201 91 166 62 106 116 104 177 125
153 86 111 145 218 194 100 35 112 31 66 170 131 163 132 120 180 10 49 179 70 223 155 139 220 34 63 167 214 137 79 45 176 224 156 152 88 172 165 53 1 205 78 71 96 20 43 64 52 207 117 80 196 213 27 18 67 121 184 11 28 185 166 57 51 110 124 199 116 187 134 210 19 143 77 227 151 60 99 138 202 91 192 21 198 208 190 48 169 229 183 74 147 217 125 158 104 102 5 119
79 66 138 86 195 194 145 11 130 4 30 225 113 77 111 37 8 150 184 153 41 115 100 98 109 169 188 44 221 88 218 34 112 117 149 28 176 35 172 131 52 173 78 43 166 6 53 196 155 207 199 132 179 16 31 139 49 3 116 223 59 220 70 96 124 10 228 120 211 121 148 202 185 45 198 178 180 60 108 233 134 163 5 19 224 156 21 170 89 71 32 142 210 64 167 213 133 58 61 20
76 185 59 150 61 173 197 184 40 141 169 198 58 51 182 25 21 207 228 122 191 121 78 195 28 69 8 41 138 65 55 204 159 123 117 168 157 108 3 178 202 16 213 11 233 212 130 1 67 216 175 219 87 136 109 104 5 192 92 62 127 60 36 137 225 57 160 142 206 211 98 38 73 125 172 75 77 144 50 30 102 64 214 119 19 186 83 174 208 93 20 224 101 226 105 179 14 230 114 29
195 150 173 130 138 185 61 184 41 40 16 76 51 78 59 30 219 207 169 8 37 141 228 28 225 109 117 182 98 113 197 115 3 191 58 1 198 108 4 144 233 5 160 214 6 224 178 122 11 159 172 156 204 121 142 188 167 25 205 77 123 221 44 60 194 69 179 168 176 73 196 83 148 213 120 32 55 66 52 100 79 65 88 70 222 81 154 21 202 166 212 50 199 43 99 149 86 216 45 13
150 185 76 195 51 61 138 173 197 207 182 130 78 159 169 168 65 228 59 142 40 141 28 191 184 219 8 3 58 213 233 117 225 41 98 202 69 1 157 16 5 25 21 30 123 212 204 198 64 121 178 11 67 160 109 55 83 36 115 122 108 60 46 127 222 156 73 37 104 92 167 224 211 144 154 205 4 87 50 221 99 190 6 32 86 175 172 149 62 81 66 216 148 77 166 194 179 237 79 136
86 153 111 91 23 119 74 145 215 75 232 105 114 101 20 218 38 124 158 99 116 186 96 57 60 194 223 131 31 35 45 25 214 69 132 172 112 64 155 163 65 10 34 180 152 36 159 213 160 157 165 127 46 100 168 179 50 139 88 83 63 204 167 92 120 70 49 199 220 80 202 196 89 216 176 66 110 52 156 67 18 43 224 134 137 13 138 71 53 170 19 210 77 27 185 72 6 90 209 79
195 150 130 173 8 30 41 37 138 16 61 115 225 4 109 59 98 221 78 149 228 113 40 184 3 11 148 188 6 219 141 144 77 182 44 108 233 28 5 169 211 198 32 178 21 172 58 166 79 72 81 121 237 146 66 123 191 95 116 62 212 22 13 39 181 196 142 73 104 174 12 87 42 207 52 33 117 29 202 43 203 24 55 154 103 102 160 9 129 204 175 200 14 83 46 236 97 53 93 54
195 150 130 173 138 8 41 30 78 98 225 37 184 115 61 228 59 3 4 16 109 207 169 28 40 221 6 113 188 121 144 32 117 79 148 141 108 66 219 11 233 172 178 198 51 5 149 58 182 76 44 191 166 185 77 21 211 142 237 52 123 72 81 88 87 175 122 62 194 104 212 154 116 12 168 197 14 202 1 55 187 128 208 73 67 204 29 54 164 231 159 43 13 103 224 97 124 92 48 160
153 86 145 218 194 111 180 10 112 100 35 132 155 63 220 137 49 179 52 18 170 53 66 131 120 34 152 31 139 70 223 88 163 210 165 27 192 214 80 176 196 167 79 19 45 133 113 1 199 206 43 71 156 224 187 44 12 134 171 205 89 6 166 188 20 185 148 96 190 48 64 209 172 151 237 51 81 117 60 124 99 207 227 129 28 138 221 201 98 91 107 116 184 213 50 4 82 169 32 23
153 86 111 145 218 194 35 132 112 100 220 155 180 10 139 179 49 131 63 31 223 170 66 34 137 120 70 152 163 45 165 214 176 64 196 53 52 18 167 67 1 157 88 43 25 210 50 190 80 91 36 96 65 205 213 92 19 27 172 20 185 117 60 74 199 124 44 79 142 202 48 127 159 116 227 69 158 207 128 119 51 23 168 11 224 75 151 134 99 212 232 209 215 156 38 89 204 6 71 57
86 153 145 111 218 194 112 179 155 100 35 132 31 131 70 120 180 223 220 10 139 163 49 214 45 34 66 176 167 88 79 52 53 196 199 1 43 224 170 63 156 205 20 60 91 165 137 152 124 89 71 64 74 134 99 210 18 185 23 27 166 213 113 209 186 201 215 57 117 51 119 192 38 172 80 107 184 138 202 177 75 187 11 28 158 96 105 83 232 50 67 207 190 140 110 169 77 116 128 56
79 66 11 113 37 188 4 194 52 221 53 98 115 44 225 88 148 138 176 6 43 166 109 131 207 41 184 169 30 34 16 28 145 117 100 150 196 195 77 8 130 49 153 218 63 3 149 112 199 120 35 155 180 228 172 139 223 70 32 132 51 144 10 78 179 86 116 60 124 173 165 210 96 1 185 45 31 76 233 178 89 81 108 21 5 121 224 71 133 163 72 160 219 48 141 134 67 152 211 220
185 76 51 169 138 207 117 28 184 1 156 150 224 167 195 205 173 78 130 182 61 59 40 179 71 141 198 191 58 121 21 41 214 233 219 228 65 30 70 8 199 109 166 60 3 197 131 176 5 88 159 213 160 123 178 16 37 98 155 196 225 115 25 168 202 45 34 43 31 69 134 83 99 157 163 100 64 211 204 112 55 120 73 79 172 10 122 222 139 36 52 11 50 142 19 212 111 137 53 208
150 195 138 130 173 169 8 30 207 184 41 78 185 117 28 61 225 59 37 76 98 51 228 115 11 3 233 16 219 141 109 4 40 58 149 182 197 1 198 113 79 178 191 5 166 148 66 121 6 108 123 21 172 32 144 122 188 77 176 88 221 52 43 213 73 142 224 204 190 87 194 44 199 156 205 53 159 168 154 211 137 202 212 160 131 167 65 60 222 67 237 25 86 100 196 104 83 179 34 64
86 153 111 145 218 194 35 132 112 220 10 100 131 179 139 155 49 31 180 70 223 137 66 196 34 176 52 88 214 120 170 63 165 167 163 45 53 152 20 199 1 79 18 156 43 64 91 89 27 205 209 107 224 65 80 19 192 166 119 210 60 71 11 74 134 201 157 75 124 190 138 25 213 23 50 117 67 177 36 185 113 96 202 193 44 106 92 140 99 232 51 172 206 57 215 159 227 69 56 133
86 153 111 145 218 194 132 112 100 35 155 31 34 49 179 10 180 220 70 214 131 120 176 63 1 45 223 139 88 163 66 52 196 167 170 156 53 152 79 165 43 205 224 20 199 99 60 18 64 213 185 89 71 137 210 80 91 134 117 113 138 44 124 67 27 207 74 172 83 11 166 28 96 209 50 23 51 19 75 190 201 36 215 202 159 119 160 127 77 232 105 157 188 193 101 116 184 25 69 142
194 145 66 153 218 86 79 111 52 53 180 131 35 49 100 88 113 188 112 207 44 34 132 28 4 139 176 63 6 10 117 220 169 98 196 11 43 221 225 155 138 184 179 37 223 70 31 51 166 1 137 120 45 185 115 170 165 76 89 152 109 30 199 148 167 67 210 163 214 116 224 19 8 205 124 16 78 3 91 92 150 41 172 64 216 134 80 190 18 156 71 133 160 48 83 60 142 50 130 202
86 153 111 145 218 194 112 155 179 100 31 70 35 132 10 180 131 120 214 220 34 139 45 49 88 52 223 66 176 167 163 91 156 1 196 20 99 23 137 224 60 79 43 63 199 124 170 205 74 53 152 71 185 119 64 232 215 165 113 75 57 38 186 105 89 207 213 172 25 134 18 6 117 51 169 166 28 65 4 101 114 44 158 188 76 27 98 77 159 67 209 116 210 192 80 96 187 83 69 184
26 189 77 15 110 183 54 33 200 229 90 125 42 230 7 122 48 47 208 102 68 126 9 57 62 151 96 14 111 146 73 118 181 29 136 97 119 84 231 103 95 13 93 128 19 214 35 175 216 153 114 186 147 22 123 135 85 174 104 236 170 215 39 124 162 116 227 75 164 121 101 226 74 163 137 115 190 27 105 120 53 235 21 192 80 155 172 158 218 11 198 143 6 59 161 188 17 225 234 203
152 210 18 63 180 165 80 194 170 218 145 12 192 19 137 27 153 133 129 206 187 56 171 106 107 201 89 140 81 177 82 193 111 209 112 35 237 179 10 86 148 155 100 66 49 32 53 120 52 220 34 126 132 87 151 17 125 214 31 48 139 131 190 1 128 178 70 118 50 115 88 144 16 5 223 176 228 98 60 45 108 172 20 167 219 147 141 72 92 73 154 28 185 123 196 69 160 233 205 224
210 18 152 165 63 80 180 170 12 192 27 19 194 137 133 218 145 206 129 187 153 81 171 201 237 82 107 56 106 89 140 148 177 193 209 32 10 112 179 35 118 52 155 87 66 100 86 53 49 108 144 48 151 111 126 178 72 34 131 190 125 139 132 1 60 115 220 214 120 20 17 31 16 88 98 128 71 73 228 167 172 123 196 223 54 28 50 176 219 205 189 147 5 104 141 207 156 163 70 96
