349 27 73 276 315 40 227 51 395 209 325 39 335 339 382 291 108 69 199 212 133 190 201 82 261 228 34 60 236 55 416 198 322 32 99 122 195 404 310 16 358 283 152 365 142 337 78 29 356 247 12 222 260 171 243 188 259 296 202 193 175 367 304 53 285 420 350 3 95 237 366 206 174 423 57 149 47 321 140 44 381 233 102 400 128 234 287 318 119 24 37 191 378 123 127 415 30 54 1 19
305 85 377 185 215 41 346 137 68 220 368 421 324 120 70 121 333 244 360 165 33 255 131 238 111 219 380 274 176 235 10 89 138 167 422 160 164 405 197 275 157 178 401 83 210 379 292 424 359 11 224 369 248 200 407 314 168 370 389 144 66 362 92 130 21 170 288 262 264 229 277 281 6 357 143 139 330 113 361 151 258 286 271 74 88 253 36 28 181 63 49 371 336 58 203 293 75 402 284 323
276 212 40 228 78 325 283 195 416 73 349 128 122 27 99 201 222 16 395 404 1 198 335 51 367 55 60 69 382 190 133 3 339 108 82 393 39 259 193 291 310 315 30 32 236 322 420 304 233 299 177 356 358 34 171 209 152 174 199 287 296 340 227 150 149 423 234 337 311 365 57 142 260 237 261 29 12 135 106 188 397 415 326 378 148 407 54 182 146 191 102 19 403 21 104 247 373 172 211 285
267 114 376 100 179 50 246 408 65 105 153 309 387 221 187 183 383 413 79 351 254 419 347 273 136 62 13 80 159 303 196 344 117 64 46 207 249 226 98 211 338 266 307 112 128 90 162 4 385 146 194 23 319 282 182 223 48 2 306 44 308 412 342 135 173 31 396 384 175 353 171 343 213 42 240 233 26 129 116 355 72 52 269 186 124 99 51 298 389 73 145 289 409 301 177 372 208 391 20 7
113 407 253 92 224 288 168 394 165 164 321 18 56 8 422 28 293 95 380 318 202 176 126 218 280 123 33 381 238 140 91 121 268 390 245 366 250 63 361 294 406 19 47 333 119 166 78 257 357 37 169 296 45 272 415 14 403 283 193 131 205 137 58 372 286 326 185 320 5 220 405 61 127 68 41 89 274 379 305 401 295 102 215 368 10 373 255 360 329 420 377 160 200 314 281 346 285 324 75 362
19 415 403 397 390 5 268 15 126 218 293 381 320 123 8 245 47 394 53 280 91 119 272 28 166 257 285 14 406 321 318 37 95 329 127 45 294 18 253 339 227 113 92 209 366 60 39 395 291 55 382 198 69 202 322 236 335 82 261 224 195 288 404 407 193 190 276 149 310 152 237 188 133 325 122 108 56 40 201 228 142 34 150 358 3 365 212 78 32 51 164 168 400 102 99 420 356 29 378 337
63 357 58 169 392 295 25 286 180 361 217 101 316 345 132 348 84 22 56 205 75 165 289 410 225 118 86 263 147 354 327 76 375 288 124 407 103 113 320 218 184 129 204 59 33 268 28 109 17 8 160 156 370 274 279 10 293 238 314 406 390 294 255 319 145 137 45 271 89 185 131 399 377 281 85 41 262 253 305 363 68 333 61 360 380 342 215 49 242 143 127 110 74 272 329 151 19 181 71 421
97 332 181 323 49 74 402 36 94 373 241 362 229 264 203 178 75 248 263 191 200 21 146 150 423 401 205 234 204 83 379 174 57 359 326 11 378 345 283 405 188 149 197 70 157 30 368 411 324 111 144 143 244 421 219 255 220 68 275 260 258 170 78 284 360 76 312 235 271 374 167 215 120 122 346 88 358 404 12 137 268 138 277 61 394 156 370 148 296 102 152 236 361 41 237 185 395 87 336 261
78 283 212 40 228 416 276 325 195 178 203 248 1 264 324 74 21 11 83 275 70 421 379 200 120 229 197 346 368 137 68 362 41 219 185 220 332 405 244 359 360 235 373 401 215 255 75 167 241 57 157 138 111 85 191 377 181 94 299 177 49 402 323 97 204 30 411 36 367 393 99 263 420 305 296 115 326 423 61 150 205 149 333 304 92 146 211 234 378 121 164 144 311 380 238 3 174 259 370 260
3 367 237 287 149 420 278 106 423 216 304 30 57 174 150 234 340 191 259 186 195 228 16 212 40 1 325 276 393 283 416 372 55 177 78 201 299 69 171 326 339 261 311 122 404 199 356 141 152 115 182 395 60 366 337 227 108 193 382 417 260 291 211 358 310 365 32 188 236 51 322 296 133 203 335 247 29 209 148 99 349 190 12 39 198 285 245 82 381 34 18 202 73 378 95 47 233 308 27 221
128 104 148 172 173 290 307 213 400 385 299 350 102 77 192 54 206 196 7 319 386 228 399 249 1 177 59 86 279 416 154 99 110 327 146 354 103 375 17 242 325 118 141 410 147 348 115 122 211 417 418 212 311 24 393 189 339 363 243 309 38 276 26 199 78 387 195 337 51 225 390 105 247 153 322 65 201 218 109 404 82 198 205 351 73 356 388 237 268 395 335 132 40 69 355 423 133 142 283 291
173 307 385 213 7 243 128 99 355 46 31 135 208 351 62 313 413 199 383 172 388 104 141 339 51 64 290 311 122 269 247 148 337 412 69 417 404 77 395 276 187 350 310 55 393 221 1 102 54 198 196 182 356 384 322 142 237 240 206 201 60 3 222 42 325 335 61 299 287 16 400 358 82 34 32 177 291 189 30 115 73 396 228 367 183 190 108 57 268 227 349 382 133 209 44 20 318 52 260 340
331 391 265 125 67 269 239 72 134 352 116 413 93 35 364 383 282 183 4 163 48 96 297 214 9 155 230 43 231 194 353 187 256 26 42 90 414 300 341 398 328 223 71 301 81 2 342 136 306 145 161 232 251 343 62 38 385 344 338 307 313 266 107 311 242 351 154 64 46 7 101 207 31 135 110 254 22 217 208 252 172 206 386 225 76 189 411 247 80 98 124 54 24 363 103 199 302 153 393 213
403 19 390 415 5 397 268 15 218 126 320 293 381 8 245 123 47 394 280 28 91 149 166 407 53 272 146 113 288 318 285 92 119 224 143 78 291 395 253 339 56 321 257 60 294 39 55 195 335 18 188 164 69 237 262 406 150 212 122 227 322 133 423 277 37 326 201 378 61 152 382 404 95 271 198 296 276 209 191 283 40 168 82 236 14 281 310 325 422 202 337 366 131 261 29 151 30 314 193 3
51 199 27 349 395 55 69 201 133 335 291 247 227 122 261 365 339 337 315 404 322 82 209 73 29 198 39 34 310 190 108 382 32 358 276 60 142 149 237 236 423 304 325 99 420 287 152 350 3 356 150 188 195 174 318 57 416 400 228 54 12 40 171 278 191 397 366 260 102 367 259 378 234 30 95 212 16 268 206 128 172 104 148 202 113 290 141 326 399 222 18 415 390 59 115 243 417 126 340 119
31 355 313 351 385 135 208 62 46 307 173 7 64 213 383 182 413 183 412 187 44 222 384 243 145 232 396 269 221 266 342 71 20 388 239 328 337 247 199 251 391 107 99 252 67 265 26 339 311 42 302 12 61 282 125 128 367 341 175 52 51 276 72 290 179 172 9 23 240 230 153 29 365 146 30 356 287 226 134 73 214 69 148 112 57 116 3 331 395 309 105 24 188 129 335 141 376 203 315 378
381 47 123 245 91 293 119 257 53 37 8 127 329 45 285 14 280 272 166 406 28 19 294 415 95 126 268 253 321 397 394 193 390 202 18 403 366 318 218 320 5 92 113 140 15 164 291 335 227 56 39 60 407 236 288 69 250 382 224 209 201 322 168 40 133 3 82 395 420 358 152 55 190 198 310 367 122 261 304 233 276 149 195 108 339 188 422 278 325 237 404 34 228 212 32 287 283 12 102 57
259 171 16 21 248 200 203 186 401 178 264 229 372 57 74 191 362 275 61 181 11 323 283 30 420 373 197 367 332 234 423 149 379 49 340 146 150 360 78 106 205 36 75 182 97 219 138 416 233 174 241 83 41 137 94 255 111 140 359 228 421 216 204 135 144 278 157 402 304 336 215 68 185 121 40 296 324 92 212 235 405 377 167 165 258 346 73 3 330 117 412 333 221 237 85 287 120 407 361 202
51 27 199 349 73 395 227 201 335 69 291 339 133 209 55 315 39 261 322 82 337 108 247 34 382 190 122 404 198 310 32 60 420 350 358 236 304 365 237 318 95 259 400 366 57 99 152 202 356 423 142 29 276 3 16 195 149 119 12 206 54 367 278 102 287 91 113 325 228 191 59 381 363 18 47 188 37 40 123 24 148 250 243 115 260 127 321 397 407 253 193 171 399 257 222 126 329 245 53 189
276 40 212 349 228 73 325 27 195 416 283 78 122 395 201 382 190 291 198 227 133 60 69 108 82 335 39 404 55 339 236 51 209 32 310 34 222 358 322 152 315 128 193 199 16 261 99 285 142 296 337 356 397 1 149 3 365 29 423 174 233 202 53 367 415 260 12 304 150 188 19 177 299 259 293 171 393 403 287 102 30 237 420 5 234 366 47 247 381 350 268 123 126 18 15 311 191 166 92 95
223 80 338 98 161 2 90 48 254 214 230 136 207 306 343 344 67 256 398 265 81 391 93 96 125 353 297 239 163 352 35 43 9 155 364 301 414 331 269 231 300 134 116 282 183 72 79 273 419 383 303 4 347 413 159 114 213 267 7 13 226 62 196 31 42 124 385 46 145 26 355 342 100 187 117 412 194 175 162 173 307 112 351 135 387 384 208 388 22 266 153 396 171 64 298 179 389 139 376 225
233 308 140 250 193 202 366 372 18 211 285 95 186 321 318 253 177 299 117 53 393 1 115 92 245 259 196 47 37 192 13 381 126 141 228 417 325 91 311 148 122 394 119 257 367 329 164 236 123 171 20 294 407 108 16 396 420 127 113 60 315 349 212 195 27 261 3 201 104 152 69 166 404 304 382 28 175 335 237 190 209 159 358 339 40 395 280 310 172 384 45 272 44 73 82 32 77 198 293 322
129 289 409 23 162 52 240 217 112 180 101 392 25 388 124 132 412 295 316 58 357 63 342 348 22 145 286 84 266 328 345 169 410 71 208 147 354 251 103 361 375 76 86 118 341 225 327 62 184 46 107 329 56 59 205 372 288 127 355 61 311 182 189 417 206 75 140 14 302 399 232 45 363 221 350 252 77 31 17 154 148 418 173 202 230 294 320 242 204 135 115 24 183 37 38 110 406 30 318 179
213 173 307 385 243 7 199 99 51 339 247 355 337 31 46 135 313 62 128 315 172 388 196 69 290 351 148 335 64 209 396 226 104 201 383 175 349 55 141 73 350 208 365 206 261 27 395 404 29 311 122 133 310 322 291 384 183 108 39 393 413 187 54 60 222 3 16 44 417 358 32 227 102 34 198 20 325 367 82 400 77 356 38 287 192 299 382 237 190 142 177 259 236 115 1 12 269 24 412 242
289 129 409 23 162 217 25 101 180 52 392 240 112 58 316 63 132 295 357 124 388 412 348 286 342 22 169 84 145 354 410 103 328 345 266 118 147 71 86 327 375 225 208 251 76 184 341 361 56 24 107 62 59 46 418 127 17 399 363 110 242 205 38 329 154 189 311 232 206 417 350 75 279 320 182 45 355 302 156 148 77 37 386 252 115 14 372 319 61 294 65 221 173 420 140 406 351 31 135 204
235 219 275 197 157 83 137 379 421 11 215 359 401 41 185 377 85 220 368 70 324 346 68 120 111 360 255 405 305 167 244 138 178 200 21 248 165 121 229 333 131 238 362 264 89 203 380 74 296 33 176 274 10 422 144 277 36 160 370 181 143 170 49 407 78 164 314 323 92 224 151 332 168 271 424 336 94 241 205 281 283 402 330 258 75 262 373 139 369 260 191 61 326 292 88 97 288 28 378 210
377 85 41 185 215 220 324 70 368 346 137 68 421 120 244 219 235 360 255 305 197 111 275 157 405 167 83 379 11 138 359 401 178 121 333 33 131 248 238 380 200 165 274 10 89 21 264 160 176 229 424 362 170 370 210 74 281 292 144 314 369 203 277 139 258 66 181 336 422 75 130 332 164 205 143 330 6 36 262 296 389 402 151 49 94 241 373 271 88 323 284 78 224 97 374 87 317 345 361 407
196 226 213 243 303 396 175 273 79 347 419 173 64 384 20 13 44 307 128 117 159 385 222 7 104 73 211 290 192 315 172 51 355 148 349 199 27 62 46 308 99 351 31 16 393 80 299 247 339 177 1 388 135 186 208 259 313 325 414 412 267 344 287 114 100 209 29 108 404 276 337 82 335 122 171 201 26 291 77 365 298 32 39 310 408 395 322 90 261 382 142 417 256 300 69 50 140 60 3 182
354 86 118 410 147 225 327 375 103 279 124 59 17 110 363 154 386 115 418 24 25 242 399 38 348 319 295 357 189 63 350 417 286 217 109 206 392 77 58 84 101 148 180 249 316 400 76 299 311 342 345 289 192 177 132 141 329 54 22 184 169 102 361 328 1 145 129 37 127 266 56 23 420 211 205 393 128 45 112 52 257 57 156 294 320 341 14 409 283 104 140 388 406 165 372 407 65 71 204 91
265 67 125 239 391 331 269 48 223 214 352 134 183 35 93 364 72 230 90 2 161 353 254 98 96 297 9 282 383 163 155 116 338 80 81 306 43 343 231 413 136 344 256 398 207 300 414 301 187 4 342 179 145 42 26 64 62 71 351 376 194 307 31 328 313 412 153 180 114 105 100 232 7 22 385 129 249 225 208 309 23 46 289 266 319 135 246 384 251 303 316 173 101 387 213 355 182 267 408 273
19 415 403 397 390 5 15 268 126 293 218 381 123 8 245 47 320 280 394 91 28 119 53 272 257 166 406 285 14 37 321 318 95 294 45 253 329 113 127 18 92 39 291 395 209 60 227 69 202 339 322 335 288 224 407 201 195 382 236 366 55 164 193 133 82 276 404 152 261 56 168 40 122 190 198 108 310 237 149 212 188 325 142 358 337 150 78 3 34 102 51 29 228 283 365 32 296 304 420 12
213 243 173 307 385 7 355 51 31 388 135 313 199 196 62 46 99 351 73 128 208 112 175 247 396 339 226 315 240 383 64 337 183 27 412 413 349 347 187 221 52 182 26 162 266 282 29 365 133 44 104 384 261 290 172 237 148 350 116 269 291 391 42 287 335 80 171 16 3 124 90 69 206 273 146 20 201 222 356 79 48 395 259 122 322 149 57 55 230 82 4 387 65 72 311 54 114 414 209 409
113 407 165 143 277 314 131 271 89 33 281 380 238 121 146 288 10 370 262 160 224 176 274 333 255 151 92 139 164 168 422 369 111 253 361 137 305 389 379 324 215 63 360 229 178 424 292 181 405 220 218 394 421 185 210 377 41 368 323 197 83 275 357 70 346 75 359 85 157 219 11 74 330 6 401 68 362 235 120 49 78 248 205 61 56 200 66 403 130 169 21 5 373 264 268 167 390 144 28 97
217 101 22 316 132 348 180 169 392 58 286 357 25 63 289 295 129 361 345 409 23 84 124 221 145 56 76 225 266 342 103 162 205 147 327 110 17 75 412 354 399 71 375 341 184 410 154 328 279 59 52 418 189 363 38 86 105 319 153 269 109 165 251 112 118 242 182 146 386 24 187 311 65 263 240 107 391 400 265 249 413 246 134 309 206 204 61 115 282 128 408 183 387 125 50 179 239 135 156 181
345 76 84 205 263 184 204 75 156 295 341 107 251 71 252 302 328 232 342 145 361 169 63 357 101 74 362 286 266 373 58 241 217 332 181 97 323 229 264 94 49 178 354 392 402 203 103 36 206 244 279 180 248 147 411 289 38 110 242 225 154 17 25 24 189 109 200 316 59 418 399 410 375 363 124 118 327 350 68 417 77 70 86 319 56 191 324 21 326 421 87 120 359 115 386 54 30 57 379 165
153 309 105 387 65 408 246 50 100 114 267 376 179 187 183 383 221 413 26 269 282 146 194 311 351 4 396 307 141 148 385 279 72 319 128 315 110 175 116 38 367 44 101 199 134 313 384 230 154 42 136 171 173 99 77 247 339 73 51 344 364 349 325 64 3 417 43 172 62 355 69 35 299 23 393 182 104 342 217 155 391 266 213 81 1 177 12 335 24 231 90 337 103 9 135 249 418 52 353 301
342 145 328 71 341 251 107 232 302 252 266 184 156 76 84 124 412 295 345 204 289 182 351 129 217 205 22 180 101 225 132 316 313 208 147 62 46 162 23 31 263 392 75 327 135 286 354 58 25 348 103 410 265 242 409 355 239 118 52 357 169 63 67 391 154 375 38 86 418 24 221 311 363 187 413 361 183 206 64 134 352 125 307 269 386 189 77 110 231 230 112 319 279 417 399 240 173 372 17 136
391 269 331 72 125 67 265 239 134 116 352 282 35 93 364 4 413 194 214 48 163 297 353 155 183 96 383 230 43 9 26 42 231 256 187 90 300 414 398 81 301 306 344 136 2 343 161 223 207 254 38 338 154 110 246 153 387 418 408 80 50 341 98 105 242 279 103 266 189 328 71 24 65 22 309 311 399 342 7 145 17 363 386 172 319 206 109 101 313 221 385 51 327 225 76 62 307 107 217 100
403 19 390 415 5 268 397 15 218 126 320 293 381 8 245 123 394 47 280 28 407 91 113 272 149 288 166 318 92 119 253 339 224 406 56 78 291 378 188 146 143 53 18 152 257 335 285 61 294 296 321 39 395 60 14 322 168 164 326 82 133 57 283 404 37 337 227 198 209 356 199 150 69 237 191 261 195 55 236 122 382 260 262 277 201 423 379 202 310 365 271 29 190 422 212 142 30 40 83 95
195 40 367 3 237 228 287 212 276 325 283 78 149 420 278 423 416 106 304 57 259 216 150 340 191 99 174 234 30 397 186 55 339 15 291 201 1 60 404 73 261 337 122 198 199 322 395 177 69 227 372 382 365 133 29 82 358 39 222 335 32 47 310 190 349 16 108 299 247 318 415 27 366 171 95 209 202 5 34 381 285 393 142 19 188 115 356 326 245 293 12 403 182 119 126 51 236 18 394 253
275 379 157 11 197 83 359 235 219 401 421 137 215 185 41 70 85 220 377 368 324 200 21 178 346 68 248 120 111 255 405 360 167 138 229 244 362 74 264 49 181 203 305 36 241 144 323 165 332 94 170 296 402 373 97 121 258 75 205 333 380 260 238 370 326 191 277 263 330 336 314 78 131 407 89 143 378 33 176 10 151 61 271 283 274 160 164 284 139 88 57 92 281 422 152 424 374 345 146 113
265 67 239 125 391 331 269 214 134 183 352 223 48 35 72 93 364 230 282 413 116 353 383 297 163 43 2 155 9 81 90 231 136 187 161 343 254 306 96 301 344 256 98 398 338 80 207 4 145 342 71 300 194 22 414 341 328 266 23 179 180 42 26 251 101 132 7 316 129 351 105 217 232 62 153 208 289 409 225 52 286 307 31 313 376 64 387 65 392 182 408 309 323 107 385 412 84 221 252 311
51 349 27 199 395 335 227 69 201 190 55 34 291 209 39 73 108 261 82 382 404 339 315 310 322 133 122 32 198 358 236 337 60 304 247 152 202 142 91 365 276 119 420 366 356 318 260 188 193 29 123 195 350 12 99 325 57 250 140 47 416 37 95 257 278 293 381 228 245 296 3 40 285 53 18 222 128 400 367 378 423 102 149 174 16 30 206 19 234 268 127 329 397 415 14 54 59 243 113 45
97 323 49 36 94 332 181 373 402 74 241 362 229 264 203 178 75 248 263 191 200 21 146 205 150 234 204 57 423 401 379 174 83 359 149 11 405 411 326 345 70 30 283 157 378 324 111 143 220 421 197 61 368 219 255 144 215 284 188 78 120 68 170 244 167 271 374 275 131 346 277 185 235 156 360 122 41 137 260 26 151 258 370 334 336 394 261 139 88 268 296 281 317 330 126 158 407 198 76 237
19 415 403 397 390 5 15 268 293 381 126 218 123 47 245 8 320 280 91 28 119 53 394 166 257 285 272 406 14 37 294 291 253 39 113 329 45 95 227 195 321 407 335 60 318 395 127 322 382 92 209 69 201 55 18 40 339 133 288 82 149 198 224 152 404 366 193 276 164 190 236 261 122 310 202 283 78 56 142 337 168 228 29 150 296 365 188 99 358 237 108 34 212 325 304 32 102 423 51 356
51 199 243 213 247 337 339 315 99 349 73 27 173 29 307 133 261 365 335 385 388 196 69 201 226 55 395 175 291 355 209 396 39 16 7 171 322 313 227 31 259 112 64 128 384 44 148 350 237 222 172 404 12 135 383 122 46 318 60 290 57 240 351 62 54 423 104 34 195 3 304 206 20 250 283 287 82 325 52 183 400 26 140 356 149 407 236 186 152 102 420 78 142 190 310 381 276 367 208 378
118 410 147 354 225 375 86 327 103 63 357 25 124 348 295 279 392 58 17 286 59 115 180 217 417 77 363 84 399 316 386 169 110 109 242 192 101 319 418 24 132 289 345 154 206 211 350 56 189 38 361 148 249 129 294 76 329 299 22 141 308 54 184 311 127 45 400 205 140 177 75 320 102 393 1 372 406 37 128 257 162 342 250 204 104 156 145 288 272 52 112 253 14 166 328 119 113 245 266 416
157 275 235 379 197 83 219 11 359 401 421 137 215 41 185 368 220 70 85 324 377 346 68 120 111 255 360 405 244 167 178 138 200 305 21 248 229 264 333 74 362 165 121 203 181 238 170 89 10 144 241 160 296 380 274 131 36 49 277 323 143 332 424 260 402 94 370 271 258 314 336 373 139 330 281 151 33 326 176 378 369 374 292 88 97 75 78 210 164 262 130 66 205 6 317 389 334 407 422 61
381 123 245 47 91 293 119 257 37 53 8 45 127 329 285 280 14 28 272 166 406 19 294 415 268 253 126 397 95 390 403 394 321 193 218 202 18 113 92 320 5 164 366 407 15 318 224 291 288 56 335 140 168 250 227 39 69 422 133 60 236 209 395 322 382 201 152 283 82 176 149 296 40 195 121 420 339 55 261 57 423 188 337 190 122 198 358 108 78 310 298 27 380 199 304 325 404 3 102 259
143 281 271 151 277 139 314 66 130 146 6 370 369 389 330 262 317 210 424 292 374 371 10 160 131 89 401 274 87 229 157 111 200 334 61 362 255 235 36 178 83 421 323 379 359 405 49 197 368 264 203 21 74 219 181 220 360 215 332 94 137 402 144 275 411 167 121 185 205 324 70 11 41 75 346 97 170 336 68 248 241 263 191 138 85 305 238 88 120 158 333 377 78 258 165 312 270 373 149 244
25 392 357 63 58 180 286 169 217 295 101 316 132 361 348 289 22 129 84 225 410 118 345 147 375 124 56 354 86 327 103 165 205 75 162 23 409 76 288 184 145 342 279 17 59 407 263 305 71 320 210 33 110 333 207 113 372 294 363 341 109 121 424 319 251 45 377 77 399 52 266 160 329 292 89 131 343 412 386 185 10 328 274 417 253 380 85 223 242 186 308 137 238 41 281 65 112 105 204 418
67 265 125 239 391 331 269 352 35 93 134 48 183 364 72 163 223 353 383 214 297 413 116 96 9 43 155 230 90 187 231 282 2 256 81 161 343 398 301 306 344 136 254 300 207 98 338 4 80 414 145 342 194 328 387 22 153 351 42 7 179 71 286 62 341 64 26 232 101 307 225 385 279 105 208 251 180 309 252 65 50 313 319 376 266 408 249 302 316 107 100 23 38 327 246 129 311 31 46 217
354 86 410 118 225 327 147 103 375 279 17 319 109 363 418 110 38 154 399 59 249 242 189 24 386 124 206 25 350 115 400 54 63 295 348 357 58 286 84 392 102 77 417 217 148 316 180 345 289 184 169 101 132 22 342 145 76 129 192 311 127 71 104 328 65 153 141 309 329 387 341 361 156 105 56 172 162 187 107 45 251 205 299 266 290 37 75 183 23 294 50 320 313 14 257 406 204 1 269 134
85 185 377 41 215 220 368 70 324 346 421 137 68 120 244 219 235 360 111 255 197 305 157 275 405 379 83 11 359 167 401 138 178 121 333 131 248 200 33 238 21 274 165 380 229 362 264 10 89 160 170 176 36 74 144 370 49 314 277 181 402 203 281 143 424 323 332 94 258 330 210 292 139 151 271 336 205 241 97 88 75 422 66 369 6 130 164 262 326 284 296 374 78 373 263 317 389 158 224 270
105 309 65 153 387 246 408 50 100 114 267 376 179 187 183 221 383 413 319 279 38 110 103 154 351 77 141 311 249 342 148 418 363 282 115 101 399 417 307 24 327 375 289 269 17 173 299 129 145 295 4 242 225 23 206 189 26 328 205 104 217 410 147 59 194 62 350 385 184 90 76 109 354 162 86 72 146 266 116 393 42 118 199 45 316 254 171 367 396 177 353 1 230 128 344 73 386 134 339 182
355 31 135 313 208 46 62 351 307 173 7 412 182 385 213 64 243 20 44 384 222 388 396 266 78 183 303 146 347 383 342 336 273 175 61 21 128 200 413 283 346 112 145 221 197 275 203 170 158 23 52 144 270 97 220 73 337 339 226 368 232 30 247 360 298 409 401 68 229 277 138 371 99 57 167 240 264 302 199 157 120 379 248 162 402 49 129 252 171 311 11 324 269 369 143 328 323 136 276 111
379 157 359 83 11 275 197 235 219 401 421 137 215 70 185 41 324 368 220 200 21 85 68 377 346 178 255 111 248 405 120 167 360 244 229 138 74 181 362 264 241 203 323 49 305 373 94 332 36 144 170 260 402 75 258 296 378 97 205 165 333 271 143 326 277 370 330 121 263 191 57 139 151 152 283 78 345 188 314 61 238 236 336 281 160 374 356 284 10 76 411 380 424 88 407 89 34 262 204 310
113 407 253 92 224 288 168 394 18 321 165 164 8 380 422 293 28 202 318 176 33 95 381 238 366 91 250 126 218 123 56 193 245 140 280 119 19 390 415 361 268 121 294 47 63 372 257 78 333 131 296 61 403 137 357 233 406 314 212 166 37 320 10 195 169 274 143 305 281 277 285 283 89 14 45 272 41 151 205 312 5 200 255 160 370 373 262 377 228 139 286 345 326 185 324 325 271 68 420 369
25 392 357 63 58 180 286 217 169 295 101 316 132 289 22 348 129 225 361 124 410 147 118 354 84 375 103 327 86 345 56 23 162 409 184 205 75 145 279 76 17 342 165 110 109 319 363 399 59 242 251 341 386 38 71 412 263 418 156 328 45 189 105 24 207 294 154 204 417 249 115 81 221 329 343 77 127 320 266 65 107 136 223 288 153 52 186 308 372 301 252 98 387 305 112 408 183 411 309 50
76 345 84 205 184 263 204 156 75 341 107 295 71 251 252 302 328 232 145 342 361 266 169 63 362 74 357 373 58 286 94 332 101 217 181 241 97 323 49 229 264 36 103 354 203 206 147 392 178 402 110 279 109 24 242 410 118 17 418 124 180 399 154 375 289 38 189 350 248 59 244 70 86 363 386 316 327 22 225 25 411 56 326 21 54 200 191 400 115 412 379 319 359 68 324 146 11 417 421 83
276 40 212 228 325 416 349 195 73 283 78 27 128 395 122 201 198 55 190 404 60 99 382 51 310 69 199 82 34 32 322 339 222 358 335 291 133 227 39 108 356 236 209 142 152 299 420 315 177 367 3 261 1 260 16 304 337 149 393 193 30 259 287 365 150 102 237 12 234 148 54 171 423 174 188 191 57 311 247 141 350 104 296 400 115 290 378 206 19 340 29 415 233 172 77 326 189 192 399 285
121 333 33 131 238 164 89 176 380 165 422 274 8 293 407 10 390 160 305 218 28 113 403 5 268 143 262 394 126 146 280 19 224 15 415 424 381 292 210 245 277 314 288 397 320 369 92 168 389 271 253 111 123 47 151 281 370 294 78 139 360 255 56 137 368 166 283 220 405 324 215 371 326 197 285 235 275 377 296 200 361 421 229 85 401 144 83 346 61 68 167 406 379 248 178 157 185 138 91 70
51 199 349 27 73 315 247 339 335 201 69 337 55 227 395 261 209 133 291 39 99 34 404 365 310 190 122 82 108 322 243 32 304 236 29 382 325 356 198 237 358 420 195 350 152 259 60 16 12 148 378 57 260 381 95 91 3 245 188 278 142 47 149 172 171 128 250 290 202 366 276 102 268 367 396 423 175 287 213 400 293 318 206 54 222 186 397 119 140 226 416 308 191 228 193 283 37 326 53 407
405 167 360 255 41 185 111 421 215 68 324 85 137 70 377 120 346 244 220 368 219 305 138 235 83 157 197 379 178 359 11 275 401 87 248 200 264 229 121 362 333 170 374 411 181 317 6 74 139 88 281 330 370 323 284 424 143 277 10 258 75 66 314 160 165 21 89 33 131 402 292 241 130 210 373 336 332 271 49 334 326 78 380 298 94 97 270 144 369 205 238 274 158 263 378 151 262 36 203 345
153 309 105 246 408 65 50 387 100 114 267 376 179 187 221 183 383 413 269 282 351 311 72 141 26 134 101 307 396 148 319 279 194 417 110 81 239 77 4 230 38 254 136 42 146 315 116 231 99 173 171 344 214 385 155 384 182 367 391 266 154 51 43 107 249 199 399 206 313 64 208 115 24 44 62 73 3 128 349 364 350 175 9 104 251 418 247 23 90 341 103 35 265 71 301 352 125 145 184 54
143 271 281 151 277 139 314 146 66 130 262 6 370 330 369 389 317 292 424 210 371 374 10 160 89 131 61 87 401 274 334 157 200 235 362 229 49 83 111 360 178 405 255 36 379 411 167 323 359 220 332 88 94 170 421 203 74 368 137 402 264 144 21 181 197 215 121 219 138 333 324 97 70 275 158 11 238 248 336 312 305 185 320 268 258 68 191 346 205 378 390 326 78 41 241 149 284 126 165 263
385 173 307 213 7 413 383 187 183 269 99 243 31 355 388 172 135 128 313 290 199 46 62 51 351 247 104 208 337 64 148 196 396 237 26 339 240 29 54 391 112 365 287 311 61 384 282 42 175 226 72 73 221 141 350 69 52 356 44 55 404 3 122 239 265 125 134 367 393 400 102 12 206 9 116 38 67 412 57 162 322 378 82 201 194 106 358 349 177 198 30 387 158 222 340 1 146 335 315 423
217 289 101 180 129 25 316 392 132 58 348 63 357 169 22 409 23 286 295 124 162 84 52 112 342 145 410 327 147 361 240 345 412 103 266 225 354 375 118 328 388 86 71 56 76 17 279 110 59 399 251 62 363 341 205 184 418 319 46 187 107 154 208 311 24 38 221 242 386 189 105 75 417 153 329 351 65 249 387 77 413 45 109 232 183 156 307 182 383 302 252 313 239 400 269 115 127 204 146 206
72 269 134 116 391 331 67 282 125 239 265 352 4 194 93 35 364 353 155 26 214 230 163 48 43 297 96 42 9 231 183 413 383 256 90 398 300 301 81 414 187 136 344 306 2 343 207 161 254 338 80 223 246 153 50 408 38 98 105 387 110 154 101 309 311 7 100 221 342 22 341 145 189 418 65 225 328 128 242 71 51 217 62 103 385 279 319 266 172 24 17 1 386 399 363 206 412 109 393 313
265 125 67 239 331 391 269 352 134 35 93 183 48 413 364 383 72 223 163 214 353 297 155 43 9 116 96 230 231 187 90 282 256 2 301 81 161 343 136 398 306 344 254 4 207 98 338 300 80 414 194 145 342 7 328 71 307 385 42 341 62 22 153 232 351 387 266 101 64 279 208 26 252 251 313 319 31 179 107 46 217 105 225 302 309 182 327 109 135 103 286 23 173 249 412 376 65 50 51 52
51 199 27 349 395 335 227 73 69 315 209 55 291 201 39 339 133 34 261 82 322 108 247 190 122 32 310 382 337 404 198 358 60 236 365 420 350 304 142 276 237 356 16 366 243 29 259 188 57 202 149 423 95 400 99 206 113 318 152 287 260 54 250 3 278 12 191 148 47 18 91 102 171 325 195 381 140 378 119 367 104 59 174 290 253 416 245 128 407 363 30 222 24 228 308 37 193 372 321 123
118 327 354 147 410 103 375 86 225 279 17 363 59 399 319 24 418 154 189 38 110 242 249 115 386 109 206 350 77 417 400 102 124 148 54 141 192 311 295 348 104 299 84 63 25 286 357 329 177 392 393 37 58 406 127 257 184 345 45 172 294 101 128 57 272 14 1 119 335 381 217 322 169 337 91 76 205 140 420 202 8 290 56 339 105 60 211 199 180 404 309 153 289 209 173 47 166 92 293 19
136 214 230 2 48 90 306 80 81 344 254 343 223 161 207 282 338 398 98 239 301 72 67 269 116 134 155 231 183 9 93 391 125 265 353 352 35 43 297 256 163 364 383 96 331 413 300 26 414 23 4 194 42 112 396 187 31 52 388 213 175 355 62 145 64 162 135 129 412 226 243 7 409 385 351 199 217 313 342 101 208 311 132 289 298 179 46 307 44 71 65 196 266 247 267 114 341 173 384 240
143 281 271 151 277 139 314 66 130 6 146 370 262 330 389 369 317 424 292 210 371 374 10 160 131 87 89 274 334 61 229 401 323 111 362 405 200 157 83 49 411 359 178 203 181 255 379 332 36 421 264 74 402 94 21 197 167 235 144 205 11 97 368 215 219 360 137 185 241 324 336 75 121 220 275 70 41 170 158 88 248 68 191 263 138 373 346 78 258 312 120 333 270 284 238 165 305 149 320 326
191 97 203 423 150 234 57 49 174 323 36 373 332 74 94 181 241 149 402 362 229 30 264 278 420 304 237 287 75 178 340 216 3 367 263 106 146 326 205 188 21 248 200 283 378 204 296 12 260 259 345 358 152 236 379 78 182 395 122 356 108 404 195 32 310 60 76 276 322 401 350 261 411 206 365 11 156 198 372 148 197 82 394 382 186 54 69 83 268 368 416 126 55 29 190 133 144 405 291 360
3 367 237 287 149 420 278 106 216 423 304 30 57 150 174 234 191 340 259 186 195 228 40 212 276 1 325 283 393 78 372 416 16 55 339 326 177 29 365 299 201 337 261 311 182 47 69 148 141 404 51 171 199 247 152 99 245 122 115 193 358 203 188 417 60 37 172 236 108 296 290 395 202 12 381 310 133 73 95 91 257 32 356 119 382 260 285 322 366 335 291 308 102 227 268 140 7 350 82 400
147 118 410 375 354 225 327 103 86 279 115 124 17 59 63 357 77 319 399 417 25 363 386 109 348 110 192 249 392 418 242 295 154 24 180 58 286 189 38 217 206 316 350 84 211 132 289 169 54 311 400 101 129 22 141 102 148 299 345 1 177 184 56 104 76 328 393 329 342 145 361 372 127 140 71 45 7 307 266 173 257 308 162 416 341 128 294 251 37 213 182 165 205 75 172 253 156 204 136 252
195 40 212 276 228 283 78 325 416 367 3 237 99 287 420 397 304 278 57 423 15 1 149 73 106 259 222 216 128 191 150 30 60 177 339 340 234 337 404 174 322 299 318 201 349 39 382 227 199 393 47 69 55 291 415 285 395 5 95 366 202 19 247 198 311 209 122 211 403 27 310 82 335 133 53 372 381 123 108 190 32 384 358 12 141 91 119 126 44 245 188 115 186 261 18 34 14 394 127 193
276 40 212 325 228 73 349 416 195 78 27 283 128 122 395 99 51 198 201 404 382 82 190 60 55 322 69 339 335 236 310 133 291 227 152 34 32 199 142 222 108 1 39 193 358 16 356 315 3 261 209 102 299 367 177 393 304 260 171 400 149 233 365 311 287 350 420 54 423 104 206 337 259 30 296 150 237 148 115 29 189 191 202 188 247 174 234 12 399 418 285 110 172 340 146 154 57 407 290 53
389 369 424 210 292 160 10 130 66 89 6 139 262 281 151 277 314 271 274 143 370 131 330 371 317 238 374 333 33 146 121 305 334 380 87 176 165 61 422 411 164 336 144 111 229 255 178 405 170 158 200 421 185 137 258 248 41 361 83 244 157 312 407 235 138 88 377 284 205 181 346 215 298 85 362 68 120 368 324 320 360 70 75 220 197 401 270 203 167 379 21 78 275 264 74 218 345 288 323 332
19 403 415 390 5 397 268 15 126 218 293 381 320 123 8 47 245 394 280 28 91 119 53 285 166 272 406 113 257 14 253 318 407 291 39 37 335 149 92 321 227 288 294 60 18 95 395 133 224 209 339 382 322 152 195 82 69 329 45 236 40 56 188 55 261 190 164 198 201 150 78 366 404 127 283 358 378 310 202 168 296 122 337 34 276 57 142 29 365 304 212 326 356 260 420 193 228 422 325 237
229 362 74 264 181 49 323 36 332 402 94 97 241 373 203 178 248 200 75 21 401 263 191 379 146 83 359 157 11 197 275 421 111 219 70 205 235 324 368 255 220 137 68 204 215 411 244 120 360 346 167 345 41 405 185 57 144 283 61 138 85 374 143 326 170 377 234 277 150 258 423 330 131 271 334 305 314 333 370 380 10 281 238 160 121 89 336 151 424 76 378 78 165 292 139 369 296 274 88 33
239 67 265 125 391 331 269 214 48 223 230 183 134 352 72 282 35 93 2 364 90 116 136 297 81 155 9 353 43 163 231 413 383 161 306 343 254 338 98 80 398 344 96 256 301 207 187 4 414 300 145 23 342 71 26 42 194 266 129 341 31 52 22 62 328 217 208 180 289 179 351 64 7 313 251 132 101 105 311 409 385 112 316 65 307 412 61 153 232 107 323 355 295 388 84 309 103 199 135 387
349 27 51 73 199 315 227 335 339 209 133 395 69 291 201 261 39 108 337 55 247 82 34 382 190 322 243 122 236 60 365 198 404 310 32 16 358 356 152 29 12 276 171 175 142 259 99 420 260 177 202 350 304 325 237 228 222 188 140 250 396 367 3 299 95 318 278 366 40 423 148 54 416 308 287 149 192 44 195 290 378 18 115 384 191 226 104 20 57 321 206 400 128 296 212 172 393 102 381 253
341 71 107 251 328 232 252 302 145 342 184 156 76 266 204 84 345 205 263 295 75 182 412 351 313 265 225 125 22 124 169 364 286 134 399 418 154 135 101 180 279 110 352 391 38 103 289 363 24 31 375 147 17 319 327 242 35 269 217 77 331 354 386 189 206 413 72 417 239 221 109 230 58 59 410 93 115 25 311 187 43 316 7 62 46 392 214 67 63 4 307 141 118 129 153 361 367 54 231 183
143 271 277 146 281 151 139 314 262 369 370 389 130 66 6 292 424 10 160 210 89 330 131 371 274 317 238 390 111 83 255 61 374 121 403 165 405 407 268 5 33 360 78 333 368 218 379 229 320 323 167 401 137 181 178 324 220 305 113 157 421 359 49 144 235 74 362 19 11 200 415 215 205 380 197 126 70 219 361 21 394 36 203 275 176 346 68 75 378 149 120 185 326 170 263 283 41 332 248 336
51 349 27 199 395 69 55 201 133 291 339 227 335 122 261 322 365 247 39 337 198 209 82 34 60 310 190 382 404 315 32 73 358 108 29 276 142 236 149 237 99 188 423 356 150 397 152 174 304 191 420 57 3 12 234 195 325 350 287 259 260 171 400 416 367 278 30 40 318 15 16 228 54 19 378 415 148 104 212 102 268 290 390 340 222 95 126 399 172 394 206 113 326 366 5 59 141 403 381 24
85 377 215 41 185 137 421 324 70 368 220 68 346 120 219 235 244 360 197 111 255 275 157 83 379 11 305 359 167 405 401 138 178 165 121 333 131 200 238 248 380 33 274 21 89 176 362 10 229 160 264 370 422 164 314 74 36 277 330 424 296 262 143 144 181 170 203 281 49 224 94 151 332 292 6 323 205 271 75 92 361 407 139 78 258 168 402 210 97 288 241 369 374 66 336 130 317 373 326 263
179 376 114 267 100 50 246 65 105 408 309 153 387 221 187 183 383 413 351 62 182 135 129 46 313 31 23 265 64 208 342 254 145 223 307 269 266 251 391 136 180 412 409 239 22 355 125 71 328 282 232 7 252 347 385 134 372 214 289 132 302 162 341 72 81 392 316 101 42 194 52 249 231 67 344 384 159 98 273 225 186 196 112 230 173 35 411 367 4 240 171 26 217 61 43 128 117 303 9 211
157 83 197 275 359 235 379 219 11 401 137 421 41 368 185 70 220 215 324 346 85 68 377 120 405 244 255 111 360 167 178 200 138 21 248 305 74 229 264 181 362 170 203 49 402 333 144 332 241 258 143 121 323 94 75 336 271 373 277 10 36 370 296 160 139 165 238 284 151 314 88 326 89 380 424 131 281 205 263 274 330 33 378 97 260 158 270 61 292 374 210 317 369 78 66 6 191 130 298 345
143 271 281 151 277 139 314 66 146 130 6 370 330 262 369 317 389 424 210 374 292 371 10 160 87 89 61 131 401 334 111 200 157 229 274 379 359 83 220 144 360 362 255 235 49 264 203 368 178 323 421 181 197 36 170 21 411 219 405 74 215 138 336 402 167 324 332 94 275 158 70 88 11 137 68 248 205 185 258 97 346 191 241 121 312 75 270 41 263 333 120 305 78 284 85 238 373 244 377 326
167 360 255 111 405 215 377 85 41 421 185 137 324 120 68 70 368 346 220 244 219 305 235 275 157 197 83 379 178 359 138 11 165 401 333 121 362 248 200 131 229 264 89 238 380 274 10 33 370 74 36 21 160 314 94 424 277 402 292 262 181 332 176 203 323 330 6 210 258 144 374 170 143 241 75 281 49 271 66 361 130 139 78 151 422 164 296 373 317 411 334 87 407 97 84 205 345 369 168 88
21 200 248 401 178 264 229 74 362 203 181 379 49 275 11 36 219 197 83 323 359 332 402 94 157 235 241 421 137 97 215 373 220 185 346 41 70 368 324 68 85 377 138 120 360 111 255 244 405 167 144 146 75 305 61 170 165 258 121 336 191 284 333 277 330 296 283 205 411 263 380 314 370 131 88 407 57 33 424 361 204 139 78 281 89 143 238 10 158 374 176 326 271 151 160 270 274 312 298 92
143 271 281 277 151 139 314 146 66 262 130 370 369 6 389 330 317 424 292 210 371 160 10 89 374 131 401 274 61 111 235 157 200 360 83 255 368 220 229 379 421 178 87 362 203 21 405 197 49 36 219 215 137 359 167 334 121 323 264 170 275 144 74 305 248 336 205 238 185 191 332 324 94 181 346 97 88 78 11 75 68 402 390 411 70 41 263 165 320 268 120 394 333 158 149 85 378 241 377 218
67 265 125 239 391 331 269 223 48 183 352 35 214 93 90 364 134 353 297 383 163 2 72 254 413 9 98 161 96 230 43 80 338 155 282 116 187 343 344 231 256 81 136 398 207 306 301 414 300 179 4 376 145 351 342 7 64 387 180 22 62 42 307 385 328 23 194 105 61 153 303 273 26 101 114 31 129 208 232 52 412 71 316 100 409 46 289 65 51 196 286 44 384 50 313 266 132 173 225 302
214 239 67 265 125 331 48 391 230 269 2 223 136 134 90 282 81 306 72 93 352 35 155 343 353 43 297 364 116 231 161 9 183 163 301 207 254 80 96 398 98 344 338 256 413 300 383 414 187 4 194 42 145 26 71 342 22 328 103 147 62 327 225 7 180 153 341 279 105 266 110 311 100 286 309 408 375 65 319 246 392 129 313 221 387 249 64 38 25 316 50 101 251 31 232 179 24 17 23 107
51 349 27 199 395 335 201 69 73 133 315 55 291 339 122 247 227 261 337 322 82 209 365 108 404 382 29 39 60 190 198 34 310 32 358 276 350 259 236 423 171 16 99 142 420 237 3 325 304 149 318 356 152 367 195 287 243 299 228 12 128 54 177 400 148 206 102 104 222 57 202 212 407 95 40 393 175 399 24 191 172 113 372 188 115 278 416 363 1 193 110 260 250 366 189 140 319 396 44 30
233 193 308 140 202 325 122 285 276 366 416 250 18 211 27 236 349 201 404 261 198 95 395 108 190 82 60 382 32 228 212 1 358 299 310 55 321 177 73 133 152 372 34 69 195 322 253 209 318 92 53 39 40 365 393 227 291 335 29 115 339 188 78 315 296 259 12 51 283 99 245 222 171 126 356 142 367 104 3 260 16 164 381 199 47 102 311 329 128 192 148 186 237 423 294 19 422 400 378 257
169 63 295 357 361 58 392 286 345 25 101 84 180 217 205 75 76 316 263 22 56 132 348 204 184 156 289 165 225 118 410 147 354 375 327 61 86 124 341 103 320 373 362 181 71 411 264 288 178 229 251 244 334 314 49 407 74 279 281 323 97 402 87 41 130 110 66 185 332 241 145 218 370 328 17 292 421 258 107 6 109 59 330 200 262 248 88 68 277 255 210 10 139 374 302 151 271 94 268 242
67 125 265 239 391 331 223 269 214 48 90 161 2 183 338 134 230 352 93 35 98 80 254 353 364 9 297 43 72 155 136 163 282 343 231 96 256 116 413 383 306 207 81 344 301 398 187 414 300 145 342 4 62 46 385 194 7 266 64 22 412 328 307 26 31 71 351 124 208 129 23 42 387 232 132 341 101 279 180 289 225 105 153 162 52 309 273 355 109 135 65 100 303 217 347 319 112 213 409 179
173 385 307 213 7 172 290 99 104 148 413 243 383 196 355 31 128 311 54 141 269 46 388 199 351 135 313 62 393 20 102 417 77 350 400 64 177 247 187 51 206 237 208 115 183 299 287 1 396 337 339 175 61 384 226 44 189 55 240 192 69 3 42 24 356 38 349 222 367 386 319 29 73 106 242 9 198 201 260 304 365 325 418 412 122 335 112 26 340 358 154 12 82 221 110 150 378 404 52 188
246 408 50 65 309 153 387 105 100 114 267 376 179 187 183 221 383 413 110 38 26 319 279 282 231 194 4 154 269 72 306 311 134 103 254 344 353 116 418 136 155 81 249 146 230 217 101 77 43 148 109 35 42 242 364 301 24 398 128 9 300 214 96 375 90 338 189 17 327 351 225 141 391 104 93 129 399 343 147 363 86 417 171 410 396 342 352 400 145 206 289 172 350 385 99 414 115 162 386 299
51 199 27 349 395 227 201 55 69 73 291 335 247 209 133 339 39 261 322 315 108 337 82 122 404 382 34 365 190 32 310 60 237 358 198 236 420 350 304 366 276 29 95 149 423 400 278 287 318 3 259 113 188 54 18 57 202 16 142 356 195 152 99 191 102 381 47 119 206 171 325 367 174 12 91 245 148 253 321 59 397 37 260 243 293 115 290 150 104 92 222 407 250 193 24 378 123 268 416 40
128 148 104 290 172 196 192 173 307 213 299 385 177 54 350 206 102 393 7 77 400 417 1 115 141 211 416 325 311 228 59 122 189 243 386 399 20 237 199 99 32 24 247 287 82 404 242 356 396 310 38 358 154 110 276 195 198 337 212 3 339 62 418 108 367 351 34 26 423 319 315 51 278 69 73 304 17 150 355 190 55 322 261 260 188 363 57 365 174 78 378 30 142 420 103 395 146 64 375 12
178 200 248 401 229 21 264 49 74 181 362 323 203 36 332 402 94 241 97 373 379 83 275 11 219 359 197 75 157 235 146 421 137 215 220 70 111 368 255 185 324 263 346 41 68 360 377 85 120 138 405 191 167 283 205 165 244 61 144 57 345 407 204 305 170 361 336 423 121 131 78 258 284 277 370 113 314 296 143 326 411 380 333 171 238 288 150 176 312 89 92 271 357 33 158 330 76 88 10 164
410 118 147 375 354 225 86 327 103 348 124 211 25 196 63 357 286 180 192 173 316 392 128 132 217 101 148 213 104 307 295 162 129 289 279 267 182 77 112 169 52 114 249 146 22 290 299 319 7 58 266 385 177 84 417 393 313 115 351 183 376 179 65 31 56 145 342 355 135 383 386 399 110 153 172 387 54 388 254 141 59 109 294 1 206 23 311 187 117 309 240 308 100 350 80 76 273 61 329 361
265 125 67 239 331 391 269 352 134 183 214 223 35 93 48 364 72 230 413 282 9 383 155 163 43 116 297 353 231 90 96 2 136 187 161 81 338 256 301 306 254 343 4 342 98 80 398 145 300 344 328 71 414 207 194 62 101 412 341 23 129 26 307 179 42 208 217 289 31 22 266 64 351 105 52 7 46 180 409 309 232 153 135 313 251 132 355 385 225 295 221 311 286 189 316 302 319 76 376 279
143 271 146 277 281 151 139 314 262 370 369 389 66 330 130 6 317 424 292 131 210 89 160 10 371 61 374 274 390 83 401 379 268 111 238 255 405 157 49 360 126 229 362 5 359 178 113 218 200 235 403 121 181 220 368 323 394 167 36 421 407 74 144 137 203 336 165 219 197 11 215 320 205 415 21 170 33 332 88 19 333 158 305 334 264 326 191 324 275 87 97 378 78 94 149 70 402 75 185 312
85 377 185 41 215 220 368 324 70 346 137 68 421 120 244 219 235 360 197 255 111 305 275 157 405 167 379 83 138 11 359 401 178 121 333 33 248 131 200 238 165 21 380 274 10 264 89 170 176 160 229 424 362 144 210 370 74 281 292 139 277 314 203 36 258 369 402 66 336 422 143 164 130 330 332 181 296 49 94 151 6 271 78 224 407 88 323 284 205 389 241 75 374 373 262 92 97 357 317 204
360 255 111 377 85 215 41 185 137 421 120 70 324 346 68 220 368 167 244 219 235 305 405 197 275 157 83 138 379 11 178 359 401 165 248 131 121 333 200 380 362 89 33 21 229 238 264 274 10 370 176 36 160 314 424 277 330 94 422 281 361 292 210 170 144 78 74 6 203 262 402 168 332 374 66 139 130 143 258 369 286 164 224 92 151 271 181 411 76 296 75 317 49 336 407 334 205 357 241 323
345 205 76 84 263 204 184 75 156 295 341 107 251 252 302 71 328 232 361 145 342 332 169 94 74 362 36 97 373 402 266 63 49 323 241 203 181 264 191 357 229 286 101 58 178 354 279 103 206 56 24 109 21 217 57 350 248 110 70 180 234 392 38 59 86 154 200 410 146 423 242 411 326 405 17 399 363 379 54 165 30 418 22 244 296 189 316 334 147 11 327 400 283 289 375 68 118 83 124 260
157 379 83 197 275 11 359 235 219 401 421 137 215 41 185 220 70 368 324 200 21 85 68 346 377 255 178 111 248 405 167 120 360 244 229 138 74 264 362 203 181 241 305 49 323 94 332 36 170 402 373 144 143 165 151 333 296 139 277 271 260 370 75 258 121 336 330 281 97 78 238 378 191 89 314 326 380 424 10 205 284 160 263 61 283 88 131 369 57 317 374 407 6 76 164 274 204 158 33 130
113 407 253 92 288 224 168 165 394 321 164 18 380 422 33 56 176 238 28 121 8 218 63 293 126 357 318 95 333 361 280 78 268 131 390 123 381 202 19 61 140 366 169 91 58 294 296 10 245 205 220 324 305 160 68 143 119 274 89 320 255 277 403 415 166 379 368 250 360 137 178 47 272 286 75 314 406 420 5 229 203 283 139 185 346 111 215 326 372 70 281 401 377 49 405 264 370 362 181 295
266 328 182 71 232 251 351 342 341 107 145 252 302 313 412 135 31 208 62 355 46 184 307 7 64 40 156 76 385 212 276 228 283 84 78 173 221 367 311 128 204 1 384 396 420 44 413 195 325 30 141 183 337 3 265 129 205 416 213 391 23 345 388 393 372 222 318 243 383 237 101 295 199 247 269 125 304 409 112 278 339 136 239 289 52 187 230 177 299 234 174 140 69 134 287 77 259 12 146 67
89 274 10 160 131 424 210 292 369 389 238 33 121 333 305 380 176 262 130 314 422 66 6 164 370 277 143 139 281 271 151 330 165 371 168 224 317 215 137 111 374 360 368 407 92 255 377 85 220 185 421 288 346 41 120 235 70 324 68 146 275 157 178 394 219 28 83 401 113 200 197 361 167 229 405 144 362 379 61 170 138 334 248 8 36 336 218 56 11 293 21 258 253 181 244 359 296 49 280 403
143 281 271 151 277 139 130 66 389 369 314 6 370 262 146 330 210 292 424 317 371 160 10 89 374 131 274 87 334 61 411 401 229 405 21 144 238 264 157 200 83 111 178 191 203 379 402 332 255 220 235 362 421 197 336 94 121 36 323 305 368 137 205 167 74 333 360 248 346 170 49 185 219 181 158 78 324 275 88 359 70 367 312 320 41 11 68 138 263 241 258 75 215 120 284 378 33 85 270 97
333 121 131 238 89 33 274 305 10 160 380 165 176 164 422 210 424 292 262 143 407 369 314 277 389 271 146 113 151 370 368 224 111 281 324 220 137 139 421 255 360 28 68 293 167 346 83 215 8 168 288 85 70 197 219 275 330 377 157 235 130 401 92 405 185 394 120 66 359 200 379 218 41 138 244 6 11 371 178 229 361 280 144 248 170 74 253 61 268 258 181 264 21 320 381 362 78 88 326 56
19 415 403 397 390 5 15 268 126 293 218 381 123 8 47 245 320 280 28 394 91 119 53 272 166 257 406 14 285 37 318 294 321 95 45 253 329 113 39 18 92 227 339 127 291 224 195 288 407 395 335 69 209 60 56 40 322 366 202 164 382 55 201 236 133 149 152 168 276 78 82 261 193 198 404 212 190 237 325 283 122 422 337 310 102 188 228 51 296 358 400 3 304 365 108 57 420 142 150 34
181 49 323 74 229 332 402 36 373 97 94 362 264 241 203 178 248 75 200 21 263 401 146 191 379 11 83 359 205 57 204 421 411 197 275 219 157 244 283 70 111 345 150 255 144 215 137 324 326 68 405 235 167 138 120 234 336 258 360 423 185 374 30 41 220 368 346 61 170 174 78 334 277 378 370 76 143 88 158 270 284 312 330 314 317 271 361 87 139 260 85 165 296 333 424 131 281 121 407 151
276 212 40 228 325 195 78 416 283 73 128 349 122 404 201 222 395 190 198 55 193 16 69 27 1 60 382 99 108 310 82 32 335 420 34 236 291 358 233 322 39 393 260 142 356 299 339 296 199 367 3 51 133 30 152 304 149 285 177 188 259 227 415 326 150 311 171 378 19 423 234 174 397 315 209 373 57 287 92 102 340 261 12 135 337 191 115 182 106 293 268 141 202 123 148 91 275 245 365 248
127 329 45 257 37 119 14 91 272 406 166 47 123 294 245 381 280 53 293 28 8 285 95 193 320 321 253 18 366 202 92 19 268 394 415 126 218 318 56 288 140 113 164 397 60 250 40 407 115 108 382 375 227 224 195 350 82 420 236 211 339 59 190 417 390 233 400 228 335 310 403 322 148 198 404 209 1 287 32 102 367 201 122 358 206 54 325 393 3 299 152 304 291 276 418 363 154 39 141 237
19 415 403 397 390 5 268 15 126 293 218 381 123 8 245 320 47 280 91 28 394 119 53 257 272 166 37 14 406 285 321 45 329 95 318 127 253 294 113 92 18 288 339 224 39 202 209 407 227 60 193 395 164 366 56 335 291 69 195 201 382 322 236 40 276 152 168 325 55 261 133 228 404 82 212 190 122 78 149 198 108 51 337 310 237 296 102 422 420 3 188 142 283 304 358 400 34 199 150 99
354 118 86 410 147 103 327 375 225 124 279 59 363 17 110 24 115 399 154 38 189 418 386 242 319 206 348 25 350 77 109 417 295 148 286 63 357 84 58 192 249 76 400 217 289 392 311 316 101 54 141 329 180 299 102 345 132 211 342 177 140 169 112 184 127 22 328 37 56 129 388 250 257 45 52 294 145 202 393 361 156 104 243 406 162 204 23 18 153 128 387 119 71 320 14 1 65 341 105 372
157 379 197 275 11 83 359 235 219 401 421 137 215 185 220 200 41 70 368 324 21 85 346 377 178 68 248 111 255 167 360 120 405 229 244 138 264 74 181 49 362 203 323 241 402 332 94 373 36 144 170 305 97 75 271 143 165 277 336 258 370 121 330 139 296 260 263 314 61 151 78 333 205 281 191 270 326 284 378 88 158 57 283 411 10 424 160 407 374 380 89 238 317 312 146 6 204 369 30 345
423 150 191 149 234 174 57 30 287 237 3 367 278 420 304 340 216 106 203 97 373 323 74 326 181 49 229 241 332 362 75 36 94 264 402 259 188 283 146 378 296 152 260 195 212 358 178 55 78 122 356 236 182 263 228 12 365 276 21 205 29 416 261 395 404 108 40 69 325 201 248 1 190 32 198 133 200 372 193 310 186 11 16 379 60 322 34 345 82 128 172 148 266 291 382 393 26 335 394 233
214 239 67 125 265 331 391 230 48 269 134 2 72 136 282 352 223 90 93 116 81 306 35 183 155 364 161 9 43 343 231 297 353 163 96 80 256 98 254 338 398 301 413 207 4 344 414 300 383 42 26 194 187 311 206 342 71 328 38 189 54 110 115 266 372 145 242 147 24 400 64 62 295 350 386 354 408 154 77 341 76 84 23 363 105 30 65 180 22 103 221 172 241 412 418 323 318 203 57 251
3 367 287 237 149 278 420 216 106 423 304 30 57 150 174 234 191 340 259 195 186 1 212 228 78 40 393 276 325 283 311 16 372 326 55 416 69 141 201 296 236 203 152 122 404 358 177 108 299 182 339 193 365 29 202 261 366 199 382 337 171 60 417 115 247 51 260 395 188 190 310 172 128 148 140 32 99 322 373 198 245 335 82 378 47 356 34 95 381 26 318 7 12 91 233 18 97 350 241 396
349 276 27 73 51 40 395 199 227 339 325 228 335 315 212 190 291 122 69 416 209 382 82 39 198 201 108 34 133 55 32 236 310 195 261 60 358 322 404 99 152 283 337 222 142 356 365 78 16 247 29 260 193 304 128 188 350 202 367 12 400 3 420 102 53 296 171 149 285 366 206 237 259 423 299 119 287 174 47 243 54 37 177 115 381 30 150 95 148 57 234 191 397 318 19 91 415 24 127 293
192 417 77 211 299 115 177 141 375 311 118 393 1 147 196 59 410 354 148 416 103 327 399 86 225 54 363 104 228 348 63 7 350 128 17 400 140 206 286 386 127 357 279 24 329 45 372 308 173 195 102 37 295 119 276 250 307 418 189 272 290 257 318 325 154 172 319 169 132 294 406 18 242 392 124 40 217 58 166 321 218 243 285 14 84 25 180 110 99 337 253 202 420 91 213 20 259 92 38 367
51 349 27 199 395 201 55 69 133 335 291 73 339 227 122 322 365 247 209 315 108 261 39 382 198 190 404 82 60 29 337 310 34 276 358 236 32 423 149 259 99 237 350 325 195 3 304 420 318 16 95 142 287 40 152 400 222 54 171 202 104 102 12 228 278 356 367 416 172 366 188 57 399 212 321 174 110 24 148 363 397 206 290 59 279 150 113 53 386 193 243 299 191 18 250 140 189 177 119 126
113 253 407 92 321 18 95 202 366 140 250 318 193 224 394 288 285 126 168 53 233 381 372 91 8 245 308 47 164 119 28 123 293 257 37 422 45 280 19 176 127 415 211 166 294 272 329 14 380 406 218 56 390 268 165 420 228 33 238 115 40 299 403 325 195 212 397 259 201 177 209 320 417 186 39 141 78 404 59 322 335 296 237 69 339 423 382 60 261 283 77 315 121 304 171 291 1 395 227 55
71 341 328 107 251 145 342 232 252 302 184 156 76 266 84 345 204 205 295 263 75 124 265 182 412 125 217 22 331 391 352 225 134 269 147 101 286 110 154 103 180 38 242 289 109 351 418 169 354 364 279 67 239 413 17 93 363 58 327 316 386 24 399 231 206 35 319 4 313 189 86 25 72 187 132 410 129 63 375 357 135 59 163 392 77 361 311 194 348 230 155 31 116 46 118 417 208 43 62 7
128 104 148 172 290 173 307 196 192 299 213 385 54 177 7 77 400 350 102 206 1 393 115 211 417 416 399 141 325 228 386 59 99 249 122 110 17 279 319 237 154 247 109 311 242 189 24 195 287 199 243 38 26 363 276 337 404 146 82 418 212 365 375 32 423 198 351 103 310 322 108 118 396 358 51 20 339 29 106 34 356 261 278 348 55 190 308 304 4 150 3 327 149 174 78 60 73 201 390 420
265 125 67 239 331 391 269 352 35 134 93 183 364 72 48 413 383 214 163 297 223 353 9 116 43 155 96 282 231 230 187 90 256 2 81 301 398 161 306 343 136 4 254 300 338 98 344 207 414 80 194 328 71 145 341 342 42 7 232 251 26 385 307 351 153 22 179 387 252 64 62 313 107 225 101 309 105 302 279 319 286 208 249 50 266 327 31 376 65 180 38 408 311 182 246 61 46 316 217 189
269 391 331 125 67 265 239 72 134 116 352 282 35 93 364 4 214 413 155 163 183 43 230 353 194 9 297 48 383 231 96 42 26 256 398 81 90 187 301 136 300 414 306 344 2 343 161 223 207 338 254 328 341 71 98 342 145 80 110 153 38 105 22 408 311 189 246 225 242 101 154 399 221 266 107 251 309 50 100 62 307 206 7 319 217 17 418 386 313 387 76 103 24 179 385 232 412 279 363 65
309 153 105 65 387 408 246 50 100 114 267 376 179 187 221 183 383 413 351 148 282 141 311 77 26 101 319 279 269 417 72 307 38 110 115 315 4 128 146 73 399 299 173 266 396 177 134 23 194 349 199 99 367 24 154 206 104 385 249 175 171 350 328 52 400 182 44 393 247 254 116 42 230 136 71 217 341 391 64 189 342 418 239 325 384 129 335 3 251 62 149 344 51 81 12 140 250 103 423 205
143 271 277 281 151 146 139 314 262 370 66 330 130 6 369 389 317 424 292 210 371 160 10 89 131 374 61 274 401 83 362 49 157 111 200 379 36 360 255 229 405 178 323 220 368 235 74 390 181 121 359 87 238 21 421 215 332 5 137 94 219 197 403 144 268 97 167 203 11 334 324 165 264 170 126 402 70 275 333 394 205 218 407 248 78 75 185 320 336 263 305 33 88 326 158 346 191 41 380 415
143 271 281 277 151 139 146 314 369 389 130 66 262 370 6 330 292 424 210 160 317 10 89 371 131 274 374 401 61 157 111 229 368 83 235 200 379 220 21 197 255 144 238 178 360 405 203 421 36 275 362 87 359 264 49 323 137 74 219 121 167 336 334 191 332 402 181 170 215 324 70 305 346 11 165 263 94 75 205 403 97 248 333 78 158 407 68 88 5 185 390 33 138 241 378 312 268 126 120 320
51 349 199 27 395 201 69 133 55 335 122 247 291 337 339 365 73 322 227 261 39 82 404 29 209 276 198 108 60 310 149 190 315 32 423 358 237 382 34 57 171 304 420 318 236 325 259 142 150 191 3 195 99 228 113 287 174 40 152 340 188 416 212 350 397 95 399 92 106 400 367 278 126 30 253 59 18 394 16 372 234 12 104 407 321 54 19 356 146 177 363 319 222 202 299 24 148 415 390 102
389 369 210 292 424 130 66 160 10 139 6 281 89 151 277 271 262 314 143 370 274 131 330 371 317 374 238 146 333 334 87 121 33 305 380 61 176 411 165 144 229 422 164 178 336 255 170 205 200 137 111 248 258 235 405 421 185 41 362 197 264 138 367 284 401 21 83 158 181 157 361 298 312 88 368 203 244 68 75 377 360 346 74 220 332 320 275 407 324 70 85 167 120 78 215 186 323 402 49 56
276 73 349 40 27 212 228 325 416 78 283 195 315 190 108 382 395 222 227 51 122 209 82 198 339 39 335 236 60 34 291 69 133 16 404 201 32 310 55 358 322 199 99 261 152 12 259 356 193 367 337 285 142 202 365 29 128 171 260 188 3 384 296 20 44 1 233 53 175 247 243 420 287 30 304 140 423 19 415 393 378 47 174 206 57 381 318 127 355 329 102 237 299 126 177 150 149 211 37 234
113 407 253 92 224 288 165 168 394 164 380 321 8 422 18 28 238 33 218 56 176 293 121 202 333 318 95 63 123 268 140 381 296 245 126 390 366 91 250 280 78 19 131 10 361 47 169 277 326 274 357 137 314 160 220 143 139 68 281 305 61 372 420 205 324 58 151 283 89 271 294 368 415 405 346 373 229 379 248 401 41 406 119 37 21 185 70 57 152 320 200 166 203 286 193 377 197 360 369 244
329 127 45 257 37 119 14 406 272 91 166 123 47 294 280 245 381 293 28 53 8 285 95 193 320 321 253 202 18 366 19 92 268 218 394 415 288 56 126 318 164 113 140 407 390 224 397 60 40 227 403 250 382 400 375 102 190 236 59 339 115 350 228 418 195 168 233 108 152 420 310 82 335 154 201 291 417 209 322 39 363 122 404 358 198 206 211 1 54 367 395 386 261 32 148 34 325 3 141 24
355 31 135 313 208 46 62 351 307 173 7 213 385 412 182 64 243 388 20 44 384 396 222 303 273 347 266 78 21 226 128 112 383 183 346 73 52 175 220 339 342 200 368 401 283 146 99 413 203 61 337 240 144 170 264 371 97 277 324 247 229 145 360 162 68 143 199 409 197 275 336 157 379 30 158 271 378 139 221 136 57 419 138 323 370 121 80 276 423 120 402 74 259 129 11 23 167 171 330 235
25 392 357 63 58 180 217 286 101 289 169 295 316 132 129 348 124 22 410 225 118 354 147 86 103 327 361 23 84 409 375 162 345 56 17 110 279 109 242 76 145 342 399 386 319 75 65 363 59 52 418 38 154 205 112 24 249 189 105 184 387 71 240 408 328 412 45 263 329 115 294 153 77 81 266 127 206 165 309 400 417 388 343 50 350 308 341 288 311 246 187 183 282 406 136 231 230 320 251 155
83 379 275 219 235 11 157 197 359 401 421 137 215 220 70 368 185 324 41 85 346 377 111 405 68 360 255 120 21 178 200 167 138 244 248 229 362 305 264 74 181 203 49 36 323 165 332 94 121 241 402 144 97 78 75 170 373 333 277 260 146 296 407 191 143 283 330 205 378 370 263 131 326 336 271 258 238 89 61 151 57 380 314 139 188 284 152 160 374 10 356 234 164 270 30 236 150 262 149 424
51 199 349 27 395 201 69 55 291 335 133 227 247 261 122 39 339 337 209 365 322 404 82 382 315 60 276 108 198 73 310 190 29 32 34 358 423 237 149 236 142 304 195 3 420 40 174 287 325 397 318 57 99 191 350 228 150 152 259 188 416 95 367 278 171 222 400 234 366 102 212 15 30 113 356 18 202 12 126 381 415 54 47 16 19 268 321 148 394 403 59 119 92 91 340 123 206 5 253 104
143 89 277 131 146 369 10 160 271 281 274 389 238 151 314 33 424 262 139 210 121 333 292 305 370 176 380 165 164 422 330 407 66 371 113 130 6 368 255 215 111 220 224 137 317 401 421 85 360 197 235 377 405 157 218 275 83 219 168 346 185 379 394 288 144 92 41 178 324 68 374 293 200 61 167 170 70 253 268 336 362 11 21 359 264 390 74 229 120 361 126 8 248 381 28 78 138 181 19 36
25 392 357 63 58 180 286 217 169 101 316 295 132 289 348 129 22 410 225 361 124 118 147 354 86 103 327 375 84 162 23 409 56 345 110 279 17 145 76 342 65 386 109 319 242 105 399 52 205 75 418 154 363 112 184 165 38 189 387 71 59 240 153 249 45 24 50 408 328 309 329 246 294 81 343 266 412 341 183 187 288 179 127 115 263 400 320 406 207 230 100 231 251 155 77 221 301 282 308 136
1 299 393 177 211 311 141 115 417 77 228 416 212 325 195 40 78 192 276 283 367 148 128 420 172 290 350 196 102 54 3 99 400 206 104 59 304 237 259 193 287 122 108 404 423 60 382 174 201 233 202 310 285 119 190 32 69 20 358 18 30 257 372 278 92 149 140 236 24 154 7 53 340 209 189 47 349 322 37 198 308 250 150 234 191 227 222 335 418 39 34 395 381 55 91 245 95 366 106 28
331 391 67 125 265 239 269 72 134 352 116 93 35 413 364 282 183 383 48 214 163 96 230 4 297 155 43 9 353 231 187 194 90 256 26 300 42 414 301 81 223 2 398 306 136 343 161 342 145 328 341 344 71 338 207 254 38 101 62 80 22 110 266 217 154 103 385 307 7 313 153 251 98 279 242 64 107 232 189 311 46 363 208 132 135 387 327 124 180 109 246 221 23 316 76 319 105 225 31 17
119 257 37 45 91 127 329 123 47 14 245 381 293 406 272 166 53 280 294 8 28 285 193 95 19 268 320 321 415 202 253 394 366 18 397 126 218 92 390 164 318 403 56 113 288 69 335 227 195 40 201 60 382 236 395 407 250 291 322 39 5 209 55 102 190 140 325 404 339 400 228 224 122 310 108 358 233 152 3 82 15 198 350 367 133 59 304 261 276 206 420 168 34 32 418 237 212 54 115 1
342 145 328 71 341 251 107 232 252 302 266 184 76 156 84 124 295 345 204 217 289 25 58 316 357 205 412 225 180 63 22 147 286 101 392 354 132 327 118 410 103 263 129 375 169 242 75 348 110 363 86 182 386 38 361 17 154 279 319 189 418 162 67 24 351 399 352 391 59 239 134 109 265 269 77 206 93 23 231 46 230 417 62 313 35 136 165 331 301 409 125 311 115 187 48 207 153 65 52 214
61 218 268 320 361 390 56 169 221 286 288 205 101 113 165 63 295 126 75 58 407 357 392 19 345 5 84 394 415 180 411 403 263 87 373 217 76 22 97 371 49 88 204 323 334 294 181 168 78 406 173 277 92 370 158 336 317 314 402 397 224 330 280 264 312 318 272 166 241 270 332 132 151 28 374 271 6 253 293 413 139 143 281 262 258 383 316 8 74 146 14 212 45 144 360 15 25 245 229 362
354 86 410 118 225 327 147 103 375 279 319 17 109 363 249 399 418 59 38 154 189 242 110 24 124 386 25 206 63 350 357 58 392 295 348 84 286 115 54 400 180 316 102 77 342 145 417 132 217 169 184 289 345 148 22 101 129 76 328 71 192 156 361 56 251 311 127 341 153 107 205 313 204 75 104 141 252 309 172 65 329 387 105 187 162 31 45 290 263 355 232 23 138 183 266 294 412 320 302 265
381 123 47 245 91 293 119 257 37 53 8 45 127 329 285 280 14 28 166 272 406 294 19 415 268 95 397 126 390 193 253 321 403 394 18 320 202 218 366 92 5 113 164 15 318 407 224 288 291 56 39 227 335 168 60 382 209 422 236 40 201 152 69 140 195 395 322 133 250 82 283 339 190 55 176 276 108 122 228 358 261 296 198 310 325 420 102 304 404 233 121 78 212 34 3 188 287 237 149 32
71 341 328 251 107 145 342 232 252 302 184 156 76 266 84 345 204 295 205 263 182 75 412 351 124 265 125 217 391 289 225 313 22 269 134 67 352 101 331 147 180 129 239 286 62 46 38 93 413 103 354 35 316 187 154 169 135 327 110 132 58 418 364 31 410 4 242 319 17 375 208 72 230 386 392 25 136 279 24 189 63 183 307 231 357 118 77 399 116 363 221 163 311 206 214 155 194 64 86 348
143 271 281 277 151 146 139 314 262 389 369 370 130 66 6 330 424 292 10 210 160 317 89 131 371 274 374 238 111 83 401 61 255 121 405 157 235 229 360 379 200 390 421 137 178 323 33 368 181 165 362 197 220 219 49 333 205 21 305 215 144 359 268 403 36 74 5 275 203 336 167 11 78 320 218 185 324 75 380 407 158 334 248 263 41 332 394 191 264 70 126 97 346 176 170 88 94 415 85 402
137 215 377 85 185 421 41 219 220 235 368 324 70 197 346 275 157 83 68 120 379 11 359 401 360 111 244 255 405 305 167 138 178 21 200 121 248 165 131 333 238 33 380 264 229 274 89 362 143 170 144 203 176 74 10 277 78 36 314 370 181 160 49 296 281 139 323 205 336 422 407 271 332 151 164 402 424 369 75 224 94 283 258 330 92 97 262 373 88 263 326 191 210 270 292 168 241 61 284 260
355 31 385 135 313 7 307 351 213 173 208 46 62 183 383 413 64 187 182 412 243 128 221 44 222 384 20 396 311 388 99 269 153 266 105 309 42 282 199 26 342 145 179 246 239 146 337 387 247 339 367 81 148 172 175 72 61 116 240 78 408 29 30 51 23 276 90 158 65 134 230 376 136 391 50 112 3 270 67 12 212 9 154 393 52 141 104 57 259 73 49 365 97 4 273 203 231 214 1 303
97 373 323 49 181 241 332 74 94 402 36 203 362 229 264 178 75 191 263 150 248 423 234 146 57 174 200 21 205 149 30 326 204 188 379 83 378 359 345 11 401 283 411 358 237 122 260 304 278 287 236 12 3 405 78 76 198 29 32 106 197 404 310 157 374 70 69 365 212 244 350 284 87 420 268 395 190 367 82 421 108 42 356 61 258 296 26 55 152 144 340 334 172 312 109 394 275 206 325 143
19 403 415 390 5 397 15 268 218 293 126 381 320 8 123 245 47 280 28 394 91 53 119 166 272 285 406 257 113 407 14 291 195 318 37 294 39 253 395 149 92 288 227 335 55 339 152 322 60 40 133 321 382 69 209 198 224 283 82 95 188 18 164 78 190 261 201 45 236 150 329 404 276 310 122 296 29 365 127 358 212 366 56 202 378 168 34 142 337 228 325 423 99 356 51 57 237 193 102 422
19 415 403 397 390 5 268 15 293 381 126 123 218 47 245 8 320 91 280 119 53 28 257 394 285 272 37 166 14 406 45 321 95 329 127 294 253 39 318 113 227 291 18 209 92 335 60 202 382 395 366 407 339 195 224 40 164 236 193 69 201 288 322 133 152 56 55 190 82 276 188 198 310 149 261 168 404 283 358 108 228 337 296 102 122 78 237 325 34 150 12 32 420 212 422 142 400 3 304 27
276 40 212 228 73 195 283 416 78 325 349 27 222 108 122 190 395 198 335 382 128 99 339 82 39 60 367 291 310 16 227 34 32 201 259 236 356 209 315 404 51 152 322 358 69 420 3 193 384 133 304 199 30 55 234 12 1 423 171 260 191 337 44 287 20 174 142 150 202 188 285 397 415 57 296 355 47 19 261 237 149 340 119 37 127 247 393 148 54 177 206 135 211 299 123 381 115 350 192 311
140 308 250 233 202 372 366 193 18 321 95 318 285 211 253 186 53 117 92 299 177 1 393 245 91 113 192 115 126 47 381 394 37 119 257 141 13 123 417 127 108 159 407 329 420 259 45 304 311 209 349 236 293 196 164 228 325 148 175 382 28 8 77 27 224 298 315 272 152 73 171 190 32 367 335 19 44 14 280 34 60 20 384 166 406 294 310 339 16 227 296 404 396 358 39 82 40 195 273 212
351 182 313 135 31 355 62 266 208 412 46 328 232 71 251 307 342 252 107 7 302 64 341 385 145 173 213 184 243 396 183 384 156 44 413 383 84 187 388 76 204 129 391 311 128 23 409 52 265 269 221 337 247 222 367 179 376 112 239 125 295 289 67 230 240 282 199 30 214 175 20 3 347 283 141 162 12 136 78 40 57 276 146 345 318 316 51 61 101 263 339 26 344 312 420 226 372 159 205 134
223 67 125 265 239 331 391 48 161 338 98 90 214 269 80 2 254 230 93 353 35 352 297 96 364 343 306 183 163 134 207 256 9 136 43 414 344 300 155 116 72 282 81 398 231 413 383 301 187 4 387 26 145 194 279 22 109 342 42 65 7 385 105 112 153 103 180 309 132 162 388 31 110 316 62 23 273 50 409 52 327 146 307 266 249 376 179 38 412 154 348 124 213 246 303 100 71 418 49 175
51 27 349 199 395 69 201 335 55 227 291 73 276 339 34 122 209 190 133 82 310 39 322 382 337 198 404 32 108 247 358 60 261 236 315 142 365 152 29 325 304 356 99 416 149 40 195 188 3 237 350 12 57 423 420 212 367 150 54 287 30 260 400 228 234 222 174 102 206 283 318 366 148 202 191 128 278 119 296 24 16 378 141 91 268 172 290 259 78 397 95 415 193 47 123 399 19 59 418 171
195 40 228 212 325 78 283 276 416 367 3 1 237 287 420 99 259 177 299 393 106 304 278 211 30 57 423 149 311 340 128 141 182 216 115 16 186 191 150 372 77 174 73 234 171 349 417 384 351 44 318 222 233 193 339 202 12 313 148 47 122 69 266 135 335 192 95 396 201 381 245 337 188 294 203 60 272 7 329 166 209 307 37 14 127 355 152 45 27 236 404 119 140 126 415 356 227 285 221 53
51 349 27 199 395 69 201 55 227 335 73 133 291 339 122 209 276 39 34 190 322 310 315 337 82 108 382 236 198 60 358 261 404 32 247 365 152 29 142 325 356 416 40 188 149 304 12 195 99 3 212 237 228 420 260 57 367 423 400 350 222 287 54 30 102 16 296 174 278 150 128 378 318 78 234 171 259 191 397 141 148 268 172 202 24 95 206 399 283 299 290 19 415 366 119 123 91 126 293 104
265 125 67 239 391 331 269 352 134 35 93 183 413 383 48 364 72 214 163 223 297 353 9 116 155 43 96 187 231 230 282 90 2 256 81 161 398 4 301 136 306 343 344 254 300 80 338 98 414 194 207 42 145 385 7 328 342 71 341 307 351 179 62 26 313 31 232 153 251 64 22 101 252 376 208 387 135 302 46 309 266 52 107 105 180 173 182 319 279 61 129 225 286 311 65 249 412 23 355 411
51 349 27 199 73 315 335 69 227 395 209 339 201 291 39 133 55 261 337 247 108 82 34 190 322 122 236 382 32 310 404 358 60 16 198 243 152 304 202 420 365 95 276 12 356 99 250 325 259 350 29 142 171 318 366 91 140 175 148 188 237 3 128 18 228 195 381 260 367 47 119 245 123 321 57 278 206 423 222 193 40 308 285 54 37 102 53 372 396 192 172 296 149 290 253 293 393 400 212 113
246 408 65 50 153 387 105 309 100 267 114 376 179 187 183 221 383 413 254 136 282 344 269 230 26 4 194 81 306 72 48 134 116 231 338 319 90 214 146 398 2 110 23 353 391 385 343 98 279 112 155 42 300 96 162 79 396 351 414 364 43 213 266 207 101 307 9 35 217 249 80 148 103 226 38 301 239 175 161 129 256 289 104 171 93 409 128 99 297 388 347 311 73 67 62 109 125 419 172 13
19 403 415 390 5 397 15 268 126 218 293 381 320 123 8 245 47 280 394 28 91 119 272 166 53 406 257 14 318 321 113 92 95 285 339 291 18 227 294 39 45 37 329 395 253 335 60 288 407 322 69 224 40 195 209 152 236 55 382 127 366 276 56 149 201 190 133 198 202 82 261 310 188 164 78 168 404 142 283 122 358 212 337 34 237 365 356 3 51 108 12 325 29 296 150 304 102 228 57 193
51 243 196 199 73 213 27 349 315 226 339 175 247 396 16 335 337 222 173 99 273 209 261 303 69 44 395 384 201 291 20 79 419 128 39 133 55 307 227 13 325 322 347 290 171 365 122 82 64 404 259 29 355 117 104 148 108 142 60 237 382 34 159 308 198 310 32 172 385 190 276 356 192 388 211 287 186 149 7 177 236 3 350 140 260 423 358 62 299 80 250 12 228 420 106 46 152 57 212 367
67 265 125 239 391 331 269 223 48 183 352 214 35 93 134 364 90 353 72 297 163 2 254 230 383 161 413 9 98 43 155 96 116 338 282 80 81 231 343 344 256 136 187 306 398 207 301 300 414 145 4 342 179 7 22 328 376 180 351 194 64 71 387 62 307 208 385 101 42 289 232 31 225 153 23 266 129 105 26 313 412 252 316 286 251 61 409 182 132 341 100 65 112 217 309 355 46 135 323 52
410 118 375 86 354 147 225 327 103 348 124 148 211 104 295 63 25 357 173 77 279 192 132 286 196 392 128 115 59 399 299 180 289 213 417 217 307 109 316 17 386 58 172 206 350 84 249 400 290 169 101 110 177 319 393 385 54 102 162 329 24 363 242 189 129 146 7 56 1 112 52 141 22 140 154 311 294 388 418 65 361 387 38 303 99 273 80 218 105 308 76 345 136 45 416 153 408 266 320 37
157 197 83 235 275 379 219 359 11 401 137 421 368 220 215 41 185 324 346 85 70 377 68 120 360 405 111 255 167 21 200 178 244 138 248 305 229 264 74 362 203 333 181 121 165 143 170 144 238 277 49 402 323 241 271 380 94 36 314 370 332 336 151 10 296 139 89 131 160 274 281 373 33 260 258 75 330 78 326 61 378 369 97 205 176 263 424 407 191 158 164 270 88 283 284 374 262 6 371 381
219 235 137 421 197 157 83 275 185 41 215 85 377 368 379 220 70 324 11 359 346 401 68 120 360 244 405 111 255 138 167 305 178 200 21 248 229 264 333 121 10 74 274 238 170 362 165 89 160 203 144 131 380 33 424 370 181 143 314 277 36 49 258 402 151 281 336 369 241 292 271 332 210 139 94 323 88 330 296 176 130 66 389 373 284 6 97 374 262 75 205 164 326 263 158 270 422 78 260 371
129 23 409 289 162 240 52 112 217 388 180 392 101 25 132 412 124 316 295 357 58 63 266 342 348 84 22 286 145 62 208 46 251 169 71 328 410 375 147 103 355 345 354 118 31 182 361 179 135 327 341 225 351 107 76 86 140 61 313 221 302 173 252 184 311 372 183 205 232 230 288 376 56 213 223 136 127 59 307 329 417 189 138 204 399 170 45 243 363 105 7 65 75 222 284 156 187 258 24 77
143 271 281 151 277 139 314 66 146 130 262 370 6 369 330 389 317 424 292 210 374 160 10 371 89 131 401 274 157 235 111 87 61 200 360 255 83 229 368 220 379 421 334 197 167 362 144 21 36 219 49 170 178 405 215 359 137 275 264 121 203 323 324 181 238 88 138 70 74 185 305 346 248 94 333 258 68 336 402 411 11 332 41 158 85 165 75 120 205 377 191 312 78 263 97 241 380 284 270 33
167 360 405 255 111 185 41 377 137 85 215 421 324 70 220 346 120 368 68 244 219 305 235 197 138 275 157 83 379 11 178 401 359 165 121 333 248 200 131 264 362 33 229 238 380 21 10 89 370 274 411 74 277 314 330 160 402 170 6 36 143 281 203 139 94 332 374 87 323 144 241 424 292 258 66 130 49 181 262 176 271 317 75 210 61 151 373 97 205 369 371 78 88 164 263 336 334 296 345 204
128 147 118 375 148 410 104 103 327 354 86 225 307 77 299 192 173 172 115 211 417 348 59 1 399 279 17 124 177 63 206 290 7 393 217 400 213 110 386 363 141 286 295 350 54 357 416 154 102 38 319 249 242 418 385 101 196 311 25 109 132 189 24 289 228 169 392 180 316 140 372 308 84 329 37 250 65 257 387 45 153 58 345 76 22 184 294 406 127 309 119 146 325 202 408 56 246 205 193 105
2 80 90 306 48 161 230 214 254 136 207 343 98 81 338 344 398 223 301 231 155 9 353 297 43 93 96 163 35 256 300 414 134 352 364 282 116 72 239 67 125 391 265 269 331 183 4 194 26 42 187 100 64 117 192 153 103 62 387 246 175 226 408 159 38 259 396 413 375 383 342 24 147 65 148 50 279 211 243 44 384 225 213 104 51 418 172 154 115 199 77 179 128 99 110 354 196 417 363 309
140 250 202 308 366 193 233 18 321 253 95 285 372 318 53 92 113 91 245 37 47 119 257 394 123 381 407 126 293 45 127 8 211 28 186 329 164 224 166 280 288 272 14 294 406 168 117 19 299 115 420 177 415 422 1 393 259 141 108 218 56 268 417 209 382 13 228 192 304 60 404 320 176 190 322 40 39 380 325 195 335 296 236 174 34 32 212 227 291 339 77 349 315 152 59 201 171 122 367 27
276 40 212 73 349 228 195 325 27 416 283 78 222 395 122 335 198 39 201 382 291 60 82 51 339 108 404 227 99 315 69 133 190 209 322 199 55 32 310 397 236 34 261 152 16 142 259 358 420 367 356 128 337 365 3 423 15 202 415 12 237 29 193 19 304 191 247 285 287 188 403 174 149 260 296 171 47 5 20 150 1 30 119 234 366 268 381 44 384 126 340 57 350 233 92 113 18 318 177 37
119 257 37 45 91 127 329 123 47 14 245 381 406 293 272 166 53 280 294 8 28 285 95 193 321 19 253 202 18 320 268 366 415 394 92 126 218 318 397 164 113 390 56 407 288 140 403 250 227 60 40 236 382 335 224 201 190 291 195 322 39 108 102 395 310 339 358 404 209 400 420 69 152 5 304 228 82 122 198 367 55 233 34 350 54 3 133 59 32 168 206 261 325 115 276 418 259 237 283 141
51 27 349 199 395 73 69 291 201 335 227 133 55 339 276 122 39 190 209 198 82 382 108 322 34 310 60 404 261 32 315 236 358 337 247 365 40 152 142 29 195 304 416 325 228 420 99 356 3 149 202 318 212 188 423 350 367 16 12 237 57 95 283 193 259 222 366 260 119 296 123 400 174 191 278 102 19 206 397 287 91 47 150 54 128 126 18 415 234 59 30 399 78 381 24 285 321 171 407 113
129 289 409 23 162 217 52 240 112 180 392 25 101 58 132 295 357 316 63 124 388 348 412 84 342 22 286 145 410 169 266 345 147 118 354 103 86 375 328 71 327 361 225 76 251 56 341 184 208 205 288 329 17 399 59 110 24 372 189 107 140 75 127 363 294 45 38 418 242 182 14 279 65 206 406 62 319 230 105 154 386 46 311 320 179 272 61 263 183 253 109 221 257 350 302 136 252 148 37 280
381 245 123 47 293 91 119 257 37 8 53 280 127 19 28 45 329 285 166 14 406 415 272 294 268 397 390 403 126 95 253 320 394 218 5 15 193 321 164 92 18 202 113 407 366 318 288 56 224 291 422 168 195 60 236 335 176 69 395 227 201 152 40 322 140 283 39 382 296 122 250 121 133 55 78 149 212 82 209 325 339 3 423 358 190 420 276 304 310 198 261 228 188 404 380 102 337 237 51 57
171 259 16 186 420 237 367 149 372 423 3 57 287 304 216 278 349 174 191 308 73 117 315 30 27 133 140 106 340 177 150 339 325 234 261 13 227 335 337 250 291 228 199 159 60 175 202 44 152 416 195 299 318 201 209 404 18 55 273 396 356 253 69 395 247 40 108 122 39 211 384 322 82 142 419 382 303 321 92 212 95 366 260 12 365 1 126 226 32 276 19 415 283 79 20 245 51 34 78 196
173 307 385 213 7 243 355 31 135 128 46 99 313 62 351 388 413 172 208 104 290 383 64 196 199 240 396 51 311 269 148 187 141 42 1 247 339 122 412 112 183 182 393 212 221 44 384 175 26 52 3 73 177 337 325 237 69 20 226 367 222 102 299 287 282 54 106 189 77 61 55 206 16 198 78 201 417 276 350 404 395 349 423 266 400 356 29 162 194 115 365 335 72 82 150 391 233 30 228 12
128 148 307 173 104 172 385 7 213 290 299 350 1 206 192 77 141 400 311 417 393 177 102 196 54 115 118 228 325 416 24 103 59 375 211 354 399 154 147 38 110 418 279 122 386 199 243 17 242 212 189 351 146 404 327 396 99 337 247 363 57 367 339 322 410 86 62 348 225 69 51 82 304 335 412 237 355 3 270 420 266 140 30 319 276 60 282 315 217 423 310 388 261 108 101 250 105 313 26 195
237 149 3 287 367 423 150 30 174 234 57 278 191 420 216 304 106 340 259 326 152 186 296 188 195 416 12 261 372 356 55 236 365 260 203 201 378 228 122 29 133 182 358 395 283 404 276 212 40 171 69 78 325 322 146 291 60 190 16 108 227 198 339 82 193 337 335 310 382 32 266 373 92 34 366 39 18 1 140 202 74 112 115 247 394 245 102 233 362 51 47 128 299 400 397 293 148 285 393 349
125 265 67 239 331 391 269 352 134 35 364 93 72 183 413 163 48 214 297 383 9 155 43 116 353 96 223 231 230 256 90 282 187 4 81 398 301 2 300 344 414 254 161 306 194 343 136 338 80 98 207 42 328 145 26 342 7 252 153 232 341 71 251 385 313 302 307 351 62 22 135 107 64 31 179 182 46 204 286 101 411 309 156 208 387 266 246 225 49 319 311 323 408 376 100 61 50 184 221 105
323 49 97 181 36 332 94 373 402 74 229 362 241 264 203 178 75 248 200 263 21 191 401 146 379 205 359 83 204 234 150 57 11 111 405 157 423 255 197 421 411 345 70 219 143 174 368 220 149 215 324 360 326 61 235 283 275 167 137 271 30 131 144 378 277 185 68 170 374 41 346 330 78 139 244 281 121 120 151 370 284 188 334 394 369 258 156 314 138 336 317 89 126 407 76 312 85 260 361 389
153 309 105 246 65 387 408 50 100 114 267 376 179 187 221 183 383 413 319 4 194 26 269 249 282 279 110 101 154 146 38 266 311 418 148 42 182 399 134 351 24 116 72 307 206 76 217 400 128 189 364 141 342 391 103 242 171 385 109 350 254 231 328 17 104 99 225 77 313 367 1 341 396 102 352 172 73 363 136 386 155 115 62 54 230 349 61 299 44 177 205 173 135 3 145 35 106 384 184 22
63 392 25 357 58 180 286 169 217 101 295 316 132 348 289 361 22 84 345 129 410 124 118 147 375 327 225 56 103 354 86 205 75 76 279 17 165 184 59 23 399 110 319 145 409 263 162 342 109 363 249 386 156 407 418 294 242 113 406 71 45 266 329 204 328 417 24 127 38 154 251 288 65 341 320 77 115 105 189 153 14 107 146 28 400 253 37 160 206 218 123 221 272 309 187 246 52 408 10 387
85 377 185 41 215 220 368 70 324 346 137 421 68 120 244 219 235 360 197 111 255 305 157 275 379 405 83 11 359 167 401 138 178 121 333 33 131 200 248 238 165 21 380 274 264 229 362 89 10 176 160 36 74 370 144 170 314 277 49 203 181 143 281 402 424 422 323 332 94 330 205 258 164 139 151 336 210 271 97 75 296 292 241 369 262 88 78 130 6 66 326 263 224 374 373 284 407 168 270 389
165 407 361 113 63 143 357 277 131 271 286 56 314 169 370 262 33 89 75 288 380 281 238 369 58 10 151 205 274 139 160 320 389 345 218 121 333 255 176 146 324 224 295 83 164 292 392 178 405 111 305 74 210 220 346 229 181 424 368 168 263 68 323 70 379 253 120 422 360 180 185 362 215 137 92 401 394 6 66 359 85 421 330 332 130 377 36 402 61 390 41 49 268 317 264 5 84 11 235 219
27 349 315 73 227 335 209 395 291 39 133 69 199 51 261 201 339 55 382 60 322 365 82 337 108 29 190 34 247 404 236 198 142 310 32 358 122 99 243 276 16 152 12 325 188 356 171 40 222 175 260 95 416 195 259 202 228 304 296 350 420 318 366 140 149 367 24 3 57 212 250 53 400 321 283 423 378 237 174 18 206 285 381 226 44 47 123 290 278 102 127 148 415 172 396 384 119 287 91 54
333 121 238 33 131 305 380 176 274 422 164 89 10 160 165 424 210 292 224 168 369 377 85 288 215 389 137 368 68 185 346 41 220 421 92 255 120 262 324 407 360 314 111 70 370 28 357 219 361 244 235 130 113 66 8 275 63 56 6 197 178 286 167 277 138 294 58 405 280 157 293 281 143 330 253 218 151 401 394 83 320 379 248 139 200 25 75 345 271 166 170 392 205 362 144 375 11 21 169 296
