87 151 102 178 48 126 190 125 13 73 128 154 16 118 98 225 6 4 221 188 236 29 41 44 14 17 54 8 37 113 72 30 189 200 33 211 230 147 109 103 26 47 227 104 62 95 21 115 172 217 203 123 149 90 166 183 148 181 24 226 110 182 42 77 195 174 39 234 68 150 22 7 28 5 146 136 164 228 237 53 207 121 2 57 184 66 81 153 15 138 130 3 219 158 79 96 52 55 186 161
207 117 185 169 184 51 28 76 58 3 141 154 228 17 21 150 138 78 166 219 182 195 59 225 5 233 98 178 173 190 16 48 191 128 40 1 198 87 79 151 6 197 130 61 222 121 66 221 13 30 109 205 4 172 188 41 149 8 125 123 44 37 88 113 53 147 43 104 217 115 176 211 126 148 102 14 73 224 83 77 167 160 194 52 62 156 213 153 202 131 64 55 212 100 34 142 71 236 199 72
102 126 87 118 73 125 54 189 151 29 26 230 14 236 183 47 103 33 104 147 62 123 217 42 227 110 200 48 178 128 57 21 13 72 229 226 234 190 15 90 158 22 24 77 39 5 186 211 95 55 203 16 174 7 38 94 208 181 182 231 68 41 2 84 136 93 85 75 97 9 164 175 122 232 146 121 161 105 172 59 154 216 198 135 74 30 143 214 124 149 221 162 37 4 98 235 17 119 116 195
102 126 87 73 151 118 54 29 125 236 14 230 189 26 103 33 47 183 62 104 147 178 217 200 227 123 48 110 72 42 13 128 21 57 190 226 24 234 90 203 77 16 211 95 22 4 15 181 7 98 39 229 221 68 37 41 225 182 5 161 174 85 30 93 6 55 84 94 146 9 164 149 8 136 2 162 231 97 158 208 175 154 188 172 113 121 44 195 143 135 109 122 216 235 115 186 232 38 116 198
226 162 235 234 143 164 84 175 161 208 90 94 9 231 22 85 97 15 135 230 103 2 227 24 93 7 121 39 33 229 136 174 122 57 55 110 216 146 42 119 131 198 183 203 155 68 189 200 105 170 35 181 124 101 132 54 26 95 126 223 163 47 29 104 147 19 220 78 59 21 62 145 100 217 96 218 86 14 138 31 74 172 179 236 114 123 112 211 139 77 153 27 214 180 232 215 116 43 73 210
77 149 154 13 30 113 41 11 44 8 130 115 109 221 178 37 195 4 16 150 188 225 6 138 98 110 148 190 166 144 173 48 78 81 108 172 222 87 79 237 233 219 42 211 141 116 151 96 73 124 102 58 183 40 118 5 3 199 88 59 57 32 43 228 134 229 126 17 34 139 198 184 191 196 15 123 128 61 94 169 230 143 28 35 235 21 50 89 83 104 71 125 86 231 135 208 176 55 132 160
149 42 77 110 15 11 229 57 231 41 235 135 208 94 150 116 183 175 138 130 78 174 96 84 13 198 124 143 30 55 8 230 48 121 162 97 59 211 93 234 126 166 119 161 2 123 147 237 172 101 216 9 195 85 144 74 73 154 22 226 164 39 136 26 122 137 113 115 232 178 7 217 227 190 189 173 40 109 37 24 21 44 108 151 87 5 75 6 102 43 61 170 139 71 114 104 19 125 188 134
231 208 55 174 175 15 39 97 135 122 93 136 84 22 121 9 235 198 85 2 164 230 161 24 94 7 162 42 229 226 59 234 95 211 110 227 216 203 183 90 126 57 73 143 123 146 26 40 189 78 33 147 68 181 61 103 21 14 217 125 104 149 236 151 62 200 102 87 54 77 5 197 41 47 118 116 48 119 150 124 96 170 35 137 30 178 29 172 138 74 13 195 8 19 101 190 11 154 114 182
208 231 175 97 9 93 55 174 135 84 22 164 161 85 162 235 136 122 2 7 121 198 94 24 39 226 234 216 143 146 90 15 181 68 59 227 230 95 203 33 40 211 42 229 200 183 26 57 61 78 110 123 189 103 147 73 54 126 21 217 197 236 14 104 119 62 125 102 149 29 5 74 101 41 151 47 232 87 150 114 118 77 96 170 124 116 105 19 75 137 30 215 173 182 72 172 195 8 13 35
208 231 9 84 97 162 164 175 93 161 135 235 85 22 226 24 143 55 94 136 7 121 174 2 234 122 39 198 146 90 15 216 68 181 227 33 230 59 229 203 200 42 57 95 103 183 110 78 189 26 54 211 147 40 123 61 119 73 217 236 14 170 62 104 21 126 197 29 105 47 19 74 101 102 124 232 125 114 75 96 215 118 137 5 35 77 27 116 41 172 151 149 218 163 155 111 20 173 150 182
47 175 227 231 85 103 97 9 29 135 143 206 208 22 146 161 164 93 235 62 33 234 126 94 2 174 7 26 84 236 162 226 121 136 14 104 230 55 137 122 211 90 181 217 147 54 39 189 192 78 198 95 102 68 200 129 183 118 203 42 27 41 81 133 170 123 237 73 216 80 87 72 32 12 19 30 59 24 57 171 150 184 108 8 144 195 15 173 149 37 218 172 125 229 153 21 99 187 188 166
47 227 103 29 62 236 104 14 94 230 234 26 226 206 22 147 217 189 175 143 123 162 33 126 54 85 161 231 164 174 235 2 118 84 9 146 97 183 39 7 55 90 24 102 208 121 93 135 203 95 137 181 200 136 192 68 87 211 198 122 133 78 27 158 129 32 237 12 42 38 5 57 59 81 73 105 229 186 21 171 216 170 108 151 125 119 182 110 41 30 72 15 75 114 19 8 210 232 144 101
237 47 206 103 137 227 81 62 108 192 230 104 126 217 236 26 14 29 189 133 158 102 27 32 143 147 144 123 118 186 87 210 38 78 235 12 234 129 94 226 162 209 106 171 80 170 174 153 201 15 5 72 125 211 40 145 95 122 59 105 2 198 54 22 33 187 178 85 193 151 161 136 16 41 84 177 75 55 175 218 90 183 231 119 140 115 24 8 148 88 89 61 101 182 30 39 82 194 20 56
47 227 103 29 62 236 104 14 94 234 147 217 230 226 26 143 206 175 123 189 162 161 9 85 174 22 126 84 54 231 33 97 164 55 137 235 121 93 2 136 208 118 200 237 7 39 146 181 95 122 90 27 133 198 24 192 203 87 135 102 68 210 12 129 21 211 183 170 5 158 81 171 182 59 15 32 108 78 151 186 105 80 119 57 125 144 38 229 82 187 72 114 216 232 42 73 19 101 115 219
47 175 121 211 103 62 29 143 9 164 85 206 227 22 39 126 104 236 78 208 135 94 146 161 231 174 33 235 95 2 84 97 136 7 226 30 147 14 203 41 200 162 217 122 133 137 54 26 8 93 68 181 81 12 184 237 234 24 192 37 102 80 150 90 19 55 27 72 166 108 189 32 172 28 180 230 6 195 198 123 170 118 188 5 129 59 16 218 73 144 216 42 87 183 194 138 113 4 149 15
175 47 231 227 9 85 164 97 22 135 143 208 161 103 29 146 94 235 93 84 2 174 7 206 162 121 33 62 226 136 234 236 126 211 26 122 39 14 55 147 104 181 217 230 68 137 203 54 95 90 102 24 198 200 78 189 41 183 192 42 123 30 216 129 184 73 237 27 59 81 118 19 87 8 72 170 133 150 80 32 12 108 15 195 171 57 144 21 173 172 218 166 37 125 16 188 149 229 115 6
175 47 85 227 231 103 9 97 146 135 235 29 22 26 33 143 206 174 161 94 62 7 2 84 93 136 162 164 208 122 226 121 234 230 181 55 90 126 14 236 189 39 104 54 137 68 95 217 147 211 118 183 200 198 27 203 216 102 78 170 129 73 192 123 24 229 87 57 42 171 80 59 125 15 133 19 153 151 32 12 237 81 41 72 218 158 30 184 38 108 186 172 187 21 110 195 8 180 82 144
144 108 130 148 81 237 138 32 79 37 188 115 113 166 44 150 6 221 28 109 184 41 66 149 77 195 16 4 98 30 8 172 53 225 169 52 178 88 12 116 11 117 96 192 207 43 199 63 13 194 165 72 19 78 190 176 48 133 187 180 206 34 134 137 80 185 196 89 154 156 145 3 10 160 224 233 124 83 71 121 131 82 1 173 86 49 228 210 51 153 141 129 143 177 170 139 100 235 193 76
86 153 66 79 145 180 53 194 88 218 52 190 176 138 63 6 77 155 43 188 44 184 34 113 165 148 166 28 100 131 48 120 117 152 163 31 237 179 111 35 130 207 13 221 199 169 196 4 214 70 112 49 172 11 132 156 223 10 71 185 45 134 1 139 137 128 151 108 220 18 98 224 81 144 27 96 167 149 225 37 32 80 124 116 178 16 115 20 154 51 101 150 30 109 41 105 187 205 8 171
121 175 47 164 78 22 62 9 85 231 211 143 208 97 84 147 217 135 136 39 104 227 161 29 93 95 226 203 103 2 94 206 24 162 14 236 235 122 146 174 234 126 7 230 55 200 68 198 41 33 42 15 133 30 181 26 123 137 90 21 59 54 19 183 184 5 172 192 8 189 102 229 12 150 72 27 73 149 216 57 6 195 110 153 169 37 99 166 207 170 142 117 20 237 3 125 168 182 81 116
119 105 215 101 75 74 232 91 186 158 114 23 38 96 124 86 116 20 60 145 153 34 99 179 64 111 31 196 165 137 45 70 139 194 218 49 213 172 234 152 112 110 11 43 155 100 167 156 83 25 27 214 143 92 199 78 35 226 134 227 223 224 120 183 46 131 176 67 237 90 63 69 163 189 127 22 180 36 71 206 50 57 157 220 230 198 204 10 162 102 221 65 59 229 94 128 47 121 160 66
47 29 227 103 236 14 62 226 234 104 94 126 230 26 147 189 206 143 22 217 54 123 161 102 118 55 87 137 90 164 33 162 175 85 9 231 84 235 174 39 2 27 171 203 129 93 24 146 7 97 158 208 200 181 121 133 192 95 38 136 122 21 198 187 135 210 183 211 237 12 186 82 68 80 125 105 114 182 73 119 72 57 232 5 59 170 40 75 151 101 42 32 215 41 219 218 81 74 61 19
47 103 227 29 236 14 234 62 104 226 126 147 217 143 123 94 206 230 102 26 137 235 27 87 189 158 175 90 237 162 118 55 171 161 231 38 22 84 85 174 192 2 93 54 211 9 129 39 164 186 97 208 7 122 75 95 133 210 187 135 136 146 21 203 33 232 125 5 121 198 32 24 170 80 181 73 81 114 12 200 57 182 82 105 41 108 215 183 59 42 101 74 68 40 19 151 72 119 144 78
29 47 103 14 236 62 54 227 126 26 104 230 102 87 226 189 94 118 234 22 33 123 161 147 85 73 146 217 175 24 55 84 183 90 200 164 231 162 38 9 158 206 143 129 42 235 7 39 174 137 125 181 68 203 2 97 93 105 186 171 32 122 208 21 27 110 95 133 72 59 135 151 121 211 198 182 40 136 37 119 232 101 16 82 215 57 12 75 41 81 144 192 178 114 5 61 74 108 187 228
144 108 130 138 77 81 237 37 149 148 150 44 41 6 30 188 184 79 32 113 221 195 225 166 115 109 172 28 8 98 169 4 16 117 178 78 13 207 53 66 88 48 154 43 11 116 190 185 96 52 121 211 124 51 3 173 156 42 72 196 199 194 34 134 163 126 151 76 71 228 59 153 224 5 20 19 100 86 87 160 31 131 89 176 110 136 45 83 180 10 70 205 73 58 135 233 216 143 142 120
144 108 77 130 149 237 138 225 6 81 32 98 148 178 150 79 172 221 78 109 44 115 166 113 13 41 184 30 154 188 66 16 190 195 4 169 53 8 207 37 48 117 28 121 11 88 3 185 151 86 228 5 153 43 141 116 156 21 211 63 59 58 87 71 42 219 96 83 233 126 199 51 72 182 173 160 165 34 193 89 128 224 134 76 196 20 52 163 124 147 131 143 123 176 198 142 194 152 73 100
86 153 180 218 145 63 194 165 152 132 66 18 111 100 220 53 155 214 176 52 163 79 179 10 49 80 139 131 120 224 35 70 31 137 156 196 112 45 167 88 27 34 190 1 43 134 223 71 117 205 51 185 28 199 20 170 184 128 187 213 207 76 64 212 193 89 67 166 48 169 201 192 206 99 11 138 65 133 142 69 36 210 148 168 44 157 160 6 91 107 12 46 204 101 127 143 151 140 19 83
119 215 105 101 75 114 74 158 186 232 91 38 23 86 96 124 60 153 116 145 218 20 34 152 137 27 49 165 64 199 143 47 213 196 134 234 63 227 194 172 226 179 139 112 111 99 192 71 35 171 31 180 237 133 10 43 220 210 155 162 206 129 103 70 66 100 45 80 92 189 167 132 176 89 223 102 156 163 110 11 69 50 78 88 32 187 12 67 230 83 25 90 131 214 18 224 120 94 62 126
47 29 103 227 62 236 234 226 14 230 104 206 217 147 22 126 174 94 26 54 2 164 102 33 189 161 9 175 162 95 90 137 143 123 39 85 55 27 97 24 158 203 93 7 136 208 146 231 181 211 183 200 129 192 84 133 122 171 121 235 38 118 170 72 87 198 12 237 135 186 68 80 210 182 187 114 75 19 21 42 125 32 57 82 73 216 229 81 41 78 15 5 151 215 119 232 105 153 59 218
47 227 29 206 143 103 104 94 102 126 14 62 226 236 234 175 22 85 161 147 137 162 230 54 39 211 235 72 27 146 217 208 200 55 174 33 164 9 118 123 26 84 231 87 121 192 2 158 122 135 129 90 133 59 24 7 198 93 171 189 136 203 41 32 186 38 97 78 95 12 21 80 237 181 73 37 68 105 150 81 61 19 170 219 187 30 166 8 60 115 183 228 108 40 42 125 5 82 195 144
108 144 130 138 149 81 237 77 150 148 6 41 30 184 188 37 32 44 78 172 195 166 225 28 79 98 221 207 115 113 8 13 117 169 109 4 178 48 16 53 121 66 190 88 185 211 154 43 96 11 116 51 156 194 42 153 126 235 124 52 175 71 100 173 59 86 5 3 224 145 151 216 19 134 143 163 135 31 136 84 198 63 87 208 34 76 199 72 131 95 2 147 20 122 174 160 180 196 45 21
77 130 149 108 138 144 78 184 79 150 237 117 207 148 66 169 166 13 190 32 172 88 11 6 115 81 225 71 121 30 28 44 53 41 154 86 109 185 48 153 195 51 156 43 163 63 100 98 221 134 1 96 199 224 131 120 178 145 205 188 8 165 116 113 31 194 37 3 176 235 4 143 16 42 139 167 208 34 196 76 211 151 21 35 59 19 124 198 52 233 70 175 20 10 135 5 152 173 227 218
86 153 180 145 218 194 66 165 63 111 53 155 88 79 152 214 100 176 163 18 52 131 34 31 49 35 179 10 120 70 223 220 132 43 156 20 190 112 27 1 71 45 139 137 224 167 196 185 199 213 117 80 11 48 99 51 205 28 207 96 64 134 76 169 184 6 128 138 148 124 170 101 188 89 172 113 119 151 83 60 192 13 67 210 166 15 160 116 50 44 105 225 91 36 4 187 77 193 69 212
77 130 227 149 165 109 226 150 16 138 163 88 186 234 66 172 20 120 225 133 185 63 195 214 230 148 187 86 131 27 221 108 12 115 29 90 105 184 60 144 32 79 121 166 182 156 176 94 137 78 43 153 82 237 62 171 47 126 80 44 189 169 170 6 207 190 113 13 158 210 98 71 103 14 1 51 152 117 102 192 143 223 155 218 30 179 41 34 180 178 233 57 236 224 38 211 183 87 55 104
119 105 215 101 74 75 158 186 232 114 38 91 23 96 124 86 116 153 60 20 137 34 47 145 143 227 234 99 27 49 218 226 172 192 199 78 103 194 94 165 139 71 64 206 189 134 237 196 118 31 111 162 152 100 90 121 112 63 126 102 180 213 230 57 179 10 62 110 22 198 29 156 104 236 167 70 12 88 133 235 80 35 220 14 171 32 217 43 66 155 223 210 214 224 138 170 229 59 25 45
47 227 103 29 14 236 62 158 137 104 189 26 118 230 126 102 206 234 186 217 27 123 38 226 87 147 237 125 54 75 215 94 90 105 143 232 32 192 133 151 33 119 101 74 129 162 114 55 80 153 39 187 171 95 22 235 174 122 85 211 161 12 21 108 40 59 198 183 81 128 72 182 210 229 24 73 200 84 57 218 203 5 82 175 2 93 7 170 145 208 231 9 164 178 136 181 48 15 152 110
47 103 29 62 236 227 14 104 54 26 126 85 230 226 102 146 161 33 175 22 94 234 189 9 162 147 217 68 7 164 39 84 200 206 235 87 174 2 181 231 183 122 24 73 118 97 203 136 143 93 90 95 208 211 55 135 129 123 158 72 42 229 125 121 137 110 38 27 186 171 133 151 198 32 15 59 41 81 105 195 192 21 216 12 237 16 182 80 57 37 8 108 30 78 115 170 178 5 113 172
47 103 29 175 85 62 146 126 9 161 33 227 135 236 14 7 206 231 97 22 104 84 94 54 235 26 2 162 143 226 102 122 164 93 181 68 39 230 208 174 121 136 211 90 137 27 189 200 234 203 73 217 32 55 24 95 72 129 192 183 147 81 80 184 118 216 133 170 37 172 19 41 42 171 158 218 87 108 180 198 144 30 237 12 38 195 123 8 59 28 116 229 15 6 151 186 66 188 57 113
47 103 29 62 146 175 85 9 33 126 181 54 161 22 236 7 227 68 200 26 94 206 97 14 164 226 231 104 84 39 174 93 102 143 162 2 135 203 234 95 230 235 208 90 147 136 189 121 122 217 137 129 55 24 211 72 73 183 27 216 19 133 192 170 87 42 81 118 123 41 32 115 80 198 37 8 171 158 151 184 125 30 15 38 12 195 108 186 229 113 150 237 16 6 59 144 180 172 218 188
29 47 103 14 236 227 62 104 230 126 54 189 26 147 234 102 217 226 123 94 118 33 87 22 158 24 39 175 200 161 183 186 38 164 162 84 203 125 174 90 143 85 137 21 206 2 55 231 9 73 95 146 208 7 235 151 42 27 136 211 122 97 75 68 5 232 72 129 181 110 93 105 121 133 198 119 182 74 135 171 114 15 229 12 215 237 32 59 57 210 192 80 101 82 218 153 178 16 170 221
144 108 130 138 81 148 237 37 149 32 188 150 79 41 6 44 195 166 113 30 77 115 221 172 184 4 28 98 225 8 109 78 16 169 117 178 116 66 207 13 121 96 48 53 88 43 190 124 52 11 126 173 154 185 86 194 89 72 211 19 51 180 3 12 59 153 160 193 56 145 199 143 34 5 235 87 175 198 196 216 42 76 192 137 100 165 228 20 63 106 107 151 83 174 177 163 94 84 142 233
144 130 108 138 150 149 81 148 195 237 77 32 184 79 37 188 113 169 78 30 225 6 166 115 44 28 117 207 221 41 109 172 173 8 4 98 16 185 154 13 178 66 51 48 88 121 190 11 3 59 53 116 76 96 61 43 156 52 58 5 194 141 211 233 142 196 160 212 34 83 100 228 198 199 224 40 219 134 124 86 71 1 45 19 163 31 167 176 159 145 122 73 139 182 168 131 213 12 197 153
86 153 180 145 218 194 66 53 165 63 79 155 111 214 176 100 120 88 52 163 131 132 34 156 70 152 223 18 31 49 179 137 45 224 35 167 10 139 43 220 190 71 1 112 185 196 117 20 27 199 80 207 51 28 11 134 205 138 169 76 184 48 89 166 96 213 99 148 170 128 193 151 172 64 124 13 6 77 201 192 44 116 113 101 209 210 107 188 60 237 187 105 12 119 216 206 78 56 67 160
148 138 130 108 144 79 28 184 188 6 44 166 66 113 81 53 207 117 221 172 77 237 169 37 52 115 88 4 149 98 225 32 150 194 86 180 185 153 30 43 51 63 109 100 11 41 176 190 48 76 145 131 8 165 16 116 195 96 34 89 218 178 31 78 155 19 10 1 196 13 132 70 120 156 124 163 220 35 199 121 72 224 152 45 112 49 167 193 71 214 179 223 160 20 83 139 3 12 80 205
78 149 185 51 138 117 121 207 150 130 76 169 184 77 100 211 156 142 212 59 194 168 71 79 159 28 136 30 175 202 224 197 41 1 195 108 213 144 153 198 167 95 163 191 208 172 5 205 31 57 66 43 131 55 97 40 122 20 3 145 67 173 139 220 58 237 86 135 166 190 216 65 179 115 93 88 36 160 70 73 39 42 6 15 11 231 61 8 10 126 225 64 204 233 21 83 22 63 19 84
78 185 159 51 59 168 212 202 150 197 117 76 121 40 67 142 65 169 191 61 69 184 205 130 213 64 207 25 173 157 127 156 36 58 83 204 3 211 138 198 46 20 31 1 5 179 160 195 163 149 71 104 100 92 50 153 224 28 21 99 32 108 17 70 95 19 172 167 228 206 175 217 39 147 62 60 122 137 141 219 233 144 134 30 145 139 222 192 182 154 45 120 63 237 55 77 194 136 115 131
78 185 51 76 121 207 117 169 150 184 168 142 130 159 212 202 197 59 138 173 149 28 40 211 65 195 191 67 61 175 198 213 3 58 69 160 36 100 5 204 136 64 122 83 108 95 157 127 55 156 30 21 46 99 1 205 104 233 25 228 60 182 97 224 144 219 19 68 172 194 208 9 39 79 163 166 93 147 225 20 179 141 41 237 153 135 154 231 2 115 8 85 31 203 84 62 164 216 167 206
105 101 119 75 232 215 74 158 186 38 114 91 23 60 99 153 86 20 124 96 234 116 227 226 137 83 47 27 230 90 206 152 103 64 102 29 110 133 210 87 213 189 151 34 160 145 62 218 192 14 111 143 12 236 118 183 172 187 49 128 221 57 237 11 22 162 165 126 171 13 176 104 129 80 199 214 88 196 94 82 229 43 125 182 4 63 26 55 134 48 154 223 32 179 181 39 31 170 200 235
47 227 29 103 236 230 14 126 234 62 226 189 104 147 217 26 102 123 143 94 137 206 118 54 87 27 235 175 162 153 22 90 183 158 33 122 208 231 84 125 21 174 237 161 85 121 170 39 57 97 186 9 38 135 192 151 164 136 80 210 198 2 15 55 93 211 73 42 7 24 218 48 200 146 171 133 72 203 12 95 81 105 75 178 110 145 59 114 19 5 119 32 232 172 129 182 187 229 96 101
29 103 47 33 146 181 227 54 62 226 200 9 26 85 68 7 164 22 236 161 90 174 230 102 175 126 203 2 234 94 14 189 97 206 24 93 95 39 136 55 118 231 162 122 84 183 104 208 143 235 135 137 72 216 211 87 121 217 147 27 73 129 42 192 19 198 158 32 57 41 38 133 123 186 229 171 105 125 119 15 81 110 101 170 59 75 8 114 80 237 37 182 151 115 187 82 210 172 108 12
29 103 47 227 146 226 33 85 236 54 26 161 230 14 9 62 175 7 234 126 94 231 22 84 102 68 97 181 162 90 93 164 200 235 189 122 2 183 136 55 39 208 104 24 135 118 203 143 174 206 87 73 42 217 95 137 121 147 27 198 158 38 105 129 211 123 216 186 229 72 110 57 125 192 59 170 41 119 101 151 171 32 133 114 15 19 215 40 61 182 21 80 8 232 75 195 197 81 99 172
29 103 47 227 85 161 33 146 236 226 9 26 54 7 14 62 94 102 230 231 97 234 162 175 22 68 181 90 84 126 93 55 200 143 164 183 235 122 104 189 136 135 118 174 87 2 208 39 206 203 42 24 95 217 73 147 129 121 198 211 137 38 216 186 158 41 123 110 27 72 125 151 105 59 192 32 57 8 171 229 119 195 182 30 101 150 37 133 81 21 19 40 108 170 15 144 115 178 215 16
29 47 103 236 227 14 62 104 54 230 189 26 147 217 126 226 94 234 123 118 33 102 87 161 143 22 200 206 183 164 162 85 175 24 137 174 231 84 9 235 39 21 2 90 136 7 158 125 133 122 208 146 73 203 55 27 129 97 211 121 93 151 95 12 5 38 186 135 192 42 68 182 181 237 41 110 171 178 105 114 16 198 72 32 215 119 210 232 80 15 57 8 75 219 59 30 228 37 81 229
144 108 130 138 81 237 148 150 32 37 188 149 41 195 6 30 44 115 184 113 166 221 225 8 109 28 98 77 4 79 16 172 169 178 78 13 207 117 66 53 173 96 121 154 116 88 48 72 185 11 3 52 190 19 211 228 43 124 192 233 59 160 87 198 141 76 12 51 83 137 156 143 126 5 58 199 86 94 219 34 89 235 194 206 182 216 40 174 193 56 61 187 175 142 224 196 84 212 42 164
144 130 108 138 149 150 148 237 81 184 195 32 166 77 28 37 169 79 225 78 117 109 207 30 115 188 113 6 173 41 44 172 8 16 221 51 98 4 185 76 66 3 88 154 13 156 233 121 178 53 11 142 212 19 141 48 224 43 228 190 71 61 192 160 1 58 52 83 168 159 219 205 213 134 194 199 59 72 12 34 96 5 116 202 67 36 100 211 145 139 204 167 143 10 40 182 86 196 198 176
86 153 145 180 218 66 111 194 214 88 165 53 155 79 176 34 63 18 52 31 70 120 163 190 100 152 179 131 45 49 156 10 43 35 223 137 132 185 196 199 139 80 167 224 20 27 48 112 1 11 128 28 207 220 148 138 117 134 210 44 13 151 6 71 51 184 4 113 166 169 188 96 89 205 154 101 76 233 221 119 237 124 192 170 77 213 193 105 201 99 172 178 3 12 227 216 209 225 114 60
144 108 130 148 138 79 184 28 81 166 66 6 188 237 113 44 77 207 221 172 117 37 32 169 53 115 150 52 225 4 88 194 149 98 86 185 180 30 41 109 153 11 195 48 43 51 76 8 190 176 100 16 13 63 116 131 178 145 34 78 165 96 19 70 89 31 121 214 155 20 199 163 124 196 120 35 10 218 72 132 45 1 193 179 156 3 71 112 224 151 152 137 83 154 60 160 49 220 167 223
78 185 168 142 159 51 117 150 76 207 121 59 202 212 184 65 169 40 67 149 61 130 213 211 28 64 36 138 69 3 127 204 108 197 30 156 157 198 46 195 41 8 191 173 160 83 154 205 175 237 55 17 58 137 100 122 136 233 19 172 1 50 25 224 95 153 206 99 5 194 71 228 182 227 144 104 145 81 20 167 163 134 166 62 179 80 225 141 16 79 192 208 190 92 97 93 219 178 126 63
185 184 117 149 76 51 207 78 138 169 156 79 130 66 28 224 1 194 150 43 100 168 71 142 121 108 159 212 144 77 163 153 199 196 220 139 202 134 213 10 63 205 86 65 167 166 49 145 237 180 176 204 132 179 36 88 190 137 218 160 34 233 64 69 81 31 157 131 3 20 155 52 41 175 165 53 35 115 127 30 46 60 32 59 83 19 206 67 173 211 126 120 80 143 197 40 70 25 195 148
78 185 51 76 117 207 212 168 202 142 159 150 121 184 169 130 138 204 59 65 40 195 197 28 69 173 61 149 108 36 213 46 67 156 191 157 127 175 25 144 160 198 1 60 194 205 55 66 122 79 237 137 163 83 99 100 64 3 206 32 211 153 224 73 136 126 92 20 19 50 216 97 179 47 5 30 145 81 135 139 31 228 227 231 235 41 134 143 172 104 125 93 208 225 167 43 102 48 62 80
119 101 105 74 232 75 215 114 91 186 158 23 38 124 86 96 116 20 111 153 34 172 60 88 99 199 11 155 214 145 165 196 223 131 49 179 218 89 176 163 45 31 134 50 139 53 100 112 43 83 35 156 180 57 137 120 110 185 77 71 201 138 10 167 220 152 194 209 70 190 226 132 221 63 234 92 46 13 25 126 27 102 64 213 127 216 177 128 224 90 36 44 48 143 154 66 56 22 65 1
200 33 54 181 29 68 146 7 236 103 72 203 189 14 9 26 136 95 230 174 126 47 62 226 97 2 24 85 90 93 164 22 161 227 39 55 87 175 102 183 147 122 217 234 211 208 231 104 84 162 121 135 94 73 118 15 143 235 42 151 198 57 41 216 172 123 125 110 8 30 21 182 206 19 232 114 119 178 229 192 137 171 5 75 129 27 16 133 59 101 158 80 170 98 105 225 82 150 187 221
200 33 54 181 68 14 95 236 26 47 126 147 62 72 203 189 29 136 103 7 102 146 230 104 217 90 39 125 2 211 87 151 174 122 183 9 85 22 24 93 15 55 73 175 97 164 227 123 226 161 121 162 118 84 208 21 57 231 135 234 206 27 235 110 137 42 172 198 229 143 5 158 94 216 129 48 186 99 182 153 171 78 19 178 38 6 117 180 192 133 98 30 218 41 207 80 59 8 18 12
200 33 54 72 181 68 203 29 236 189 95 103 26 14 7 24 146 211 62 227 126 174 230 136 102 226 39 47 90 2 87 164 9 22 104 234 147 183 161 85 217 93 122 94 175 97 55 216 118 15 162 84 151 121 208 231 125 41 57 143 235 135 123 73 158 42 172 30 186 206 182 178 8 198 21 12 16 133 137 110 27 171 38 232 75 19 129 37 114 98 184 82 5 28 229 192 6 80 225 210
200 54 33 29 236 68 26 14 181 103 72 203 95 126 62 189 146 7 47 102 136 104 87 230 147 211 39 24 9 90 2 85 183 174 217 93 22 161 227 73 164 226 97 118 125 175 162 151 84 55 231 123 122 234 135 15 208 42 41 110 235 94 121 30 8 172 21 16 182 143 5 216 229 37 158 178 57 4 98 38 206 6 171 129 221 186 115 225 198 109 120 137 184 32 133 188 13 44 82 195
181 146 7 9 68 136 97 85 200 174 93 161 2 33 231 175 164 22 135 84 90 122 24 226 208 162 55 235 216 39 234 94 54 143 203 72 227 103 95 121 230 198 26 29 189 211 236 14 47 15 126 73 62 183 147 87 217 104 59 57 42 102 125 118 123 41 110 151 229 206 19 21 78 40 61 30 8 172 170 197 137 182 129 192 38 178 171 114 158 232 149 5 119 99 186 133 75 27 101 105
200 33 54 181 68 29 146 72 26 7 203 236 189 95 103 9 14 230 126 174 85 2 136 183 87 47 24 97 62 90 93 39 161 22 84 164 175 102 231 135 226 55 227 147 73 42 162 125 122 104 15 217 235 211 234 216 208 94 57 118 110 123 151 143 229 121 198 38 158 172 19 206 186 129 21 171 137 41 232 27 114 170 75 182 101 119 105 192 23 99 215 5 178 8 80 30 187 82 116 74
130 150 195 37 41 138 8 30 109 115 113 4 221 16 188 98 44 225 6 173 148 166 144 178 108 172 184 81 149 77 28 154 13 78 237 79 32 228 169 211 59 61 3 233 40 141 191 198 87 116 182 219 58 117 19 96 72 207 66 73 197 121 55 5 126 185 43 102 124 222 11 48 190 146 123 88 76 21 122 51 7 196 151 129 230 22 181 94 60 93 12 175 104 147 34 133 200 204 199 160
130 150 195 138 37 109 115 8 41 30 113 225 188 4 98 148 221 6 144 16 44 173 166 108 149 77 184 178 81 28 172 169 79 207 78 32 237 154 59 185 13 76 117 141 228 3 61 51 233 211 66 191 121 58 40 219 198 19 72 48 190 43 87 5 197 160 73 182 96 116 88 11 83 126 21 222 124 55 199 196 128 151 122 12 213 175 194 212 146 1 142 123 52 224 53 120 94 60 176 34
86 153 145 218 180 194 111 100 66 163 63 155 35 132 156 214 165 152 120 49 70 131 53 223 190 31 220 179 18 10 112 167 34 45 176 224 79 52 128 137 43 196 139 185 27 117 48 1 205 51 207 71 88 134 28 151 76 199 80 184 64 213 169 202 20 212 157 142 138 65 36 67 15 13 89 50 19 209 170 168 193 159 56 107 17 201 25 166 125 197 210 96 106 11 69 233 126 60 206 237
86 153 145 111 100 194 163 70 31 120 218 131 35 112 179 223 220 45 132 66 155 139 214 167 156 34 10 224 43 176 205 79 49 180 88 1 53 71 196 52 134 11 20 199 117 51 63 207 78 166 185 190 165 48 169 151 76 128 138 152 184 172 18 57 121 28 124 77 198 96 67 59 15 27 229 116 110 137 64 208 21 183 154 125 13 99 150 170 91 36 73 212 213 202 60 50 19 17 69 42
130 37 138 221 79 4 113 6 109 115 188 44 195 225 148 150 98 77 30 8 16 184 41 166 66 28 117 172 207 169 149 178 52 53 43 185 190 88 194 13 176 86 76 144 51 48 131 120 116 100 111 180 35 173 108 70 179 124 155 154 11 112 153 151 81 1 145 220 139 132 211 45 196 96 19 128 163 31 218 78 214 32 34 223 121 165 237 126 87 3 199 160 89 63 224 12 156 212 228 83
185 76 51 207 169 117 173 184 150 191 59 78 61 197 28 1 40 58 141 195 228 138 182 130 205 198 3 233 121 21 219 55 25 73 212 214 166 19 5 65 69 202 167 156 224 222 57 204 216 122 66 83 41 36 115 67 160 157 95 168 60 77 159 17 109 102 194 176 127 8 39 181 142 172 213 154 16 45 179 137 68 125 34 46 70 92 149 64 111 50 93 22 90 30 206 211 120 31 188 9
130 150 195 173 138 185 51 76 184 207 191 169 117 28 61 197 144 59 40 78 109 113 115 37 108 225 188 16 6 41 58 30 3 228 141 149 148 166 8 221 77 4 222 198 44 233 98 1 219 182 154 5 81 205 160 121 172 79 224 212 60 32 73 156 178 66 83 142 204 159 237 214 25 213 21 179 194 168 167 88 69 55 13 202 122 65 176 70 120 92 157 50 34 43 190 46 123 100 126 99
185 76 51 173 191 150 61 207 197 195 130 40 169 59 117 58 78 184 228 141 182 28 3 138 233 219 212 198 222 202 159 142 1 168 205 65 121 36 109 160 25 69 149 5 157 213 83 60 115 204 21 154 127 144 225 46 64 67 16 55 156 92 73 108 224 166 30 8 17 41 50 98 221 37 122 167 188 216 6 99 113 214 77 104 4 32 120 194 211 179 81 66 19 123 44 97 237 79 128 172
119 91 101 74 232 105 75 114 215 23 186 158 38 124 96 86 116 111 153 172 45 214 223 163 131 34 145 120 31 155 216 11 179 218 190 88 57 180 176 112 185 66 27 90 100 52 20 128 151 165 35 70 48 194 43 156 152 6 102 126 137 167 50 189 117 53 226 10 87 60 110 221 207 49 4 113 25 139 188 19 224 154 1 220 227 55 18 198 76 63 199 234 39 51 99 73 36 229 71 174
130 37 109 195 8 115 4 30 150 113 221 41 188 44 6 16 98 225 138 148 166 178 77 173 184 149 79 28 144 108 172 81 13 169 32 211 66 87 237 154 207 116 117 72 151 126 88 11 43 228 48 19 52 190 73 59 78 3 53 124 198 185 196 96 95 61 110 182 146 76 7 51 40 191 104 102 121 22 5 141 233 175 181 39 183 58 219 42 179 68 70 203 174 14 120 55 90 176 62 24
130 195 150 37 109 98 138 225 4 115 16 6 113 221 188 8 30 41 148 166 44 184 173 28 144 178 169 207 79 77 108 149 117 172 185 76 51 81 66 32 228 154 13 78 3 72 59 237 48 87 141 121 191 190 88 61 58 198 128 211 182 43 151 1 197 233 160 52 53 116 40 219 19 126 194 73 21 5 12 83 224 34 60 11 120 122 146 175 14 123 212 176 205 124 70 222 55 104 204 96
86 153 180 145 218 194 66 165 63 10 100 132 163 53 49 155 35 214 79 220 112 18 34 179 223 131 111 70 88 52 120 152 139 156 167 27 137 45 31 176 71 224 43 196 134 190 1 80 199 20 205 48 28 185 187 117 133 148 192 12 170 184 128 51 89 210 206 11 76 207 166 113 19 171 138 96 6 169 237 151 44 60 124 81 188 50 116 77 213 32 172 13 69 82 25 64 99 83 201 65
86 153 145 218 180 111 190 63 194 35 128 66 152 48 100 163 18 165 155 132 214 10 220 112 131 49 64 120 34 70 223 179 31 80 79 53 137 151 139 157 50 45 27 36 52 92 125 213 88 69 117 25 196 1 65 176 17 43 156 67 20 212 205 185 204 167 210 134 202 60 199 51 159 168 71 142 127 13 224 207 126 91 160 116 46 186 15 83 154 76 28 6 158 57 197 227 172 184 178 215
86 153 145 180 218 214 111 155 194 70 179 120 66 163 31 100 131 223 45 112 176 79 88 35 53 34 132 139 52 43 167 156 49 224 220 10 196 1 190 63 165 185 71 199 205 117 20 152 134 207 128 27 48 51 151 18 77 76 11 169 137 124 184 28 89 13 60 166 138 96 148 83 186 101 187 213 116 50 210 154 113 119 172 64 201 160 91 6 74 99 105 110 188 171 215 109 193 80 57 4
130 221 37 148 113 6 44 4 188 98 225 79 109 138 115 16 195 150 77 8 30 166 41 66 178 28 184 149 172 207 53 190 88 52 169 117 13 48 144 43 108 81 176 11 154 185 131 151 194 86 51 237 76 96 116 100 180 32 87 120 173 153 112 124 211 1 34 72 35 196 128 70 179 3 63 139 45 160 199 145 89 155 165 19 31 83 163 228 132 223 214 121 233 218 220 78 12 224 141 90
185 76 51 207 169 117 150 173 184 78 191 138 28 130 1 59 195 205 61 197 40 198 156 58 224 167 166 121 222 141 179 228 212 233 83 160 3 213 182 21 120 31 70 65 214 159 34 109 100 19 154 149 25 194 204 36 60 79 168 219 69 115 73 176 111 202 157 66 88 45 131 163 71 43 41 142 5 139 50 20 99 172 67 64 155 30 55 223 46 225 127 188 17 112 208 211 145 92 216 148
130 150 138 207 185 169 195 51 184 76 117 28 173 191 78 149 115 109 166 225 59 197 148 37 61 6 98 144 30 58 113 198 79 188 172 121 221 16 1 141 77 4 3 228 41 40 8 108 44 233 66 205 154 160 83 212 182 178 222 5 81 213 219 224 156 88 194 190 60 204 21 43 237 19 168 176 167 142 73 122 32 202 128 120 179 53 11 48 100 159 13 70 72 69 52 36 55 25 99 208
86 153 145 218 180 111 194 35 132 66 179 155 220 139 131 100 112 163 70 165 214 10 31 49 223 79 63 88 120 34 196 176 167 53 45 156 137 43 224 1 190 27 152 52 205 134 18 199 71 20 128 48 117 151 80 51 185 64 206 89 76 207 213 60 166 192 65 50 157 19 169 83 11 36 133 184 138 187 25 12 28 69 160 170 237 209 107 210 193 148 212 96 67 124 201 126 204 92 91 99
86 153 145 180 218 111 194 100 66 214 155 163 179 120 70 31 34 132 176 112 10 35 220 156 131 79 49 45 53 139 223 88 167 43 63 224 52 1 196 205 165 134 152 199 71 185 18 190 27 117 213 128 64 20 51 76 137 207 28 89 11 157 36 50 48 67 83 65 69 184 25 142 169 166 60 159 168 92 202 160 80 151 201 212 127 193 204 46 138 209 91 77 56 19 107 96 140 101 124 148
86 79 66 153 53 52 148 6 180 194 44 188 225 4 221 145 88 28 130 113 98 190 77 138 207 117 184 176 111 37 131 100 43 166 155 48 218 120 35 70 169 51 185 112 109 132 45 76 179 214 163 16 223 139 128 1 115 63 220 11 34 150 165 31 172 178 195 13 30 149 8 10 151 49 196 224 89 156 41 154 167 116 91 124 96 152 205 18 50 199 71 160 211 144 108 20 67 92 83 80
86 153 214 111 155 145 70 120 163 194 179 31 176 131 45 100 218 112 66 223 88 52 34 180 35 43 10 139 220 53 132 79 49 156 1 196 167 224 205 185 71 199 207 117 190 76 20 165 134 11 51 63 152 169 28 27 128 101 18 166 184 148 119 137 77 151 89 124 74 91 213 48 113 6 232 50 4 186 105 23 64 83 44 60 25 221 36 138 188 215 99 67 13 69 157 92 160 154 65 75
189 26 230 15 33 54 14 125 103 183 236 217 147 104 227 57 118 62 229 47 123 110 226 102 126 234 29 22 151 200 164 39 162 48 175 42 94 143 21 84 231 90 73 24 122 2 208 136 95 9 87 235 174 137 85 7 97 128 161 55 27 93 146 203 135 121 153 198 181 211 190 119 216 114 68 78 170 111 215 19 5 218 75 105 59 186 80 158 35 17 210 206 31 192 145 13 172 232 74 178
152 18 63 165 180 80 218 153 145 27 137 128 190 133 12 210 48 17 187 151 206 192 171 125 129 194 82 178 13 154 170 87 19 111 35 66 34 20 112 49 86 118 222 223 179 98 10 53 56 73 214 100 163 106 126 176 3 16 155 237 31 132 50 189 201 141 228 156 225 32 107 102 1 196 89 167 45 131 147 88 220 70 140 233 177 224 205 139 215 81 120 209 6 64 71 117 186 92 91 193
152 18 63 165 80 180 128 27 218 210 137 17 153 12 145 133 190 48 125 187 206 151 171 129 154 192 82 178 194 87 170 222 19 13 20 228 56 3 141 106 58 118 66 111 219 53 35 98 34 49 233 201 237 107 10 126 191 16 177 73 89 140 100 86 209 112 179 214 21 60 81 193 147 5 163 155 189 225 50 223 31 123 32 176 64 28 102 132 117 182 52 88 1 6 131 156 198 120 184 71
