80 39 43 27 19 15 2 54 84 67 22 26 51 56 75 55 69 66 20 45 53 18 33 14 3 41 47 10 65 62 63 32 36 37 8 35 58 6 38 82 29 78 61 89 77 9 85 23 34 12 64 79 44 76 11 7 46 31 74 42 40 25 70 21 60 28 57 49 87 73 13 50 83 5 24 52 72 86 68 4 30 71 17 1 48 16 59 81 88
39 31 80 33 9 44 8 11 78 23 63 35 7 34 76 58 42 6 21 12 61 75 13 29 43 73 28 38 25 64 27 50 74 5 52 55 79 81 49 68 48 60 85 82 4 16 46 57 1 87 54 10 72 2 88 70 67 69 20 14 40 83 26 86 30 22 65 18 84 15 17 19 24 51 71 3 59 66 56 45 47 53 37 32 62 41 36 77 89
79 74 86 5 28 72 60 52 49 13 57 42 23 87 34 50 30 39 85 31 38 4 63 64 58 48 29 46 68 78 21 12 61 83 70 6 40 75 71 82 35 11 9 17 24 8 89 77 7 22 62 88 59 26 56 67 15 25 54 10 51 32 69 73 16 81 84 36 19 2 1 27 14 33 66 3 76 43 80 20 55 53 44 41 18 37 45 65 47
74 52 79 13 42 50 34 28 5 86 72 49 23 60 31 87 39 75 30 11 57 21 4 48 38 29 85 63 68 17 6 58 78 12 64 61 71 70 43 27 19 67 80 56 26 22 10 40 83 35 2 37 33 62 54 82 77 15 84 20 47 32 24 51 25 41 53 65 14 45 36 18 69 44 66 89 3 9 73 46 76 55 81 1 88 16 7 59 8
60 79 74 13 52 5 42 87 28 34 86 31 72 50 30 49 38 57 68 58 39 61 64 23 70 29 6 12 40 48 46 11 83 63 9 21 4 82 35 24 75 85 8 78 25 71 17 55 33 54 26 22 16 10 81 89 3 88 44 80 62 69 2 27 32 56 7 84 67 14 15 73 76 43 1 51 77 37 65 19 45 36 59 18 47 66 53 20 41
60 74 31 52 86 87 34 5 13 50 23 42 49 79 30 28 29 72 57 11 75 48 82 85 38 63 35 58 61 40 6 78 39 64 70 12 68 4 21 83 24 27 71 17 8 80 46 76 22 43 33 9 44 84 56 41 73 2 26 69 55 25 47 54 67 19 66 3 62 32 15 51 14 18 53 36 37 10 20 77 45 65 7 89 16 88 1 81 59
5 74 50 79 52 13 49 86 72 34 31 42 28 23 60 11 39 75 87 30 21 57 4 48 38 63 29 85 17 27 78 64 6 67 80 19 70 68 61 58 26 10 40 32 54 43 36 56 71 15 12 62 22 20 77 53 51 82 2 84 65 35 33 83 45 66 76 37 41 3 44 14 69 47 18 24 9 25 89 73 55 88 81 1 16 46 59 8 7
74 79 5 52 13 42 28 34 50 86 49 72 23 60 31 11 39 75 87 30 57 38 21 29 48 4 63 6 68 58 85 61 64 12 27 22 70 17 35 56 67 19 26 40 71 78 2 10 82 43 20 54 15 84 80 53 36 83 14 51 66 45 47 41 62 65 37 32 24 3 33 18 77 9 69 55 46 89 44 25 73 76 1 16 88 59 8 81 7
74 79 13 28 5 42 34 52 50 72 49 86 23 31 60 11 39 87 75 30 29 57 21 68 6 61 63 58 4 70 38 12 35 85 41 48 14 82 64 40 22 43 27 37 9 80 45 17 54 47 2 56 65 20 53 84 26 83 19 33 67 15 71 36 10 78 46 66 51 3 18 62 24 77 32 69 44 89 55 8 25 76 16 1 73 81 7 59 88
74 79 5 13 34 28 42 52 50 23 49 72 60 86 31 11 39 75 87 30 29 57 68 6 63 38 21 58 61 70 12 35 48 64 82 40 85 4 22 14 27 56 41 9 83 53 20 26 15 43 51 37 24 47 67 54 46 84 66 2 78 19 80 45 33 10 17 65 3 36 62 71 32 44 77 8 18 55 69 89 76 73 25 16 1 81 7 59 88
31 60 86 87 48 4 74 79 52 13 57 28 30 50 49 78 5 34 21 23 42 17 39 68 64 72 58 25 85 71 77 9 33 38 29 63 70 81 1 12 61 76 59 89 88 6 46 44 75 8 7 40 83 10 16 62 73 82 35 24 55 80 11 32 67 69 54 26 3 15 43 27 14 84 2 19 18 20 45 65 51 56 22 37 53 66 36 47 41
25 4 81 1 44 76 73 71 16 21 88 17 31 59 9 7 86 33 28 52 39 48 23 78 49 79 34 50 74 42 87 8 13 57 77 5 85 60 72 63 46 89 55 29 62 30 10 75 58 67 68 38 80 83 64 12 82 40 6 32 70 54 84 69 20 26 19 2 35 43 24 3 61 15 18 22 14 27 11 56 53 66 36 51 65 37 41 45 47
7 44 25 1 76 21 9 88 17 71 73 16 8 81 59 4 78 46 63 33 12 38 87 31 23 58 48 57 85 39 55 35 70 42 60 80 34 64 52 68 30 6 61 28 89 82 50 74 77 86 84 22 13 79 83 67 15 49 56 43 10 29 51 19 26 5 14 54 2 72 24 62 69 75 65 66 20 32 27 40 3 45 18 37 11 36 53 41 47
33 31 44 25 55 76 81 9 16 73 21 39 1 8 7 88 42 4 13 80 34 46 59 68 17 50 27 10 43 87 12 74 52 60 57 58 38 54 28 63 37 85 14 6 84 70 3 23 32 48 71 29 67 2 19 65 86 75 78 22 82 61 5 15 30 26 69 89 45 79 51 64 18 35 40 41 47 53 11 20 62 49 77 56 72 66 83 36 24
6 60 87 29 38 61 11 35 58 70 40 48 64 30 83 82 68 24 31 12 63 57 85 78 75 46 9 5 79 8 50 74 39 13 72 49 28 42 86 27 52 23 34 22 43 80 14 45 20 36 54 65 53 41 66 77 47 2 37 19 84 56 3 26 89 67 32 33 69 10 21 62 15 18 51 4 55 7 59 71 17 81 16 76 44 25 88 73 1
11 5 75 74 79 13 50 31 39 42 28 34 72 49 60 52 86 23 27 63 29 87 85 6 30 40 82 35 68 61 58 38 83 48 64 70 57 24 43 12 80 20 78 22 66 21 53 36 9 4 14 41 56 46 54 32 26 37 47 65 45 2 33 3 10 69 67 15 8 84 62 51 19 18 55 77 89 71 59 16 76 17 73 81 44 25 88 1 7
54 2 14 18 3 45 69 65 22 67 84 20 10 53 19 26 62 56 15 66 32 41 51 36 37 75 80 47 27 31 43 39 55 89 77 86 87 74 85 33 34 13 79 57 5 52 28 58 42 50 63 23 49 30 60 29 72 38 64 6 70 78 40 21 68 82 11 61 48 9 4 46 12 8 25 35 76 1 83 17 44 16 71 7 24 81 73 59 88
31 20 54 45 67 53 19 84 22 75 39 26 14 36 10 2 65 15 56 37 62 41 51 3 32 87 27 80 47 66 18 69 74 79 5 60 34 52 85 63 55 13 86 33 43 50 30 42 72 49 77 23 57 89 28 6 40 58 38 48 11 82 29 21 70 68 64 78 61 12 9 83 46 8 16 35 25 24 1 76 4 44 81 7 73 17 59 71 88
54 69 2 3 53 20 10 18 14 67 84 66 22 62 26 36 19 32 45 15 51 65 75 41 56 27 47 37 80 77 89 39 43 31 55 87 85 60 23 29 74 49 57 63 72 33 5 48 30 34 58 50 52 79 40 13 86 82 6 64 78 35 28 38 42 68 11 70 61 83 76 24 8 44 12 46 9 21 4 73 25 59 17 81 1 88 7 16 71
45 65 54 14 37 47 41 2 66 20 19 84 36 53 22 67 18 75 3 26 69 43 56 15 10 51 62 80 32 27 31 87 39 74 30 79 13 34 6 60 58 63 57 70 77 86 38 85 52 89 5 42 50 23 48 64 68 33 8 9 11 49 78 72 55 61 28 40 21 46 12 82 29 83 24 1 81 35 4 44 71 7 25 88 17 59 73 76 16
