87 151 126 178 102 48 125 13 190 73 17 128 154 149 16 222 228 98 3 141 225 182 5 58 4 219 123 21 42 236 104 147 233 221 197 14 29 191 37 6 115 103 47 54 62 150 200 41 230 109 183 173 138 217 26 33 44 188 226 113 30 211 8 172 130 122 55 164 195 77 234 118 78 90 184 189 40 61 227 32 198 24 15 95 28 203 110 166 208 22 2 116 162 52 59 143 94 39 136 174
17 228 141 3 219 58 182 233 5 21 123 178 16 87 154 190 125 48 151 13 128 73 126 104 191 197 225 98 102 40 78 147 61 59 222 173 217 150 198 149 138 130 195 4 62 14 55 109 37 221 208 122 236 172 47 184 41 115 103 28 121 8 6 30 29 32 211 44 117 135 42 188 113 207 83 116 97 202 160 79 175 185 54 213 226 50 15 162 84 77 231 159 136 43 169 95 234 153 96 166
183 230 42 15 110 229 149 77 57 111 126 102 137 87 153 151 73 103 47 14 125 62 104 29 96 54 192 236 171 129 90 234 227 143 217 7 147 210 26 13 38 189 226 158 24 178 186 33 2 607 22 118 128 164 163 170 609 21 95 11 116 635 146 68 72 82 172 16 19 636 203 174 5 200 48 39 465 211 94 235 123 70 665 296 495 9 658 161 181 124 35 75 3 591 97 162 279 58 208 484
126 87 102 73 151 149 230 183 125 42 178 48 29 14 236 47 103 13 54 110 77 26 62 33 200 189 15 128 147 227 104 234 118 143 217 229 90 226 164 57 17 24 190 7 154 22 94 2 162 161 203 16 9 235 146 174 95 123 85 111 84 39 135 68 136 181 97 211 98 137 5 96 208 72 3 222 122 55 225 4 38 231 170 21 210 186 158 141 221 93 182 153 636 228 175 58 115 609 192 172
15 229 110 111 42 183 77 230 96 149 609 19 227 116 90 57 635 235 102 636 124 162 103 172 143 7 607 126 101 226 161 189 68 217 125 119 234 47 33 136 359 673 275 186 446 170 22 38 137 85 94 84 122 492 657 9 114 14 164 26 74 75 2 301 158 650 78 135 602 590 181 128 603 24 672 215 667 29 284 232 146 659 203 279 153 105 27 163 624 666 669 658 580 368 174 54 62 31 147 508
77 149 11 110 42 96 13 154 178 116 130 195 30 37 138 48 8 15 111 172 150 173 4 115 41 229 190 128 225 16 44 126 148 221 78 113 151 32 125 61 102 98 109 6 17 59 124 87 40 144 222 81 3 166 184 191 73 169 211 5 197 237 511 58 188 243 386 392 141 108 635 239 278 183 594 43 219 233 228 417 671 399 304 521 491 88 28 422 261 21 659 264 580 507 636 198 672 436 667 425
77 110 42 149 229 15 11 111 96 183 116 124 13 172 130 195 154 178 230 150 128 48 138 603 126 37 635 102 636 386 173 359 44 511 671 279 446 672 609 572 531 565 404 125 492 221 406 115 470 16 518 30 275 243 580 442 368 508 399 520 436 301 278 567 304 225 261 4 667 563 659 665 239 332 346 61 459 422 259 477 620 590 392 521 113 344 461 417 553 78 554 8 425 148 530 385 382 594 87 658
77 110 42 229 15 111 149 96 183 11 116 230 124 102 172 125 603 635 126 636 609 13 178 48 128 151 672 189 26 520 658 620 87 590 554 359 436 21 446 404 154 150 657 607 279 304 572 565 406 492 531 599 195 591 667 235 162 332 659 638 386 22 130 399 368 614 136 138 94 459 217 7 227 278 239 5 370 602 203 508 234 521 346 385 123 2 442 301 422 68 90 344 275 174 303 563 518 530 628 284
110 15 229 42 77 111 96 183 149 230 116 124 11 172 102 635 609 235 126 162 161 7 22 189 125 24 97 84 636 9 135 26 164 2 603 234 85 279 520 94 90 21 672 203 446 123 136 226 93 151 217 143 174 404 68 492 87 231 48 359 572 178 208 301 146 658 227 95 368 13 147 150 74 181 198 580 554 547 58 508 182 5 128 591 530 332 39 459 385 55 620 406 436 195 511 442 590 524 607 296
110 229 15 42 111 77 183 96 230 149 235 90 116 609 162 7 143 635 227 161 124 226 234 164 172 85 22 84 189 24 9 636 103 102 94 2 607 68 19 125 33 26 146 181 97 603 135 136 126 657 279 57 14 446 301 658 591 359 217 47 203 672 231 174 93 122 590 128 170 101 208 275 62 508 673 404 186 21 74 123 54 78 368 572 75 492 29 104 665 150 147 198 620 38 137 119 547 95 11 87
137 230 192 143 183 94 593 47 206 103 227 15 162 135 235 161 170 607 62 85 97 104 231 9 14 29 84 636 591 234 175 33 42 210 129 635 171 208 226 90 658 164 108 603 217 54 138 7 174 620 147 123 41 78 68 146 130 195 609 122 32 93 2 57 150 672 55 236 136 211 595 638 121 172 181 26 173 275 665 16 198 189 599 153 126 657 630 22 359 614 102 40 572 118 61 38 144 200 368 237
137 210 230 192 183 103 47 29 15 143 170 129 206 62 94 14 171 227 236 33 147 57 54 162 161 235 104 90 200 9 26 226 135 85 84 153 217 123 7 636 38 234 189 620 97 609 591 658 607 231 635 68 42 164 82 118 158 186 181 2 638 665 136 208 122 146 614 175 174 93 32 126 72 593 12 660 495 22 603 102 599 672 229 24 27 96 55 133 119 341 203 657 275 16 151 172 101 75 182 87
137 210 192 15 230 47 206 103 129 62 620 170 591 153 658 14 29 614 665 171 638 236 183 237 57 635 599 147 108 636 12 609 628 217 104 607 200 227 143 645 126 54 82 32 27 26 123 672 660 72 81 94 189 42 38 234 118 133 603 33 106 178 16 158 144 209 145 162 107 102 186 87 226 650 90 182 17 593 201 590 235 197 526 2 3 19 148 5 592 657 228 218 96 140 495 219 410 643 556 472
137 210 192 230 103 47 29 62 15 14 206 183 236 129 170 147 658 143 591 104 171 227 620 665 217 200 638 614 54 94 636 635 57 609 26 153 33 189 607 599 123 234 38 82 237 672 108 118 162 158 90 126 226 660 186 645 628 32 12 235 603 27 72 135 590 2 161 593 102 42 84 16 7 9 144 87 657 164 97 85 68 81 178 231 133 175 96 151 182 122 228 181 650 174 5 229 21 602 136 495
137 192 230 143 593 47 183 103 15 607 94 206 62 235 162 170 227 104 135 636 14 210 635 161 85 138 33 171 211 29 9 208 591 150 90 42 164 174 97 231 7 84 41 609 153 195 130 603 234 595 175 658 226 68 108 78 172 638 122 620 146 672 54 217 123 136 126 181 173 359 37 275 198 32 129 630 236 2 572 368 599 524 673 567 147 624 184 178 55 650 446 22 95 657 30 253 508 8 200 243
137 230 192 143 183 94 593 15 162 135 103 235 47 161 85 206 607 170 227 9 84 97 231 42 62 104 636 33 591 210 14 635 29 234 164 208 175 129 603 7 90 54 226 171 174 123 138 68 41 620 147 658 217 57 195 146 609 211 150 93 78 172 153 136 181 130 359 108 122 2 275 672 572 595 32 368 55 236 638 508 173 22 16 446 665 26 198 121 567 657 614 126 189 119 524 96 630 38 507 229
137 230 192 143 183 94 206 103 170 15 210 47 227 235 135 607 162 171 129 29 161 62 85 636 84 104 14 90 591 9 593 658 33 231 635 97 234 7 57 226 620 153 609 54 147 164 208 123 42 217 68 603 175 236 26 32 275 638 122 665 174 2 118 146 108 41 138 614 672 93 189 181 172 78 27 136 55 126 359 657 284 508 38 567 595 572 130 22 119 195 599 121 524 40 211 198 289 507 150 16
11 108 237 32 144 81 138 130 115 37 148 195 150 172 77 173 166 593 12 41 79 116 109 96 8 30 184 16 28 98 225 192 149 188 206 4 113 124 6 180 78 61 221 649 133 178 44 595 196 72 199 137 53 594 607 603 43 88 19 169 27 275 671 145 71 228 63 359 187 218 66 129 170 171 608 3 59 629 396 40 167 567 502 572 477 529 243 211 642 590 82 154 99 48 117 591 13 563 657 650
86 153 11 180 77 145 79 218 172 138 96 116 124 194 66 237 88 34 43 37 163 184 53 150 176 169 112 117 166 130 149 28 111 131 199 190 70 48 44 196 207 52 113 100 35 108 179 31 188 13 223 128 63 71 195 595 221 165 32 10 649 155 396 356 6 593 563 502 74 45 134 101 132 120 156 115 1 607 185 412 671 393 442 399 562 148 80 490 580 225 49 498 374 297 567 220 275 629 152 20
137 230 15 192 593 47 143 183 162 94 607 227 103 135 235 9 208 591 161 635 84 62 104 636 14 78 206 97 85 217 147 210 42 123 153 231 170 29 138 620 658 164 174 226 33 150 234 211 638 624 171 90 672 609 41 595 229 136 198 68 122 175 121 54 236 599 603 22 7 172 203 628 665 195 126 130 567 650 146 129 2 359 446 93 102 200 572 275 40 673 508 158 495 614 55 77 57 21 253 178
101 119 105 74 75 91 232 86 124 215 23 96 111 158 114 186 153 38 116 145 172 648 649 218 60 156 671 625 20 284 396 502 654 99 43 666 650 35 591 398 372 92 665 112 254 272 629 163 643 641 513 31 257 297 34 670 50 224 653 25 416 167 179 139 642 499 45 269 656 70 596 399 491 647 132 412 534 493 624 645 417 609 320 250 614 100 606 580 605 422 628 635 275 655 476 382 308 324 418 278
137 210 103 192 47 29 230 14 236 62 129 227 147 183 15 171 170 217 200 206 143 104 57 54 234 226 33 94 90 164 189 26 2 118 153 82 162 186 235 7 161 24 38 123 9 126 27 84 174 22 68 85 181 135 158 102 203 136 87 72 122 12 208 231 97 175 146 636 39 32 42 151 95 93 635 609 55 607 182 211 75 121 133 21 237 178 198 218 552 638 144 41 658 216 620 125 16 275 591 197
137 210 192 47 230 103 29 171 129 170 14 15 236 57 62 227 206 183 147 153 217 200 143 234 54 27 94 104 226 82 12 90 118 33 2 38 26 186 189 126 164 158 123 162 72 235 237 24 161 133 32 174 102 42 7 84 203 9 22 85 87 75 609 135 68 187 80 636 181 136 218 182 122 151 19 144 178 108 650 620 146 635 591 658 638 21 175 211 607 275 95 39 232 97 74 145 78 552 216 599
230 183 137 103 29 15 62 14 47 210 192 129 236 57 104 143 170 217 171 147 227 54 42 94 33 200 206 226 161 90 234 164 162 235 26 7 153 68 126 146 189 85 2 186 38 9 118 84 135 27 82 97 123 231 24 22 158 636 181 203 174 110 93 87 607 208 609 229 32 136 102 21 635 552 122 275 72 55 39 211 175 359 95 580 259 382 279 341 446 495 603 125 198 572 368 465 12 539 121 16
11 77 108 138 237 130 150 195 37 81 32 149 115 30 173 41 144 172 593 8 225 148 178 79 184 169 116 78 595 44 98 16 109 96 4 221 28 113 166 154 671 61 6 42 13 207 3 117 48 228 43 124 594 188 649 211 196 141 59 603 608 651 600 635 219 40 88 607 567 58 622 563 492 442 629 190 110 320 637 495 53 643 572 515 359 104 543 182 253 233 275 659 639 71 5 153 243 21 609 477
11 77 138 237 130 150 108 195 149 37 115 593 32 173 81 30 148 172 41 595 154 225 116 96 169 8 79 144 109 178 78 221 44 16 184 671 42 3 98 4 61 13 113 594 43 48 166 563 228 117 207 543 600 6 88 603 495 190 629 565 571 531 442 110 567 141 182 219 196 124 71 28 492 284 320 359 540 651 529 58 5 649 545 40 635 572 128 580 233 275 640 356 574 418 21 508 494 586 322 622
86 153 145 218 180 194 63 111 152 18 80 70 163 79 220 100 10 112 53 66 27 15 165 1 132 137 49 120 156 595 35 593 99 108 155 88 167 57 31 172 179 52 223 170 607 96 214 124 131 45 498 176 224 139 237 206 213 138 48 20 78 150 184 643 624 64 664 649 650 43 67 101 245 192 190 621 60 34 28 654 356 125 560 171 644 594 598 647 188 128 318 610 166 216 395 419 412 107 143 275
101 119 74 105 91 86 75 124 232 111 215 23 158 96 114 153 38 186 116 172 145 218 60 35 163 43 20 654 284 112 372 666 31 70 505 324 398 625 250 34 88 92 254 50 580 399 308 412 45 156 382 246 502 99 223 650 396 179 275 132 513 297 645 629 432 649 15 318 291 214 493 598 272 320 25 423 647 356 57 499 274 194 139 257 656 546 476 454 416 433 120 359 100 498 341 278 350 671 273 53
137 210 192 47 230 103 29 14 62 15 236 183 129 57 171 170 147 206 217 227 200 104 153 54 143 94 234 33 226 2 82 90 164 27 26 72 118 189 24 123 38 186 161 162 7 158 9 12 235 126 174 181 102 85 22 84 203 32 68 42 136 151 135 122 133 87 175 146 237 95 97 636 39 182 211 607 178 218 216 208 144 609 108 231 75 80 55 21 620 635 495 187 125 93 638 658 229 121 197 5
137 230 183 192 103 15 143 14 47 62 210 206 94 171 129 593 227 104 29 217 42 170 57 147 235 236 607 162 78 150 54 32 636 211 130 68 158 161 234 635 38 609 195 33 116 275 135 186 82 495 172 108 174 368 84 226 138 173 96 359 90 146 164 376 16 97 85 115 41 123 200 61 446 572 189 231 620 603 591 374 524 122 26 153 126 178 9 27 7 2 136 253 657 72 630 102 175 208 567 279
11 108 138 237 130 150 195 32 77 81 144 37 173 115 172 30 184 41 148 8 78 149 225 593 28 178 98 166 61 16 595 79 109 169 116 59 44 207 96 117 40 4 221 154 113 6 211 188 228 607 13 124 3 632 603 141 48 58 275 198 53 43 649 594 567 104 185 563 42 671 572 88 21 219 635 477 359 182 190 492 128 494 87 156 192 12 208 137 110 508 153 197 145 495 135 162 470 266 217 180
11 77 138 237 130 150 108 595 195 149 593 32 78 37 172 115 184 173 79 30 96 148 169 207 116 225 178 81 109 41 117 8 44 28 13 154 144 42 607 61 86 635 110 166 43 221 563 594 98 603 48 671 16 609 659 284 124 211 3 113 356 4 88 15 649 190 163 59 104 545 565 71 6 153 495 374 531 156 111 580 70 567 657 185 502 145 620 40 100 320 442 275 492 53 543 404 266 673 636 128
86 153 218 145 180 194 112 10 63 111 163 223 100 70 152 155 220 131 66 35 179 31 49 120 53 132 1 80 156 79 172 167 27 165 45 71 214 124 88 96 43 52 15 57 18 185 64 224 595 213 99 176 664 396 137 34 190 139 117 184 150 649 395 502 297 138 250 593 560 28 48 412 582 498 216 308 419 393 207 171 116 457 20 237 433 313 546 356 576 166 78 210 607 76 558 360 333 643 101 378
11 77 595 593 138 237 150 130 195 108 96 172 115 78 116 173 111 79 635 609 163 15 184 37 32 86 149 649 183 671 42 230 643 124 156 169 109 137 148 110 61 607 594 43 603 143 563 620 591 153 16 580 28 374 145 81 495 70 211 47 100 659 229 629 180 117 227 44 207 658 505 162 284 253 221 1 158 62 324 71 650 88 234 599 94 673 186 225 170 382 636 90 602 226 248 292 185 320 38 192
101 74 119 105 75 91 232 124 158 86 215 23 111 96 114 38 186 153 116 172 145 60 284 35 112 43 163 218 20 34 650 275 31 70 580 359 625 223 99 57 382 654 505 45 666 139 138 324 629 88 649 647 398 250 15 432 609 372 156 92 254 100 179 50 132 356 477 412 567 137 308 656 457 502 508 341 671 448 598 399 574 214 350 25 635 645 396 32 442 591 297 272 542 143 572 513 454 266 470 624
137 210 192 230 47 103 15 170 29 129 14 183 206 57 62 236 171 153 227 147 217 143 27 104 234 200 54 90 94 82 38 237 32 118 189 226 12 26 33 158 72 186 42 591 235 108 162 2 607 658 218 126 164 123 145 24 161 7 75 620 101 133 96 636 638 609 635 144 665 275 122 85 614 172 102 84 74 111 68 80 119 87 178 182 151 9 136 495 125 135 232 650 5 105 187 341 22 98 229 16
230 183 137 15 103 192 62 14 47 29 42 104 57 143 94 236 33 161 90 54 227 7 217 129 210 147 85 234 9 162 235 135 164 26 226 68 84 97 200 146 2 593 170 189 206 607 231 171 175 181 136 24 211 22 123 126 118 55 208 93 229 636 174 122 153 110 635 591 620 658 16 38 121 95 198 40 102 203 32 41 61 638 87 39 195 603 150 614 82 111 359 151 78 72 275 158 572 609 173 21
137 230 183 192 143 103 47 94 15 206 62 607 170 14 593 235 227 85 161 162 29 104 42 135 9 636 57 97 90 129 7 84 234 635 171 591 33 231 609 164 226 68 146 175 603 108 32 2 27 41 620 208 54 658 136 93 275 138 122 236 126 130 210 172 217 55 174 211 181 195 359 96 638 150 173 153 507 78 672 22 665 26 368 572 567 123 524 508 253 37 189 614 147 16 218 284 595 116 38 630
230 183 137 15 192 103 62 47 14 29 42 143 94 104 161 9 57 97 85 135 607 7 162 33 206 227 593 231 175 236 146 235 90 54 84 68 129 170 217 147 210 93 208 226 181 164 234 136 126 55 26 200 2 171 122 635 189 211 591 636 121 174 620 123 41 22 195 16 32 150 110 658 229 108 603 173 72 24 198 95 102 130 87 638 40 595 118 38 78 614 609 82 203 172 138 61 8 39 184 115
137 210 230 103 47 29 192 183 14 62 15 236 104 147 227 57 217 200 129 170 54 143 33 171 189 206 26 234 94 118 90 226 153 123 164 2 82 38 42 7 186 162 161 235 158 126 24 84 9 85 135 97 72 68 27 174 22 87 231 21 32 636 151 181 102 146 125 182 122 136 178 607 12 208 5 609 93 203 658 16 620 591 635 175 96 229 58 275 75 495 638 110 237 614 211 552 198 95 133 55
108 11 237 32 81 144 130 138 37 195 115 150 148 77 173 172 41 8 30 109 149 98 225 116 16 166 4 184 593 78 96 79 178 6 221 61 113 188 44 28 12 59 192 72 124 169 42 43 671 206 607 603 211 40 591 275 632 137 196 649 635 228 13 48 53 154 143 636 658 359 567 141 620 470 657 199 3 477 572 672 638 117 162 590 494 87 104 126 88 234 595 508 243 145 665 594 94 207 614 284
11 108 138 237 130 32 150 195 77 144 81 173 115 37 148 172 149 184 225 61 78 593 109 79 28 178 41 30 59 169 8 98 166 40 117 207 221 44 154 116 228 16 58 141 113 6 188 96 595 43 4 3 219 185 198 671 21 275 182 13 603 607 124 196 233 88 48 649 197 53 284 42 159 567 69 494 212 122 508 211 594 5 572 190 591 208 72 192 52 50 359 67 199 135 635 70 180 552 563 222
86 153 145 218 180 194 111 70 112 35 100 163 31 595 179 223 220 96 155 132 10 53 88 131 45 643 124 66 120 11 63 297 43 138 649 165 99 156 34 412 214 560 15 172 176 190 20 396 116 502 594 324 57 1 52 398 546 79 139 49 593 185 308 645 650 609 74 48 101 629 666 395 498 562 505 266 664 626 635 27 137 654 77 356 64 457 479 598 80 644 300 450 587 580 313 224 273 452 333 117
11 138 237 108 37 77 172 79 180 130 150 81 32 166 148 115 195 184 28 116 53 113 43 149 88 44 96 188 124 225 593 98 221 144 169 41 153 196 66 52 6 595 117 48 34 194 173 199 207 4 176 594 86 178 145 100 70 607 30 16 218 131 8 109 63 190 78 649 666 163 31 13 112 412 42 634 629 185 156 128 15 179 563 72 223 664 134 243 49 192 71 137 10 167 120 110 650 12 635 275
593 595 150 138 78 77 130 61 173 59 40 212 11 185 159 195 671 198 58 207 202 197 117 156 632 182 21 208 643 67 142 649 168 50 108 141 3 25 69 228 32 237 673 184 191 607 169 135 5 123 659 76 92 127 667 629 603 104 65 115 121 638 620 591 178 36 502 658 172 609 51 233 635 46 157 175 608 154 204 219 217 111 665 645 149 99 657 213 628 1 97 122 28 630 622 145 231 600 211 651
593 595 150 78 138 61 173 212 77 130 197 40 59 185 159 202 195 172 156 108 237 168 217 198 67 25 69 184 92 104 70 228 3 122 76 99 127 153 11 50 117 145 121 65 163 115 32 125 607 58 142 100 213 28 180 141 1 205 222 204 46 191 178 167 21 157 128 111 51 36 83 123 194 658 192 47 136 15 62 625 137 182 96 31 219 643 103 14 591 169 175 207 206 154 5 135 60 208 230 116
593 595 150 78 173 138 61 197 130 40 195 59 212 185 159 168 198 202 108 51 117 122 76 184 207 28 77 69 25 191 65 67 632 58 121 104 135 178 228 32 182 156 175 3 208 55 136 127 1 211 204 141 142 172 237 217 36 97 607 169 222 11 92 231 157 180 46 21 205 123 99 70 213 154 219 5 50 194 643 68 137 233 100 60 115 192 649 83 111 603 31 16 167 145 93 125 14 84 163 95
101 105 119 74 75 232 86 215 91 124 114 158 153 38 23 186 111 96 116 60 99 172 145 20 218 580 341 433 650 324 284 647 83 43 356 163 382 34 498 250 160 35 320 544 419 334 505 352 223 399 625 156 656 477 557 214 254 275 654 581 442 314 412 666 88 495 137 452 336 318 297 45 624 533 49 226 367 57 70 77 15 457 31 377 444 592 299 649 448 507 560 329 350 27 1 112 532 337 359 288
137 210 192 230 15 47 170 57 103 29 153 183 14 236 206 227 129 62 171 147 27 217 143 234 200 54 226 90 26 189 12 237 94 118 126 104 33 38 42 82 72 186 2 218 158 108 235 607 32 162 164 102 133 145 123 151 24 80 7 122 111 125 136 87 174 19 68 161 9 658 84 591 172 48 135 275 178 96 85 609 636 146 635 638 75 22 128 121 181 138 101 78 144 620 216 665 98 341 229 163
230 137 183 57 192 103 15 210 47 29 62 14 143 42 170 227 129 206 236 217 104 90 94 33 54 171 7 147 189 161 226 26 234 164 200 9 162 181 85 146 102 2 118 235 68 27 97 607 110 135 22 229 55 24 231 84 175 136 122 82 126 208 174 93 593 123 121 211 636 38 72 153 87 635 32 198 151 95 658 591 216 78 186 73 108 203 150 96 40 172 61 609 39 275 638 359 158 603 70 665
230 183 137 15 103 57 192 29 210 47 62 170 14 143 129 236 227 42 94 33 90 54 7 161 147 217 104 235 200 226 26 68 171 85 162 9 189 164 206 146 234 181 2 135 84 97 231 22 136 118 24 229 93 174 110 123 122 175 208 607 38 153 126 203 55 102 82 27 39 186 87 211 121 95 636 72 593 198 635 216 40 32 151 275 158 603 609 41 591 73 16 359 658 657 101 61 125 78 620 150
230 183 137 103 15 192 29 57 143 47 62 161 42 14 227 94 85 9 7 129 170 235 162 135 90 97 236 33 146 68 84 231 104 226 181 210 164 54 136 93 217 234 206 26 147 2 208 175 22 171 122 55 200 174 189 607 110 593 24 211 102 126 118 229 123 121 203 39 95 198 41 636 38 40 87 32 150 195 603 635 78 16 82 61 27 657 591 186 359 72 130 173 172 216 275 609 8 59 153 151
137 210 230 29 103 183 192 15 47 57 14 236 62 170 129 200 227 147 206 143 54 171 217 33 153 104 94 234 226 26 189 90 164 2 42 118 162 126 235 161 123 7 9 84 82 38 85 135 27 68 24 186 97 102 174 12 136 181 146 87 22 231 122 158 72 208 151 175 203 125 607 93 32 636 237 211 55 178 16 658 39 638 620 591 609 41 229 133 95 198 614 121 635 75 110 182 197 172 98 275
108 11 237 32 81 144 130 138 195 115 150 37 173 77 148 41 172 8 30 109 98 149 225 16 166 4 184 78 593 116 61 28 178 221 6 79 96 113 44 188 59 72 124 192 12 632 40 228 211 595 206 137 594 42 169 13 43 3 141 162 154 607 635 671 87 591 48 53 143 275 636 603 126 196 128 219 110 198 17 88 620 94 638 658 174 226 58 104 234 19 649 470 590 563 117 508 477 494 207 614
11 108 237 138 32 130 195 150 144 173 81 148 77 115 37 184 61 78 593 28 59 109 149 172 169 79 225 40 207 117 30 41 166 98 8 595 16 178 228 141 58 198 221 185 219 43 3 154 182 44 649 4 116 113 76 6 233 1 671 188 72 96 51 197 192 156 121 159 135 5 21 607 211 603 212 69 137 122 208 88 202 55 594 622 608 12 25 205 94 92 620 168 162 231 67 53 124 50 36 167
86 153 145 218 180 194 163 111 70 100 112 35 31 179 155 10 220 45 214 120 53 88 595 66 223 131 15 132 138 176 96 80 124 156 79 63 185 1 43 52 190 250 172 34 117 99 28 412 184 139 167 11 324 152 165 150 546 48 643 57 645 207 224 49 498 649 433 78 308 594 562 505 20 137 396 216 237 77 593 18 297 166 457 580 44 128 479 560 116 502 229 101 266 76 246 169 523 419 318 495
11 138 237 180 108 79 77 150 172 37 130 32 195 184 28 81 166 593 595 148 116 115 96 66 194 149 113 173 124 43 169 144 53 44 225 98 88 117 153 188 196 207 70 221 607 86 145 34 41 199 100 649 48 594 78 6 185 156 176 218 131 31 16 163 179 52 412 178 4 167 112 30 63 563 664 284 128 13 190 224 643 1 45 8 71 110 396 109 502 671 111 666 15 378 76 635 275 137 634 223
593 595 150 78 61 173 197 138 40 130 59 195 159 198 175 122 121 228 3 191 212 217 168 178 104 55 211 14 108 135 202 136 125 208 67 123 184 142 97 28 185 182 172 117 76 607 62 147 51 137 141 47 5 17 231 219 103 237 69 222 58 16 87 632 156 227 207 83 93 213 32 233 154 84 15 21 192 65 68 77 25 92 126 8 102 99 50 1 205 128 174 98 9 194 225 100 73 48 160 95
593 595 150 138 77 78 130 11 195 173 108 61 237 40 159 632 156 59 207 208 149 30 184 117 212 32 135 673 198 8 182 202 211 168 115 142 643 607 185 175 58 3 28 671 228 197 1 55 121 172 97 21 174 51 649 591 141 41 594 603 5 86 178 638 231 67 69 219 25 37 43 123 629 502 233 180 620 191 79 137 224 635 76 31 65 225 658 169 144 102 50 167 122 145 104 111 205 213 100 154
593 595 150 78 138 173 61 130 195 40 212 159 197 59 168 632 108 202 198 77 142 69 607 121 156 25 184 122 135 191 237 32 117 228 65 51 182 3 67 185 28 137 127 11 76 204 591 211 192 673 207 58 206 175 97 180 1 115 219 658 46 21 55 92 172 123 231 104 178 5 36 208 141 136 157 16 111 205 50 194 143 222 60 643 99 68 603 217 620 125 594 84 213 638 233 102 15 83 230 8
86 101 119 74 105 75 232 124 91 215 23 158 114 153 111 96 186 38 116 35 145 20 666 172 43 372 99 324 254 250 112 34 218 60 629 163 132 284 398 223 580 308 564 246 297 650 31 502 399 179 505 156 654 272 626 45 50 542 416 88 546 300 382 92 668 656 139 100 544 266 214 433 356 138 581 314 448 396 257 25 350 560 320 342 513 278 624 77 562 671 442 426 53 643 70 649 422 647 444 346
230 183 15 57 42 137 192 29 103 143 94 9 47 161 7 14 236 162 164 227 226 170 97 135 33 175 136 146 85 84 181 231 90 62 235 234 208 2 68 93 22 122 174 200 121 87 54 55 206 24 217 147 129 189 198 126 229 102 104 211 38 26 95 27 82 203 110 607 72 123 150 39 111 171 216 153 151 186 101 172 78 75 119 40 210 28 41 125 32 16 197 80 184 19 59 178 12 636 133 173
183 230 15 42 137 57 14 136 103 68 236 33 135 7 47 162 9 84 200 29 181 174 164 227 122 94 54 161 235 97 2 146 143 85 147 62 90 175 226 22 229 231 211 87 104 217 192 203 234 93 123 208 95 39 24 170 110 198 197 26 55 111 102 206 178 126 78 125 38 121 82 40 151 150 129 607 27 28 16 186 172 184 189 8 41 59 191 171 153 593 48 624 80 61 650 158 70 138 216 173
230 183 57 15 137 42 29 47 103 236 192 14 227 62 200 234 33 143 226 164 90 87 147 104 7 94 2 126 170 235 162 210 153 217 174 54 9 171 211 161 84 22 24 68 136 102 203 181 175 26 38 146 82 135 151 129 97 123 85 186 208 206 122 95 189 178 27 55 158 231 39 72 125 198 150 75 93 48 110 12 184 121 172 41 229 28 216 16 133 163 118 636 452 232 98 31 120 128 114 197
183 230 42 15 103 54 236 29 33 7 14 200 161 137 162 47 164 68 90 136 181 146 9 57 227 2 235 84 62 226 143 97 94 85 135 234 175 174 22 231 147 95 87 151 203 24 211 104 122 39 93 192 217 26 55 208 110 198 121 123 102 16 229 125 206 38 186 189 126 150 178 70 170 82 115 118 28 41 40 129 120 158 172 8 72 73 197 98 78 184 607 61 171 216 48 59 32 173 153 31
230 183 15 137 42 57 192 47 103 143 97 29 9 14 161 135 94 175 85 227 62 231 7 93 84 235 162 170 146 33 136 236 90 68 208 234 226 181 164 121 217 2 122 174 55 147 54 189 229 22 26 198 126 200 111 87 104 206 110 129 123 607 38 24 211 102 95 171 150 72 78 203 593 40 153 216 59 636 27 82 41 19 125 172 73 186 61 210 173 635 197 138 591 39 178 16 595 620 158 638
230 183 15 137 42 57 192 103 29 47 14 236 33 62 7 161 68 9 136 170 146 97 143 227 181 85 162 129 135 54 94 200 235 84 93 90 229 231 122 164 147 226 175 2 110 217 26 38 206 22 189 111 234 174 171 104 126 208 55 607 24 121 82 186 203 198 27 72 123 95 87 593 102 158 40 211 150 153 197 39 78 125 216 210 19 61 595 172 609 151 12 120 73 28 133 173 101 75 32 195
115 130 195 150 37 32 138 144 109 173 108 8 30 41 81 237 148 61 16 98 225 4 59 78 184 172 28 40 11 211 166 221 6 77 178 113 149 44 116 188 79 198 72 228 3 55 593 121 96 141 87 192 12 95 154 169 219 197 174 632 58 97 43 5 13 117 126 162 102 182 208 137 73 110 161 39 135 191 94 66 196 42 203 164 206 143 226 68 591 233 52 595 146 129 48 24 21 603 53 207
195 130 150 138 173 115 109 37 32 61 144 59 30 8 41 108 40 78 81 148 225 184 237 28 16 98 4 178 172 198 11 166 197 221 228 211 55 121 6 141 593 77 3 169 191 149 113 44 117 219 58 188 154 116 5 207 182 233 208 97 122 79 21 135 87 231 72 43 93 48 222 136 162 123 84 161 96 13 17 73 128 175 12 595 9 185 190 76 68 125 51 52 192 174 85 95 126 1 22 146
86 153 145 218 194 180 111 35 100 163 132 220 112 10 179 31 155 70 156 1 57 63 15 643 595 167 66 214 49 120 223 80 139 152 224 131 48 598 185 190 205 53 43 128 609 607 137 18 79 650 654 45 88 76 213 52 673 664 27 96 20 64 176 99 644 165 656 592 624 594 125 17 620 647 151 71 629 635 34 634 229 645 621 138 593 646 669 666 172 124 603 210 104 202 60 69 649 615 126 378
86 153 145 218 163 194 111 180 70 35 100 31 179 112 66 214 45 120 220 131 223 132 10 167 155 595 139 79 96 156 172 1 593 43 15 224 176 57 184 124 88 185 138 63 78 52 53 28 117 607 116 207 205 76 150 128 137 51 49 275 216 166 67 396 99 502 229 101 643 632 412 563 649 60 395 20 237 465 48 74 34 260 169 393 498 50 127 664 284 11 378 356 227 297 92 667 190 80 64 77
115 130 11 79 138 150 37 195 109 221 225 77 237 98 173 16 44 172 4 108 32 113 116 184 6 180 86 43 148 41 28 81 8 166 30 144 59 78 96 66 188 124 179 153 149 31 593 595 111 145 169 196 117 128 178 34 88 112 61 194 218 70 139 52 100 13 48 163 176 40 156 3 199 42 632 198 1 228 110 398 35 666 211 284 126 154 594 212 207 125 121 641 190 120 15 53 92 45 591 220
78 61 593 40 59 150 173 138 595 197 58 182 185 141 76 135 228 198 21 121 191 55 130 123 195 184 97 208 84 175 217 16 25 3 231 32 1 226 83 94 156 143 69 60 219 172 162 108 51 122 99 160 233 211 212 159 174 93 222 77 216 111 90 68 22 67 235 5 230 207 115 237 164 136 104 28 14 168 137 227 192 125 202 178 103 234 147 117 57 9 145 119 258 183 70 154 495 186 74 50
173 138 195 150 130 61 115 59 40 197 184 108 78 191 28 32 109 117 185 198 16 228 58 207 225 169 141 219 76 182 51 178 144 154 593 237 98 3 37 55 159 212 81 21 69 148 25 233 222 168 5 204 122 1 97 8 202 172 205 30 208 135 156 221 41 121 50 123 231 142 65 83 127 92 73 60 160 6 46 595 36 77 4 125 136 157 67 11 44 113 167 188 93 99 166 84 162 87 224 192
61 173 150 40 197 59 191 593 138 78 130 185 182 195 76 58 228 51 141 595 219 198 212 159 168 184 3 21 222 69 117 25 55 233 28 5 202 16 207 1 160 83 121 205 65 123 115 97 204 73 122 135 154 156 32 169 142 108 67 208 60 99 109 125 178 104 127 175 213 36 98 231 157 225 77 92 237 50 217 64 93 70 46 84 17 172 167 224 87 194 211 31 136 144 162 111 43 8 102 62
23 91 119 74 75 232 101 105 114 215 158 38 186 124 86 153 96 111 116 163 35 57 31 145 45 179 223 172 43 218 112 214 70 120 194 131 100 60 25 272 226 99 412 167 132 345 546 155 156 69 139 88 92 128 10 50 416 452 34 180 372 185 277 419 138 216 78 117 90 224 562 250 15 20 580 544 1 66 377 522 356 127 457 424 65 176 150 324 52 502 169 137 258 334 198 396 320 220 229 184
115 195 130 37 109 150 8 138 30 173 41 81 32 144 4 237 108 16 148 225 98 221 61 184 28 11 6 44 172 113 149 211 77 178 166 59 78 40 188 116 79 169 52 72 593 228 3 87 196 198 43 141 55 13 95 117 96 154 53 121 12 126 48 219 66 42 207 632 5 174 88 58 197 110 39 102 261 203 124 243 671 151 146 22 182 277 161 97 595 62 162 68 73 192 21 104 122 7 607 594
130 195 115 150 138 173 32 108 109 37 144 225 237 98 16 81 61 148 59 8 30 41 4 184 178 28 221 40 78 6 228 172 3 141 198 188 219 72 58 593 113 117 169 5 197 44 87 182 55 207 154 121 79 77 21 166 233 211 191 122 149 116 11 97 12 231 162 128 135 48 208 84 125 9 175 143 126 159 212 52 136 161 192 69 151 66 185 43 160 73 123 17 137 76 607 104 93 68 25 51
86 153 145 194 218 180 100 10 163 112 220 35 66 132 70 179 155 223 49 120 214 167 31 139 111 79 156 131 45 88 224 1 63 34 176 43 53 71 52 57 152 137 196 80 185 27 134 199 205 48 18 166 190 128 165 184 595 15 76 138 117 654 629 592 28 356 192 396 50 96 643 125 649 99 64 172 546 124 171 20 598 113 502 60 216 398 647 210 479 213 151 650 74 92 237 188 272 621 297 101
86 153 145 111 218 35 194 132 112 180 163 57 92 50 220 69 100 10 15 25 64 179 155 70 60 213 157 65 31 99 127 223 139 20 67 36 159 156 190 45 131 1 128 204 91 214 125 168 142 46 74 212 83 48 34 160 229 167 63 124 202 75 216 101 595 49 152 119 88 43 79 96 120 224 66 546 158 185 654 80 205 23 232 412 137 593 138 17 215 52 105 609 27 78 250 643 419 275 382 333
86 153 145 218 194 179 112 70 180 111 163 100 214 35 155 31 223 120 45 131 66 139 132 220 43 1 10 167 57 88 156 176 79 185 224 76 546 595 34 124 60 74 250 99 53 643 398 119 128 83 64 117 20 101 75 96 184 205 272 457 52 49 186 63 190 416 213 71 629 169 502 125 158 232 15 171 541 308 25 137 38 297 92 138 645 50 666 48 591 160 396 216 649 564 562 246 324 150 650 126
11 79 221 113 44 225 6 37 98 188 138 4 77 16 52 130 43 195 115 150 172 184 28 88 166 109 149 178 53 66 180 34 237 116 196 176 32 48 117 70 108 153 128 194 190 148 169 86 81 96 173 207 31 13 145 179 41 139 199 3 100 228 112 30 151 8 124 154 120 125 35 163 593 141 131 144 595 45 126 59 185 42 61 111 78 110 412 58 218 155 1 17 219 320 15 72 5 546 132 233
185 150 61 138 59 78 76 197 40 173 595 156 593 198 58 191 51 117 207 21 130 184 169 141 1 182 222 228 195 208 205 123 167 121 28 60 25 212 83 122 224 135 217 3 159 55 99 70 178 50 219 233 97 32 69 154 231 160 202 104 31 168 111 108 125 211 172 139 5 179 175 65 92 100 204 157 213 43 128 19 145 649 153 77 95 127 73 93 16 126 136 20 84 14 36 115 226 143 137 87
138 150 130 195 173 108 197 115 207 237 184 32 117 169 28 61 59 148 40 78 11 81 185 37 172 198 178 191 225 593 77 144 182 58 76 51 141 154 122 98 16 109 149 228 41 208 221 21 8 55 595 222 43 3 30 1 79 190 135 166 72 219 123 44 97 156 121 5 6 233 159 180 192 73 212 4 128 136 48 168 113 69 188 52 87 9 96 116 83 125 111 137 231 607 70 126 25 162 84 50
86 153 218 145 111 35 132 180 194 112 220 100 163 10 70 179 155 223 31 139 131 49 120 156 1 45 167 214 60 88 43 66 595 666 176 20 99 34 27 119 53 63 57 101 15 79 74 224 64 190 656 629 124 50 609 69 654 650 137 25 598 52 96 624 643 165 213 92 641 75 668 592 185 398 546 412 647 80 138 166 649 105 83 229 158 560 635 607 65 594 626 199 48 644 645 597 596 669 232 615
86 153 145 218 194 180 100 111 35 220 163 132 112 179 10 70 31 66 139 120 1 156 223 49 155 167 214 43 45 79 34 57 63 131 224 88 53 176 99 152 205 185 60 52 20 165 190 80 48 27 69 213 15 83 128 134 199 71 50 64 160 76 17 666 96 92 101 25 668 137 196 626 629 157 138 378 18 412 649 669 124 65 127 117 609 592 664 393 166 498 202 119 159 150 74 125 168 67 395 201
86 180 153 79 11 145 194 66 221 179 77 225 98 138 28 184 218 43 6 44 172 117 37 31 113 70 52 150 188 100 112 130 176 163 35 48 128 111 207 88 190 4 53 124 149 120 185 160 50 220 155 169 131 116 195 1 96 139 67 34 45 92 83 16 115 69 166 15 237 412 156 378 178 17 214 173 151 10 320 32 132 125 546 142 3 76 196 223 228 41 13 198 25 64 167 199 595 108 154 30
86 153 145 194 218 111 163 112 100 214 179 180 70 35 155 31 223 45 120 131 66 10 139 43 176 88 132 1 57 220 167 79 156 185 119 34 74 224 101 52 76 546 75 232 137 53 124 216 117 63 184 169 138 99 25 60 215 91 190 166 96 158 28 128 595 27 38 71 250 186 649 205 49 412 272 150 20 457 416 398 69 114 105 207 15 171 165 64 308 591 479 92 560 562 48 419 23 237 83 502
15 229 111 110 42 183 77 230 96 19 57 149 137 136 162 192 609 235 124 9 125 68 607 635 172 116 102 128 97 122 7 143 90 54 151 135 48 84 153 161 227 163 78 22 189 146 217 446 85 181 24 226 94 359 636 164 33 593 103 93 572 591 234 2 231 47 215 658 26 14 170 145 62 11 138 508 114 119 104 279 275 603 492 184 126 620 175 218 198 95 665 101 150 72 206 44 208 147 86 301
145 218 153 194 152 128 17 86 18 190 125 48 154 63 80 180 178 87 222 13 126 151 228 27 3 16 165 182 112 219 141 137 133 73 58 66 197 12 179 70 5 98 106 107 100 210 19 206 35 163 171 201 233 31 79 123 10 1 102 82 191 192 56 155 52 173 88 111 21 184 150 156 148 209 220 225 89 28 132 104 120 140 40 32 243 53 147 15 167 223 457 50 115 61 214 176 185 34 49 560
145 152 128 190 125 17 18 48 218 154 153 178 87 13 63 80 222 151 126 194 86 180 165 102 73 197 219 228 16 3 191 141 182 58 98 5 233 106 133 107 123 35 112 52 201 21 163 1 56 173 100 225 111 150 104 66 89 155 210 179 10 40 243 137 12 27 19 209 70 88 184 171 140 156 53 61 220 147 79 122 457 28 31 348 132 50 138 560 130 78 4 223 60 118 115 498 75 167 82 74
546 246 308 455 535 451 250 564 287 276 541 345 437 523 458 479 272 373 263 566 416 268 457 448 562 502 396 357 558 269 297 342 411 397 398 291 257 310 351 447 320 324 267 283 548 366 258 439 377 483 545 499 372 415 238 300 273 265 505 290 556 423 578 337 454 534 493 331 356 302 354 256 570 299 316 376 440 412 544 327 266 284 579 417 509 441 285 426 450 255 498 513 486 350 557 506 491 306 559 467
253 515 419 424 277 400 412 294 519 522 362 381 312 481 320 488 434 516 503 360 313 333 450 358 282 485 560 261 582 550 430 532 243 288 533 512 328 347 378 472 452 504 367 249 562 433 576 263 498 270 457 370 448 325 369 275 334 507 248 397 444 494 216 357 395 341 359 511 544 337 392 432 377 629 438 376 527 330 292 495 484 345 593 302 393 586 543 324 258 479 408 475 336 274 530 477 389 553 398 150
535 308 246 250 564 451 276 458 541 523 437 373 455 566 263 479 546 342 287 448 457 357 257 268 411 562 272 396 345 502 416 558 297 269 397 493 316 377 300 337 578 447 324 398 291 570 351 548 331 238 310 505 426 480 366 403 443 542 509 454 378 495 352 283 356 569 482 302 415 360 240 254 414 585 354 506 563 266 511 267 422 440 545 306 270 380 372 253 576 513 320 350 439 375 370 284 313 249 327 486
246 308 535 250 564 451 455 276 541 437 373 523 546 458 287 479 268 566 345 562 263 448 457 291 342 272 558 502 357 416 396 297 257 310 269 548 454 447 366 372 283 324 505 411 398 254 331 377 513 397 415 578 337 499 327 440 542 399 306 290 422 354 495 265 559 509 521 556 506 403 460 526 302 300 278 410 239 426 486 267 482 255 421 493 537 344 356 441 256 350 351 423 240 496 374 402 258 580 316 563
515 434 253 313 419 358 251 424 320 560 412 360 277 282 582 333 349 450 562 579 294 439 261 522 357 397 312 362 263 448 457 552 479 545 481 532 381 243 288 430 377 400 337 485 378 576 568 519 516 413 484 507 347 266 503 395 505 302 324 488 283 376 502 586 345 486 438 455 326 272 276 511 573 248 506 361 495 555 325 249 416 414 398 343 569 539 558 216 405 529 341 403 238 423 570 389 393 452 284 512
312 294 253 381 362 481 515 516 400 519 419 320 485 488 503 424 412 562 347 277 512 360 261 550 504 357 448 522 434 479 313 263 450 457 582 378 532 358 328 282 560 243 569 238 333 570 438 246 395 579 251 451 393 276 511 308 377 573 535 376 576 337 568 397 523 544 502 484 345 418 325 439 458 498 250 455 272 437 284 505 507 545 478 392 300 529 416 533 326 275 351 334 315 456 480 359 398 216 349 396
253 515 381 424 519 400 419 294 516 362 312 488 481 277 503 485 412 320 512 522 550 434 360 347 261 328 333 313 532 243 504 358 288 325 560 562 450 282 533 430 582 507 378 367 370 484 292 359 433 334 576 544 384 581 457 452 568 408 444 494 477 567 376 275 448 511 338 498 572 586 549 453 392 274 385 353 593 387 442 395 527 290 279 508 355 293 671 492 393 259 528 432 248 472 247 490 534 319 495 311
423 557 575 390 483 299 376 320 258 467 273 340 418 284 267 335 478 394 260 529 383 574 435 563 356 473 350 417 352 341 374 262 465 476 495 491 500 255 559 432 539 412 510 336 275 552 431 441 304 375 326 264 360 323 402 492 507 509 293 517 493 243 364 404 378 498 393 489 580 456 584 349 505 508 511 585 567 392 324 305 447 470 433 471 318 532 248 279 382 459 577 286 462 477 406 522 525 395 339 547
253 381 519 400 515 516 488 294 424 503 362 419 481 312 277 485 512 550 412 522 320 347 328 360 434 504 313 333 532 261 325 358 560 562 243 282 288 533 359 484 457 494 378 408 450 544 461 384 275 430 453 334 586 292 247 582 448 567 527 477 572 444 538 549 534 353 385 432 508 568 407 581 338 671 370 492 376 293 368 452 593 489 367 279 305 387 311 433 472 446 386 442 216 511 405 470 283 355 576 490
423 557 390 483 258 376 320 575 467 273 418 299 284 478 574 267 529 335 435 383 394 340 356 473 563 350 352 500 326 417 260 341 559 539 510 432 552 412 374 495 275 255 491 492 349 304 508 509 567 465 336 441 264 262 476 507 431 498 532 470 482 501 393 477 279 364 402 494 456 511 311 251 409 323 579 360 301 572 337 493 471 375 324 580 413 243 585 404 447 584 489 524 293 577 545 544 505 433 517 266
253 519 381 400 515 516 488 424 294 503 419 362 312 481 277 485 512 550 522 412 320 347 328 360 504 434 333 532 313 261 358 560 325 282 288 562 243 533 378 430 450 359 494 408 544 484 334 582 457 370 461 275 527 448 384 567 511 572 367 534 453 671 477 433 472 292 311 492 452 386 568 432 586 338 353 247 216 368 489 279 444 576 508 387 385 376 593 407 392 549 538 507 293 330 446 581 438 442 498 355
423 390 483 557 467 320 376 258 575 273 299 418 284 340 267 574 478 529 335 435 394 383 356 473 563 417 350 260 352 500 559 326 255 491 341 374 432 539 510 304 441 275 495 552 264 465 262 412 492 509 323 508 402 431 567 349 456 336 364 393 476 507 584 360 404 501 471 482 251 279 470 375 459 293 493 409 447 572 392 511 579 498 532 477 301 315 544 411 580 474 305 243 433 517 311 554 585 337 436 385
400 519 381 516 488 294 503 362 481 312 550 512 485 424 253 515 419 328 347 277 504 522 412 320 360 434 532 333 325 261 313 562 288 358 408 560 243 359 282 494 484 430 533 461 527 334 572 671 386 568 544 567 370 508 450 279 477 453 355 534 353 384 275 332 492 247 378 368 338 582 432 472 448 457 444 311 367 442 489 330 388 433 511 301 576 321 446 428 452 528 581 409 538 376 490 387 292 470 507 241
423 483 557 320 390 258 575 273 376 467 284 418 299 478 574 267 529 435 383 335 356 340 417 350 473 394 352 260 563 326 491 500 539 255 349 510 559 374 441 432 492 264 509 552 304 495 412 341 275 567 482 447 507 532 337 465 508 251 505 431 501 336 456 393 324 360 476 544 579 511 375 580 433 377 577 470 572 404 279 364 459 554 242 524 323 436 471 334 414 556 395 522 402 382 346 262 240 370 585 266
519 400 381 488 516 503 294 362 481 312 550 424 515 512 485 419 347 253 328 504 277 522 412 320 360 434 532 333 261 562 313 325 358 288 560 282 450 494 430 243 533 461 582 408 359 484 311 448 378 507 479 576 568 384 432 477 321 370 395 567 472 572 457 275 300 334 508 368 376 452 511 355 544 367 393 216 536 388 527 453 480 353 247 433 279 498 438 534 492 427 392 386 551 538 409 364 337 150 345 301
423 340 575 483 320 258 376 284 557 267 529 390 418 574 467 273 417 478 299 435 491 260 383 441 304 255 264 335 356 500 350 473 456 510 394 326 374 554 559 465 563 352 436 539 470 393 279 432 364 459 323 404 332 490 584 386 492 412 411 508 341 402 501 462 567 433 259 275 336 477 262 251 583 406 469 518 581 549 505 384 346 580 507 447 572 375 281 530 482 431 337 359 324 315 495 395 513 444 360 387
320 423 483 575 258 557 267 390 284 467 418 273 340 478 376 417 299 574 383 491 529 255 435 441 264 304 335 559 356 350 473 394 563 260 436 402 554 352 326 500 456 393 242 374 406 432 431 492 511 501 539 490 583 482 291 346 447 469 509 422 392 521 580 278 414 507 508 399 567 433 510 332 344 495 454 493 412 386 375 544 334 345 336 411 243 513 585 505 275 274 324 404 360 542 465 349 395 254 520 290
575 267 423 557 284 478 383 418 402 574 320 340 483 559 299 390 258 260 273 467 417 529 376 356 255 441 491 335 304 435 394 350 346 352 393 264 580 507 242 456 406 473 375 291 554 585 395 493 563 326 511 460 382 374 436 520 432 539 433 274 454 392 447 431 336 442 259 399 465 513 275 254 492 500 243 278 576 544 360 495 412 482 248 583 518 476 509 404 542 553 386 567 310 327 505 422 536 318 471 297
575 284 423 478 557 418 574 383 267 402 273 260 559 299 356 320 375 376 467 529 258 483 340 390 580 507 335 417 395 255 435 393 563 465 352 460 495 441 350 242 394 511 382 346 509 431 243 406 576 248 493 473 476 585 456 274 326 520 432 539 259 291 491 392 336 304 262 482 553 275 447 370 505 492 454 442 264 577 412 552 374 327 270 583 556 408 433 525 567 445 471 498 354 360 544 280 399 500 518 562
433 498 334 351 533 544 336 318 367 378 267 509 412 482 343 532 352 320 447 337 419 277 377 360 424 522 548 493 560 423 253 313 240 454 452 414 495 576 403 515 366 243 468 450 520 284 283 310 583 582 282 434 427 356 574 395 478 578 529 393 505 511 469 570 330 418 431 306 507 358 392 563 249 575 238 324 370 530 270 557 398 288 299 291 303 326 376 411 297 335 274 486 394 333 569 430 248 338 506 383
509 482 352 447 351 548 377 493 337 412 423 320 454 578 343 356 310 529 331 575 378 403 240 583 284 299 360 366 505 283 418 306 520 498 324 532 478 419 469 291 495 336 267 433 574 585 424 522 297 253 383 277 560 376 427 335 557 414 393 533 506 398 443 395 576 302 421 326 435 367 303 486 334 544 282 318 511 394 431 361 563 261 452 579 450 270 370 507 313 258 249 500 243 545 396 515 483 510 411 502
278 422 537 399 239 521 513 254 542 344 372 554 499 304 436 365 526 491 417 303 255 295 264 556 441 520 449 429 290 415 410 327 445 346 406 256 583 469 534 242 454 586 421 518 293 404 549 496 292 385 459 565 547 305 531 252 281 257 298 440 309 296 543 386 442 464 262 382 339 580 571 528 462 540 482 291 374 463 265 548 444 354 363 514 509 428 332 525 490 389 581 315 284 492 476 529 574 274 418 465
278 422 537 399 521 239 513 344 254 542 372 554 499 304 526 436 417 491 449 429 365 556 303 264 255 441 295 410 290 520 415 327 583 469 256 421 445 346 454 242 406 518 496 440 534 257 386 291 442 265 382 580 296 482 548 464 549 428 354 462 281 374 444 404 309 586 509 252 292 363 459 298 332 525 366 581 293 315 514 547 490 565 274 418 342 314 310 284 531 574 463 385 476 319 492 478 339 305 323 387
278 422 399 537 239 521 344 513 254 372 542 554 499 526 304 449 429 290 436 327 556 520 417 491 303 365 441 255 410 264 295 415 256 445 583 469 421 454 346 406 496 518 242 386 291 534 265 580 382 428 332 442 257 296 440 548 482 464 462 549 315 292 490 374 459 404 281 509 293 586 310 274 385 305 581 339 547 284 309 363 314 259 298 319 444 366 514 530 354 463 252 525 574 492 476 565 447 323 460 342
518 496 580 399 521 278 382 442 422 239 537 290 344 327 542 386 256 556 449 429 303 526 254 410 520 513 469 242 372 365 554 315 406 265 454 332 346 583 421 304 436 428 491 255 417 295 460 441 499 445 291 274 264 509 415 482 490 296 374 464 462 548 310 534 298 549 525 404 459 363 257 463 314 514 476 465 259 354 440 581 487 280 563 444 366 586 309 260 352 281 565 284 447 293 511 319 559 350 531 258
422 278 537 521 399 239 513 344 542 254 372 554 526 499 449 304 556 429 365 436 295 290 410 327 417 255 491 303 264 415 520 441 256 445 421 496 440 583 454 534 469 518 257 346 242 406 265 442 291 548 382 296 580 482 462 509 354 586 464 315 281 298 293 386 292 363 525 274 284 565 549 309 531 305 459 374 404 574 385 252 337 476 366 490 310 447 543 342 339 444 547 495 514 563 492 283 244 418 559 581
278 399 422 537 521 239 344 254 513 542 372 526 499 554 449 556 429 290 327 410 303 520 295 304 365 256 417 491 436 415 264 255 445 421 441 454 496 583 469 265 518 291 257 534 346 382 406 440 442 580 548 462 386 296 242 315 310 482 332 464 509 342 274 460 447 549 281 459 363 354 309 366 404 525 298 284 374 574 428 490 283 586 547 262 259 463 292 293 260 314 337 465 559 286 529 243 444 565 252 339
278 399 521 422 239 537 344 542 254 513 290 372 327 449 554 526 556 429 365 520 256 303 410 499 304 518 421 436 469 583 491 417 454 295 496 265 441 255 580 264 382 445 291 346 406 442 386 242 415 332 534 274 315 548 428 482 310 509 366 296 257 464 490 460 462 440 447 283 284 281 574 549 309 586 258 293 404 375 292 374 298 525 459 418 495 565 478 476 531 354 444 486 363 314 352 306 337 571 383 563
298 363 465 487 281 371 525 309 462 323 380 286 464 296 391 420 387 407 322 475 244 262 425 259 476 316 547 389 280 252 354 339 577 445 466 255 404 304 417 459 264 441 549 586 293 374 305 415 436 340 292 491 399 278 422 554 341 521 385 517 295 513 239 534 531 242 565 499 463 542 563 571 372 537 526 556 315 254 584 540 260 257 344 583 518 406 440 365 495 543 346 469 490 410 352 429 303 444 386 442
262 404 298 459 549 547 293 305 339 465 586 385 565 531 281 577 341 389 540 464 571 292 363 463 280 309 259 296 525 543 462 368 446 275 391 492 371 524 359 476 567 572 510 279 584 466 508 539 252 528 487 470 500 301 380 477 432 315 323 517 409 489 354 425 352 326 445 518 552 364 355 442 260 286 475 322 374 384 316 382 289 420 387 580 474 407 244 471 379 444 335 405 553 349 494 271 435 376 563 495
304 441 255 417 554 264 436 491 278 422 399 537 513 521 239 406 242 346 344 254 372 303 542 499 365 469 520 415 583 386 518 374 462 556 445 526 281 290 534 421 429 428 449 298 296 549 454 404 410 465 363 309 339 332 292 259 586 464 547 262 459 252 525 490 323 385 280 380 442 295 482 371 305 286 466 327 293 563 319 540 391 528 580 581 389 531 444 487 495 577 565 257 322 475 316 463 354 425 256 420
341 492 275 446 524 539 567 359 368 572 432 508 510 477 470 279 409 262 301 584 489 500 474 326 404 577 339 549 459 565 531 384 293 298 364 547 586 528 389 385 471 571 259 305 540 501 465 280 281 315 575 552 391 271 355 309 292 525 464 463 363 405 349 252 466 543 413 371 352 435 296 476 379 551 517 266 323 462 376 335 289 317 494 408 322 553 251 299 509 394 563 495 482 311 374 487 442 425 555 557
554 304 278 417 441 399 264 422 255 491 436 537 521 513 239 344 303 542 254 372 520 242 406 346 499 469 365 583 415 386 445 526 556 428 421 518 454 534 290 462 332 374 449 429 281 295 291 490 442 259 549 327 298 482 296 363 410 580 465 586 444 464 404 292 339 309 323 525 496 257 463 319 581 547 385 459 382 262 528 509 280 389 314 305 286 380 563 371 293 466 252 256 514 531 548 540 484 414 565 495
385 293 305 586 404 459 292 547 565 531 571 262 549 540 543 463 339 528 281 309 298 252 389 444 371 363 514 244 466 465 323 581 425 487 341 387 420 525 464 490 475 407 314 322 286 296 374 259 462 304 436 518 280 445 510 417 491 577 476 391 255 554 319 441 501 580 380 534 492 278 405 442 365 242 386 524 303 382 517 422 346 275 315 264 332 539 552 406 349 520 572 446 567 521 537 279 239 583 326 500
304 554 255 417 441 264 491 436 278 422 399 537 513 239 406 346 521 242 372 254 344 542 499 303 520 365 526 556 469 449 429 415 386 374 583 410 332 428 290 518 421 445 252 339 295 454 327 490 580 496 442 462 404 549 281 586 256 296 534 382 547 293 292 257 482 459 262 305 464 385 291 309 509 323 363 466 298 581 319 548 465 528 274 340 444 563 420 286 531 495 565 259 284 418 265 425 475 414 574 527
554 304 436 441 255 491 417 264 406 242 346 278 422 399 428 537 469 386 303 521 520 513 239 332 344 542 583 421 490 254 372 518 499 374 454 580 319 365 526 449 442 290 429 415 314 581 556 382 482 496 444 549 252 410 514 339 292 462 445 509 327 291 296 586 548 459 534 385 464 259 565 528 404 547 531 463 281 309 466 540 293 295 305 256 543 315 257 484 571 465 414 568 563 310 323 366 527 530 274 284
385 586 293 305 404 459 292 547 531 565 571 540 543 549 262 463 528 339 281 309 252 444 298 514 389 581 490 314 341 322 466 244 501 363 319 425 371 420 436 464 323 524 405 510 465 492 368 349 552 484 387 374 280 554 446 487 475 259 407 242 296 572 525 286 304 577 500 568 518 275 279 442 534 567 491 539 326 346 251 462 359 247 453 417 470 406 508 413 332 517 353 441 409 301 432 422 497 489 239 477
253 261 472 243 370 507 576 553 270 392 248 511 249 414 452 515 424 369 393 277 395 438 498 274 533 375 405 495 320 433 431 528 563 530 510 336 312 560 419 532 412 404 262 315 362 288 549 339 293 573 586 318 252 565 326 294 442 334 275 501 284 322 359 305 446 292 358 459 436 572 481 531 338 500 367 580 547 464 298 492 317 484 536 382 567 544 430 363 385 562 259 398 352 461 408 571 330 374 366 518
428 386 332 406 346 242 580 518 436 469 554 304 442 441 303 382 491 255 520 490 417 264 496 583 421 278 319 454 422 399 314 581 537 521 513 444 239 344 514 542 254 482 499 315 290 327 509 372 374 365 291 449 415 549 526 256 445 429 463 556 296 410 540 548 534 265 292 352 259 543 310 565 531 464 447 435 339 385 476 462 408 571 366 252 586 295 404 376 283 528 459 280 309 527 465 495 293 506 427 241
385 586 293 305 459 404 292 547 531 565 571 540 543 549 262 463 528 339 281 309 252 444 298 514 581 389 490 314 319 436 244 466 322 363 341 405 425 501 524 492 554 510 323 464 387 368 349 374 484 371 420 534 552 446 453 247 304 296 332 242 475 251 259 525 465 279 280 286 491 572 518 500 462 353 407 359 406 568 417 365 346 487 539 326 386 441 577 469 442 428 567 275 422 508 497 489 303 264 435 470
341 586 539 492 275 368 565 262 524 359 510 293 446 528 572 531 404 385 305 459 567 571 508 547 489 292 326 301 540 477 279 501 549 543 432 409 553 298 500 470 281 243 253 405 339 289 584 577 463 259 552 389 355 573 575 384 534 464 315 280 252 309 413 494 349 465 435 576 424 495 507 563 363 515 482 579 364 509 414 442 474 284 370 311 484 408 555 296 551 352 358 271 419 288 322 462 568 511 392 248
385 586 293 305 459 404 292 547 531 565 571 540 543 549 262 463 528 339 309 252 281 444 514 298 581 490 314 389 319 341 436 466 554 363 322 244 374 524 501 510 242 492 323 304 405 464 349 491 484 417 406 534 368 346 420 332 425 441 247 453 280 296 259 387 518 446 462 465 371 552 567 525 577 422 251 568 286 353 264 500 497 239 572 275 508 487 386 428 442 475 255 580 359 365 476 279 537 517 520 384
253 515 424 434 419 333 313 522 358 277 320 412 360 430 288 532 560 261 243 282 450 294 312 553 576 562 582 400 362 392 511 370 438 488 281 516 503 292 381 586 298 507 363 519 549 481 293 521 487 248 404 262 325 309 518 457 547 465 339 459 420 305 417 472 347 565 422 492 374 475 407 334 275 255 531 389 270 525 399 365 556 441 575 432 239 534 442 571 387 491 259 448 567 463 425 512 385 671 543 278
385 586 293 305 459 292 404 547 531 565 549 571 540 543 262 463 528 339 252 309 281 444 514 490 436 298 554 581 242 389 406 314 304 346 319 332 441 491 374 466 341 501 322 534 428 255 386 417 580 469 264 518 442 422 363 492 524 405 382 247 453 520 510 464 482 353 349 513 484 244 239 497 323 278 303 509 254 583 537 542 259 462 296 568 326 352 446 280 476 365 454 500 368 567 399 371 421 495 465 420
406 242 346 436 554 304 441 491 255 417 332 264 385 292 528 428 293 586 386 305 549 531 565 404 459 571 540 547 543 463 580 469 520 518 490 339 442 303 382 422 278 399 374 421 583 252 262 513 444 514 537 239 454 581 319 542 344 521 314 254 482 496 509 365 309 281 501 534 405 372 408 453 247 466 353 298 241 524 464 510 492 325 548 290 495 497 389 366 326 291 341 538 499 310 563 368 556 352 500 296
332 428 386 406 242 346 580 518 436 442 382 469 554 304 491 303 441 490 520 255 583 417 421 264 496 319 454 581 314 399 278 521 444 344 514 422 374 542 513 239 241 254 549 408 315 291 482 537 327 509 290 463 339 445 565 404 531 355 292 365 325 459 449 293 429 385 464 310 543 372 492 271 556 256 528 499 296 563 366 259 571 526 476 540 534 524 352 461 547 305 495 301 252 280 405 415 567 274 446 501
343 337 377 482 509 313 403 334 533 360 532 352 412 351 522 434 544 333 240 495 282 493 367 505 277 424 433 366 498 253 324 356 320 358 283 582 378 419 515 423 447 284 310 486 548 450 427 506 395 257 575 560 563 318 288 557 361 520 574 362 335 302 376 306 529 336 578 576 507 300 572 484 294 538 243 478 527 508 359 299 492 568 275 418 503 297 516 338 454 274 583 502 414 370 457 488 567 408 477 326
351 412 360 313 320 532 333 378 277 434 253 522 544 334 424 419 503 480 300 267 488 282 575 498 533 426 515 519 433 381 367 450 347 582 400 284 570 550 557 358 352 288 238 482 335 299 337 516 377 362 294 509 275 560 336 569 430 427 328 395 493 539 504 326 408 318 394 567 376 432 508 356 325 562 343 359 461 311 492 321 552 507 414 353 572 484 396 477 495 270 393 423 510 574 370 431 478 479 409 453
488 503 400 381 519 516 294 550 362 347 328 522 277 424 419 253 412 320 504 312 360 481 333 313 532 434 515 300 512 325 480 358 533 288 426 367 282 575 544 562 334 284 378 353 560 582 485 492 430 247 498 275 453 557 509 567 450 534 359 337 508 461 572 484 570 408 482 370 433 335 238 568 352 299 507 432 336 326 279 539 377 497 569 405 586 409 524 356 338 446 427 270 477 321 376 301 495 388 528 346
488 503 519 400 381 516 550 294 362 328 347 277 424 522 419 412 312 504 253 481 320 313 434 360 333 515 532 300 325 480 512 288 533 426 560 282 575 562 358 367 544 334 353 430 247 453 284 534 498 484 370 582 485 408 275 378 461 568 570 337 492 359 557 509 508 567 482 405 450 338 335 433 572 497 270 432 238 507 356 321 388 299 352 427 267 326 346 539 489 409 586 311 524 377 242 457 406 477 527 569
289 245 552 489 348 413 341 349 555 539 579 524 446 492 275 368 510 251 359 567 500 572 279 432 508 477 326 577 470 409 301 266 584 262 352 356 364 435 280 471 335 495 474 563 376 545 476 259 473 465 517 501 557 531 565 464 355 385 299 394 423 494 547 575 529 391 586 551 414 390 271 298 439 571 284 293 363 379 296 509 273 467 404 418 459 350 258 478 525 305 288 322 382 540 580 574 482 358 315 384
341 489 289 552 275 245 413 524 492 432 446 368 539 279 572 567 477 359 508 348 470 409 555 349 301 584 474 579 510 364 471 500 251 326 577 266 551 271 501 435 494 384 352 356 335 262 575 355 376 311 379 280 563 517 495 545 299 476 557 259 394 565 531 473 529 571 439 390 467 586 465 423 408 464 547 273 284 385 414 418 298 391 258 293 461 322 478 509 363 315 574 540 553 288 483 404 374 382 459 580
359 446 572 567 368 508 492 524 275 477 301 470 409 279 432 341 584 489 271 384 551 539 364 474 408 289 355 471 494 552 577 379 325 413 311 510 500 461 245 553 349 435 241 259 579 251 326 266 280 376 565 573 531 571 547 404 555 459 262 549 580 307 484 385 329 382 288 586 501 464 293 386 391 348 374 529 292 362 352 442 252 401 96 463 465 481 568 284 581 243 540 495 116 518 427 561 528 625 543 305
301 508 409 470 567 359 572 477 446 492 368 275 524 279 432 271 341 384 355 408 489 584 551 379 539 325 364 474 494 471 241 289 311 500 510 552 461 326 413 577 307 349 329 251 484 501 580 553 382 442 459 435 259 571 565 579 531 568 374 518 549 401 404 386 376 581 405 292 406 385 547 280 346 463 586 266 242 284 418 555 561 574 444 436 540 352 293 478 495 262 575 517 245 543 490 528 288 529 361 427
301 409 470 508 477 572 359 567 446 368 492 524 275 279 271 432 408 355 384 551 341 489 325 584 379 241 539 494 364 474 471 311 461 500 289 510 307 326 552 561 401 501 413 329 577 427 386 484 553 242 531 405 538 565 580 346 459 404 382 575 385 284 406 435 436 352 442 376 571 574 353 568 259 349 549 464 332 518 288 428 528 581 586 293 366 495 453 335 266 374 280 482 520 547 418 473 444 247 490 557
253 515 424 419 277 412 261 522 434 320 313 360 532 288 358 378 312 560 430 294 333 381 516 243 362 481 488 450 582 519 485 400 334 503 282 533 472 248 544 438 433 511 576 457 367 498 512 507 452 249 370 392 408 270 395 448 562 347 274 550 393 456 318 325 553 479 536 494 336 359 570 328 369 492 267 375 384 275 330 572 508 461 495 510 340 567 355 530 386 465 323 505 343 484 432 556 382 580 238 260
301 409 470 271 508 477 408 572 567 359 355 446 492 275 524 368 279 325 379 241 432 384 307 551 401 561 584 489 494 341 461 364 474 311 539 471 346 329 406 242 288 332 289 580 386 382 428 436 510 417 491 501 500 326 374 518 577 442 552 304 441 553 284 490 484 528 583 520 554 469 405 575 413 464 574 352 404 459 334 264 385 259 476 262 418 280 427 435 293 255 568 547 349 296 549 376 495 478 532 531
253 515 424 419 277 412 522 434 381 320 294 519 312 313 400 516 333 360 481 488 362 485 532 358 503 261 560 582 282 512 378 288 450 430 550 347 457 243 533 328 334 562 448 504 544 408 472 325 248 498 576 433 263 452 494 357 359 384 249 367 479 477 355 392 395 376 593 438 484 511 275 508 572 370 461 283 318 507 486 61 567 444 150 538 527 581 414 492 386 671 361 435 292 393 568 629 432 274 345 159
301 408 271 355 409 470 508 477 572 567 379 359 325 446 241 492 275 524 368 279 307 561 384 406 432 580 401 332 346 242 382 551 442 386 518 494 428 341 461 489 311 436 364 329 474 490 584 496 539 491 417 469 554 471 304 441 374 288 520 501 510 577 583 500 289 326 315 352 454 404 264 444 581 459 464 262 476 549 484 255 552 547 303 284 575 427 405 296 553 385 528 259 421 293 495 314 531 482 538 292
253 515 424 419 277 412 522 320 381 434 294 519 312 313 400 516 360 333 481 362 488 532 358 485 503 261 282 582 378 560 512 450 288 430 550 243 347 533 334 457 448 544 328 562 248 504 433 472 452 576 367 498 408 357 494 263 359 325 477 249 414 355 376 484 392 370 572 508 511 538 507 384 275 527 438 283 343 435 216 486 432 479 318 461 395 444 351 150 386 61 568 427 567 492 40 274 366 270 593 330
515 424 419 277 253 412 522 320 360 532 434 313 333 294 582 282 312 381 362 481 358 450 400 516 519 488 378 503 430 485 560 512 288 550 347 328 544 504 562 334 261 533 243 325 576 408 448 457 355 357 494 477 367 498 263 433 359 572 508 248 479 379 395 275 507 392 558 345 311 249 267 567 470 551 370 492 593 409 376 461 472 318 432 276 484 393 511 452 431 341 268 301 287 384 486 270 442 216 397 570
515 424 419 253 333 277 313 434 412 522 360 282 320 381 582 362 519 400 516 294 488 312 450 481 358 503 512 532 485 550 430 288 378 560 347 328 504 562 216 275 457 448 325 261 83 477 334 160 185 99 508 69 479 168 544 159 494 243 359 127 576 471 572 432 345 212 222 258 78 539 272 355 76 25 553 567 498 60 67 408 492 357 364 405 273 311 204 461 46 150 507 470 50 326 301 376 213 263 557 40
488 503 519 381 400 516 294 550 312 347 481 362 328 504 512 485 419 424 515 253 277 333 360 522 412 562 282 434 313 320 582 450 532 325 358 479 378 448 560 275 457 570 408 213 159 261 494 168 202 69 544 222 288 430 267 341 357 477 345 355 287 99 569 558 46 67 461 432 127 508 238 272 142 76 197 83 205 300 204 212 334 150 60 160 498 535 576 154 50 455 61 228 173 40 359 405 416 276 567 546
253 515 419 424 277 412 522 434 333 313 488 360 503 381 516 519 362 312 400 320 294 358 282 481 430 532 288 450 582 560 485 261 512 550 378 243 347 562 507 328 536 369 452 325 370 275 248 457 472 334 456 669 504 576 260 533 270 216 534 433 262 393 553 359 438 544 477 498 448 392 355 364 479 395 432 408 511 530 293 494 274 471 668 150 465 398 404 643 656 539 518 610 367 547 27 249 259 226 527 375
253 378 419 412 277 424 515 320 360 522 532 313 261 434 560 333 288 450 498 282 248 430 216 249 582 358 472 243 270 395 452 370 351 398 393 318 507 334 433 375 533 312 369 511 576 294 544 260 336 362 431 267 516 274 493 284 456 367 530 505 546 519 553 380 381 330 457 476 593 343 575 78 354 578 465 525 632 562 387 488 392 659 376 502 585 400 495 323 324 481 536 272 539 435 503 317 255 150 15 297
558 345 268 287 562 448 479 455 457 357 546 246 263 250 276 308 535 451 373 564 523 437 458 396 502 439 545 494 374 266 272 541 366 283 311 397 300 325 566 480 269 408 461 416 297 426 466 242 361 567 329 563 495 484 241 251 291 290 508 454 409 538 406 568 356 292 581 310 313 544 427 533 384 580 486 551 490 442 327 453 579 436 353 352 518 398 319 294 547 326 284 333 247 322 470 410 444 517 432 386
253 424 515 277 419 412 378 320 522 261 532 360 288 560 313 430 358 434 243 333 370 282 472 249 270 498 452 274 507 294 362 582 375 398 312 450 576 395 248 216 369 318 343 481 433 533 393 334 511 516 519 509 351 400 495 559 336 580 435 317 352 476 465 392 553 382 359 518 381 363 284 442 556 544 354 488 367 506 457 482 593 255 298 572 337 376 650 296 485 530 454 505 290 408 464 492 304 414 402 330
558 268 345 287 562 448 479 457 455 374 357 466 563 246 250 263 308 276 535 373 546 451 517 545 564 252 439 523 266 458 437 339 494 242 436 406 311 389 441 408 461 495 325 547 251 396 397 255 538 327 454 322 502 300 346 484 580 442 427 566 361 480 551 490 356 554 283 304 386 579 292 409 567 290 453 352 426 329 533 410 552 366 508 241 581 349 310 384 541 353 540 568 506 309 518 577 319 326 376 297
253 378 277 412 424 351 320 419 360 522 532 515 498 318 433 336 216 261 343 270 334 452 472 333 544 370 249 243 576 267 358 313 375 507 533 393 511 274 369 398 559 450 582 282 395 367 482 509 434 560 431 578 493 585 392 288 248 414 284 448 257 377 495 352 402 457 423 331 396 312 362 366 272 505 294 530 337 454 283 527 317 291 443 255 430 310 548 502 563 575 416 300 506 546 421 330 276 455 553 426
558 345 268 287 241 562 408 325 307 561 401 355 379 461 271 329 479 448 494 311 457 455 242 357 551 384 409 406 346 288 535 246 263 374 276 451 436 250 347 470 563 546 508 308 266 477 484 442 545 437 567 439 301 294 580 523 518 495 396 458 568 504 373 328 514 275 453 492 322 300 382 386 353 564 543 397 502 247 533 466 349 441 269 356 426 292 566 255 314 480 550 341 524 444 366 417 312 565 554 491
351 253 378 277 412 424 320 515 419 532 360 522 434 343 370 313 472 533 270 333 452 433 358 578 511 498 585 284 367 282 336 331 576 249 398 450 366 507 560 243 261 544 493 334 582 369 430 377 288 216 395 310 443 414 548 283 337 375 574 318 392 393 478 294 267 559 274 376 418 448 396 495 575 362 509 291 482 423 447 272 431 563 502 330 246 300 248 352 457 383 454 562 553 527 306 529 356 359 530 345
331 578 443 283 310 447 585 493 366 377 427 337 509 482 538 548 291 495 306 302 506 351 486 454 403 284 324 505 240 423 270 361 257 249 574 412 376 352 343 370 529 356 414 535 472 342 563 502 253 297 418 478 353 452 575 398 360 421 453 378 532 320 396 373 326 523 277 246 545 520 247 568 455 458 515 451 579 484 479 383 511 369 424 308 497 583 322 552 419 276 539 316 268 560 448 540 507 238 313 531
443 585 578 331 447 509 284 493 482 574 418 478 383 548 352 529 356 376 377 454 337 575 495 435 240 423 335 270 545 414 351 299 403 310 249 505 394 366 283 557 266 421 306 427 520 326 563 579 370 320 583 500 324 506 291 297 349 302 539 472 412 560 469 555 452 510 398 253 476 336 486 360 267 473 501 532 303 552 538 257 238 511 507 342 498 277 406 369 361 251 576 554 535 242 502 405 439 395 436 378
298 363 476 525 462 354 316 380 465 281 296 391 309 464 534 371 487 577 280 259 365 285 341 315 445 352 262 389 440 323 415 244 475 510 322 286 405 407 482 547 509 295 420 326 495 340 387 466 586 539 356 425 423 404 563 394 299 293 305 335 435 557 378 575 266 531 500 260 459 517 565 545 349 339 549 257 501 473 579 528 284 552 292 499 571 413 269 502 273 275 584 496 483 467 376 385 505 555 272 396
341 245 285 552 489 365 539 320 289 412 405 413 275 517 510 299 557 579 500 483 273 326 348 335 534 390 258 508 567 378 492 394 266 524 356 467 333 360 368 349 432 473 435 555 352 376 575 423 350 251 262 572 359 477 419 532 269 560 494 584 424 446 471 577 476 430 470 522 277 495 465 515 563 582 358 279 253 416 272 288 396 313 586 312 355 545 409 565 501 282 301 531 502 474 354 525 280 509 363 439
510 577 539 476 500 280 352 326 259 464 296 391 315 341 465 462 298 552 575 266 413 489 349 525 501 363 445 354 495 435 322 555 563 380 335 579 289 482 405 524 509 492 356 281 262 368 275 394 423 309 446 251 376 348 572 584 359 567 371 245 316 279 529 528 447 440 299 286 508 323 477 545 404 565 293 531 547 557 415 432 317 473 284 493 420 295 586 470 487 571 459 305 549 534 574 478 418 442 407 425
365 285 299 483 557 390 394 467 258 534 335 273 350 356 473 376 405 575 502 396 297 272 416 269 435 352 478 423 284 418 383 326 320 509 574 563 493 482 476 266 500 529 545 495 546 341 447 510 501 354 539 348 518 579 315 412 422 560 265 496 442 556 281 245 374 454 257 440 345 262 275 552 513 256 363 404 340 562 465 322 309 292 548 398 528 586 329 432 283 377 254 517 366 498 461 260 296 477 580 239
528 501 405 292 549 463 586 385 531 404 459 571 540 565 305 543 547 293 484 262 568 247 453 534 497 339 353 444 436 309 538 490 406 514 346 242 326 554 441 319 314 304 581 491 252 255 417 384 510 281 332 414 264 389 500 349 374 315 428 427 579 539 365 251 466 469 278 422 386 555 513 482 239 335 298 577 454 442 399 537 259 435 542 545 394 254 421 376 344 518 352 583 266 299 520 580 521 408 413 341
260 456 340 395 393 559 536 507 402 248 243 573 576 438 392 511 431 375 553 261 445 464 317 460 274 296 462 476 259 465 354 415 525 298 363 499 380 352 534 281 487 336 295 316 315 280 371 513 391 498 423 257 399 577 270 370 249 239 452 309 580 360 417 327 372 433 440 339 404 323 320 382 278 556 378 505 547 389 422 304 324 563 575 495 398 412 262 369 432 267 491 430 521 496 542 318 554 441 365 333
375 274 559 576 393 507 511 392 395 431 402 243 248 438 536 553 261 456 340 573 320 423 260 460 267 575 509 317 284 418 336 435 563 478 433 318 495 482 376 498 574 556 557 356 382 383 299 412 580 532 363 522 374 298 275 432 258 520 475 335 304 352 341 273 337 358 417 572 253 526 364 339 360 465 505 471 430 296 492 255 525 585 483 449 493 259 446 584 334 279 377 521 447 476 487 277 265 533 359 464
559 402 375 274 576 393 507 395 511 392 248 243 431 536 438 456 460 340 553 260 573 261 320 575 423 267 563 284 521 556 429 449 417 336 255 291 304 310 399 410 290 495 509 327 526 491 554 383 278 520 422 574 454 374 264 317 376 482 303 299 557 239 318 344 513 483 256 498 339 418 433 258 585 478 487 580 459 253 441 283 529 465 427 493 425 370 404 390 337 365 366 436 530 452 262 412 548 356 462 445
253 261 507 248 243 438 392 511 576 393 395 515 536 431 553 424 419 456 274 375 277 573 522 412 560 288 320 434 430 559 532 370 358 313 472 433 402 378 369 333 498 533 270 360 260 362 249 336 334 481 318 312 452 282 544 367 398 582 485 294 457 450 340 659 580 317 562 382 290 495 512 410 262 414 374 327 399 662 448 518 422 630 408 479 239 397 292 429 556 516 563 494 629 275 545 505 468 278 351 465
393 536 438 243 395 511 392 576 431 507 248 261 456 274 375 559 553 402 573 460 260 340 327 290 317 318 498 256 410 433 496 265 429 556 382 336 412 580 449 253 526 399 419 457 442 263 277 424 239 544 372 448 267 357 315 334 521 468 312 505 320 481 445 560 533 532 397 562 362 367 545 82 522 250 542 485 479 422 351 398 515 563 378 518 513 415 499 564 324 344 246 341 278 171 358 535 276 451 454 254
260 340 456 559 402 395 393 536 375 507 431 248 267 243 511 573 576 392 575 423 460 320 274 553 376 435 438 317 417 557 304 299 441 491 255 335 476 261 394 563 554 529 264 258 284 418 352 454 445 574 520 380 483 478 495 493 583 513 436 356 498 415 273 422 374 390 462 432 336 406 303 525 360 534 341 399 278 580 281 262 371 296 499 364 505 323 469 473 509 447 354 275 326 344 404 412 585 482 386 383
456 260 536 393 395 559 248 243 402 438 261 507 511 576 392 431 573 253 375 317 553 340 515 560 412 419 430 288 358 277 313 434 424 282 274 360 320 333 450 532 522 582 460 378 457 249 539 270 369 262 370 275 452 479 343 498 465 448 397 562 495 398 575 336 326 547 545 432 341 439 552 389 445 414 570 281 259 318 534 267 349 571 376 324 472 371 287 327 356 396 505 509 357 251 586 557 413 563 352 521
559 402 260 456 393 395 340 536 375 507 576 511 431 248 243 392 460 573 438 553 274 317 261 445 476 352 336 520 296 454 297 267 423 262 495 575 563 447 509 327 498 341 465 415 464 525 378 462 284 427 275 432 303 356 299 505 552 354 557 513 580 422 529 435 585 539 499 364 538 323 259 394 396 410 380 371 493 502 376 412 335 399 382 318 286 326 547 249 278 418 280 372 320 360 239 270 574 556 554 526
511 576 392 393 431 243 507 395 248 559 375 438 402 536 274 456 261 553 260 573 317 340 460 253 498 336 267 360 378 318 433 495 563 457 509 521 515 412 288 520 445 277 505 422 580 352 532 270 479 327 358 278 454 249 430 522 334 275 320 399 423 544 291 370 432 448 262 539 313 518 482 560 583 424 472 382 476 465 452 344 575 259 552 533 239 303 464 343 419 326 562 442 556 284 324 310 333 427 462 364
456 559 393 395 260 402 536 340 507 243 576 511 248 431 438 392 375 573 261 553 460 274 317 445 267 465 336 498 412 364 580 318 327 262 432 378 415 476 296 275 433 278 520 399 513 499 575 454 277 297 255 284 382 253 259 171 525 562 457 563 422 452 304 291 560 206 372 464 441 380 479 505 472 442 423 286 172 607 96 369 521 371 354 471 417 122 143 290 502 645 396 462 495 448 320 534 303 518 323 341
666 629 613 605 670 651 619 588 631 637 640 641 633 589 612 652 604 639 623 608 600 596 655 606 622 601 642 627 618 653 649 661 648 625 597 675 671 615 647 650 171 592 624 643 663 598 656 644 654 595 630 594 621 129 43 664 218 82 668 131 165 593 155 662 223 359 60 156 69 659 65 70 111 206 31 626 220 45 35 112 158 10 192 137 20 99 133 288 124 27 89 452 560 180 88 101 86 609 669 176
666 629 625 613 597 661 641 158 99 60 605 650 38 592 74 643 647 649 596 75 186 655 105 670 20 171 600 598 12 606 133 664 124 101 152 644 624 83 153 232 651 589 63 604 116 594 630 275 359 652 640 599 533 129 588 96 609 621 653 274 654 615 119 620 639 492 210 243 86 442 636 498 165 495 433 477 352 80 635 341 567 336 337 284 440 544 71 253 659 356 49 348 289 622 560 637 160 608 187 334
614 628 665 660 638 620 658 591 599 635 636 609 672 590 607 603 657 645 617 643 632 674 587 667 671 611 602 593 673 616 663 675 649 659 595 597 646 661 630 624 594 641 662 650 664 598 656 96 556 143 484 230 647 619 592 625 32 108 206 72 654 534 94 202 586 547 526 129 495 577 391 212 292 247 183 634 453 47 253 284 42 422 244 568 629 144 404 137 540 159 537 116 148 126 410 237 389 104 425 62
597 661 643 617 666 671 619 663 673 649 641 616 613 646 629 664 634 675 625 658 635 638 591 620 599 665 624 609 660 650 670 648 636 596 612 605 672 595 603 593 614 630 590 642 618 654 637 655 659 628 653 608 604 662 588 592 589 607 644 602 601 96 598 639 657 622 71 656 611 594 667 651 600 640 633 647 632 170 623 627 674 645 156 206 606 42 116 615 253 230 111 621 237 652 148 138 384 47 19 292
620 635 658 628 638 636 614 609 660 591 665 599 672 607 590 643 603 617 645 657 632 673 671 611 674 587 616 667 593 602 649 663 675 595 659 641 646 630 662 664 594 597 650 619 634 661 624 592 656 647 472 669 369 666 598 654 62 615 415 270 126 47 629 621 644 610 556 452 249 626 495 230 99 370 103 526 499 284 15 410 534 465 547 262 296 248 625 253 513 60 20 14 183 96 158 104 422 111 530 29
597 661 643 617 671 649 666 663 673 619 641 616 613 646 675 664 629 634 650 591 625 595 658 630 620 665 624 592 609 635 638 614 656 648 593 662 670 654 608 596 622 612 659 642 618 647 206 636 605 607 637 598 653 156 660 601 615 599 645 644 621 628 603 602 639 253 96 111 148 632 218 27 237 669 398 589 655 19 588 116 71 119 180 610 133 167 124 513 667 101 296 606 422 499 627 640 604 534 674 633
597 661 617 643 666 619 649 663 671 673 641 613 616 646 675 629 664 634 625 630 635 591 609 658 648 662 618 620 596 599 670 612 642 624 636 665 638 595 605 650 608 655 672 637 601 659 653 593 589 604 622 639 588 592 71 660 614 603 654 602 628 590 674 598 656 606 633 647 640 651 607 96 156 623 111 667 611 600 627 632 644 167 594 652 237 645 27 253 359 116 657 621 148 170 206 138 631 292 384 615
597 661 643 617 666 649 671 663 673 619 641 613 616 629 664 634 646 675 625 609 635 624 591 650 592 599 620 658 670 665 638 636 672 596 660 654 648 605 595 612 608 642 653 598 593 614 630 628 637 647 618 639 656 655 622 590 601 644 588 71 606 589 603 659 156 594 600 604 607 602 12 632 623 662 640 96 615 633 651 284 75 133 230 167 627 359 657 645 206 621 237 652 667 42 253 47 227 170 567 116
597 661 643 617 666 649 673 641 619 671 613 663 616 646 629 675 592 647 664 625 670 654 595 650 624 605 591 620 656 598 635 609 634 612 642 615 608 630 599 660 665 627 636 622 596 600 658 653 588 621 593 71 601 637 639 644 614 672 589 648 253 633 659 651 662 638 628 618 156 206 632 655 640 96 594 604 606 623 12 133 556 158 218 607 75 603 652 148 27 74 101 111 116 611 137 631 202 669 359 602
597 661 643 617 666 641 673 619 613 649 671 663 646 616 629 670 675 592 595 654 605 664 620 650 624 625 647 609 656 635 634 596 598 612 599 642 600 591 615 608 660 653 588 636 637 627 665 639 640 589 593 621 651 630 638 614 628 601 633 644 594 658 133 648 672 655 659 606 623 12 604 632 618 253 622 96 602 556 156 206 652 631 607 218 71 611 75 662 603 47 148 667 170 116 590 158 42 645 484 111
617 641 619 643 597 663 666 661 673 671 649 675 664 634 616 629 646 662 659 595 630 648 625 602 596 593 611 594 612 618 667 653 670 654 605 674 650 635 601 587 589 655 637 645 665 624 642 609 598 608 603 604 600 658 644 588 613 672 622 639 636 656 591 156 632 607 599 592 651 638 615 647 50 96 92 590 620 623 142 614 621 86 657 669 606 124 127 212 627 111 71 153 69 116 640 25 284 202 77 553
617 641 619 643 663 597 661 666 671 649 675 673 662 630 659 595 629 634 664 602 648 616 646 625 667 611 645 674 593 587 596 635 618 665 612 653 658 594 620 591 614 670 637 601 605 603 632 642 609 600 638 636 655 589 111 599 672 608 650 92 622 598 654 124 67 96 212 607 50 590 657 127 628 156 613 604 296 25 69 588 639 624 284 359 157 647 553 623 660 36 46 116 644 640 529 627 376 159 573 65
597 641 619 643 617 661 666 663 649 671 673 629 595 675 664 634 594 630 646 616 625 659 662 611 593 632 613 602 598 592 645 667 674 650 607 624 587 596 654 670 605 612 603 600 609 644 653 637 656 620 647 601 621 635 591 657 655 599 608 658 648 618 642 665 638 153 27 615 77 589 137 156 672 192 636 590 111 180 206 237 588 218 606 604 640 622 669 614 651 639 170 138 133 628 96 63 623 32 284 627
641 619 617 643 663 666 597 595 673 675 649 629 661 671 630 662 634 594 664 659 632 646 616 593 596 674 667 602 587 653 670 601 605 612 611 589 613 600 625 608 637 618 645 655 642 654 651 650 604 588 648 623 639 598 624 640 656 644 631 622 592 606 647 615 657 633 627 635 621 124 607 669 636 609 20 652 603 77 620 180 99 610 359 668 253 599 138 111 590 172 116 626 96 133 412 60 156 672 86 660
534 492 412 275 320 539 359 567 405 74 279 477 119 101 396 365 502 572 272 470 446 508 524 91 341 532 289 326 269 355 494 75 409 96 301 288 232 424 489 285 575 368 378 419 277 105 360 416 560 501 253 522 408 432 23 158 215 515 266 510 114 313 584 297 557 384 350 299 434 311 493 116 352 483 254 38 474 124 577 333 334 551 356 284 86 442 450 325 358 625 500 273 430 544 271 552 335 495 546 461
346 396 442 518 502 272 269 580 534 406 242 382 386 416 398 297 428 496 493 332 285 365 436 405 546 469 254 441 454 482 491 372 356 299 352 417 304 350 374 583 408 422 315 520 557 554 291 255 509 490 542 440 513 575 278 264 447 266 495 329 444 284 548 354 421 303 476 455 355 325 335 310 326 537 461 581 394 399 563 366 492 257 466 344 499 574 377 258 562 376 353 415 483 539 288 473 96 649 556 494
671 600 651 640 631 648 605 670 622 649 588 627 612 639 653 608 642 589 637 604 596 655 618 606 601 652 623 633 613 619 675 641 663 643 629 666 661 625 673 617 597 620 659 165 635 630 616 667 662 591 124 609 593 156 665 614 138 599 628 638 603 650 658 646 636 148 111 602 664 672 153 660 674 63 96 77 594 645 284 71 611 20 590 422 119 634 586 624 292 595 513 654 89 88 607 99 556 534 116 193
671 651 631 600 640 622 627 639 670 605 623 633 649 608 606 642 588 637 652 612 589 648 596 604 653 655 613 601 618 619 641 675 629 666 663 643 661 597 673 617 593 667 138 620 616 625 591 148 220 659 124 635 111 165 594 96 674 645 77 99 630 156 646 665 632 662 133 602 374 599 595 628 638 614 586 116 609 180 636 172 20 253 658 130 284 132 275 150 50 607 292 515 549 115 145 63 12 19 218 153
671 651 631 600 640 622 670 639 605 633 649 627 606 623 588 608 652 655 642 613 589 596 604 637 612 648 653 618 601 619 641 675 629 661 666 663 643 673 625 597 616 165 617 609 620 646 635 138 63 667 650 624 591 659 71 593 664 665 156 592 636 148 586 193 180 492 408 89 594 599 359 133 614 284 634 275 658 630 656 638 674 220 292 628 253 660 325 603 116 81 60 645 96 12 442 515 111 662 77 237
671 651 600 631 640 627 639 605 670 652 622 623 633 588 608 606 589 604 596 642 637 655 649 613 612 653 601 618 648 629 619 641 666 643 661 675 663 597 673 138 165 616 620 593 635 148 625 617 594 591 156 599 609 659 667 665 636 650 628 595 614 78 63 586 133 150 77 632 130 116 124 43 638 111 630 674 284 220 549 646 374 131 96 492 89 50 71 184 624 167 672 12 592 88 607 115 19 654 292 444
