80 43 54 65 41 45 47 14 37 19 66 2 39 51 69 26 84 22 18 55 20 15 53 67 56 3 27 8 10 62 33 36 63 32 75 77 7 9 89 11 46 85 44 73 76 82 78 35 6 25 29 58 71 40 34 4 61 23 21 49 16 79 48 64 12 1 83 50 57 42 38 81 74 88 28 70 24 13 5 17 59 86 72 52 31 87 68 60 30
11 39 75 31 43 42 13 23 74 28 35 52 78 34 63 8 50 7 5 58 79 12 86 29 49 61 33 64 80 38 72 68 6 27 21 4 57 48 20 2 44 14 82 73 69 26 55 65 10 67 70 54 18 19 51 83 40 66 22 45 87 81 15 1 47 84 76 16 24 56 62 25 37 59 53 60 71 3 85 30 32 88 17 46 41 77 36 9 89
74 52 4 28 79 50 72 42 23 86 13 49 21 5 34 17 71 31 78 75 87 57 8 59 46 39 7 60 11 9 88 89 1 63 77 16 48 81 30 38 25 85 64 73 40 68 6 35 82 29 83 61 43 44 12 76 58 22 55 24 70 62 26 56 10 19 84 41 37 66 51 54 32 2 33 36 53 69 15 45 20 27 67 47 14 65 80 18 3
74 52 31 42 50 13 28 86 79 49 34 72 5 23 75 11 4 21 17 87 43 57 39 78 30 60 71 48 19 62 56 38 67 26 10 51 20 2 63 37 22 29 85 84 32 65 15 54 64 53 47 77 36 66 89 14 45 69 6 68 18 33 41 88 80 27 3 83 25 70 35 12 24 40 61 44 55 1 82 81 58 59 7 73 9 8 76 46 16
52 74 42 50 28 34 31 86 13 79 23 5 72 49 4 21 17 11 71 75 9 46 39 8 87 78 60 57 6 30 68 59 70 64 81 38 7 40 77 83 25 43 55 89 61 63 48 16 24 88 1 58 29 82 33 73 62 12 44 22 26 35 37 10 54 85 80 66 76 84 14 56 32 41 36 45 19 2 65 3 15 51 69 53 67 18 47 20 27
31 52 34 74 42 11 28 23 13 5 75 49 72 50 86 79 21 87 39 78 57 43 30 60 4 17 80 63 29 84 41 19 56 85 54 22 2 47 26 20 65 32 10 14 6 64 53 48 51 61 62 37 82 33 38 66 15 67 70 71 45 27 44 35 77 9 3 18 40 68 58 76 12 69 36 55 83 73 8 88 89 46 59 24 7 25 1 81 16
31 75 11 86 74 13 49 50 52 5 23 72 79 42 28 43 34 4 87 10 21 39 54 32 19 65 20 51 37 62 80 17 78 36 56 26 45 30 47 67 15 41 57 2 14 84 53 22 60 18 27 63 66 69 33 48 3 77 85 38 71 89 6 64 88 44 70 55 29 76 73 1 35 61 59 68 82 25 9 12 40 81 58 8 24 16 83 7 46
11 31 75 74 52 42 13 86 79 28 49 5 50 23 72 34 21 4 43 87 39 17 19 57 10 20 30 22 56 2 63 51 37 67 26 84 53 60 54 45 65 36 38 6 14 47 48 78 15 62 18 77 66 27 32 85 3 71 41 69 29 80 64 68 35 89 70 33 12 61 59 82 58 88 83 40 55 24 8 9 44 1 25 46 73 7 81 16 76
31 13 86 28 74 42 52 50 34 5 11 79 23 49 75 72 21 4 43 17 39 87 30 60 6 68 57 29 70 41 14 63 61 38 37 35 2 77 45 19 64 47 54 9 20 56 22 58 84 65 53 12 10 51 71 40 26 62 66 15 3 82 67 80 36 89 78 33 32 48 18 8 44 85 69 27 83 46 24 55 59 7 16 1 25 73 88 76 81
31 13 74 52 28 42 86 34 50 5 23 11 79 49 72 75 21 4 87 39 17 30 60 43 57 68 6 29 63 9 70 77 38 41 14 37 35 61 22 71 12 40 46 64 20 19 47 58 53 2 83 89 56 26 8 51 84 15 10 54 66 78 45 82 48 59 67 65 7 85 33 24 55 62 27 36 3 32 80 44 69 18 16 1 25 81 73 76 88
48 78 55 81 87 88 1 59 33 7 39 57 25 8 73 58 16 64 60 76 30 4 12 29 68 71 35 83 17 40 61 44 70 38 6 21 82 89 63 77 24 85 62 9 31 86 67 46 10 23 84 69 49 14 43 19 32 26 20 52 74 80 15 13 50 18 79 51 3 66 28 2 65 53 37 54 45 36 56 27 22 42 5 41 47 75 72 34 11
55 39 33 81 25 1 88 16 73 59 44 62 77 76 10 8 7 71 89 67 48 84 26 19 32 20 69 14 4 54 15 17 3 51 78 53 85 63 57 2 9 80 18 87 66 22 36 31 37 65 29 43 56 21 47 75 41 27 45 46 28 60 82 68 12 38 58 35 86 83 6 64 40 52 70 49 23 61 30 74 50 42 34 11 24 13 79 72 5
8 7 1 25 46 9 81 44 88 71 73 57 16 59 39 76 55 78 17 21 87 35 63 12 48 38 58 33 31 4 77 89 43 61 6 42 68 70 83 11 82 64 29 23 60 80 28 52 74 24 10 22 34 30 79 26 13 40 2 51 62 14 75 50 49 19 56 15 85 84 66 54 20 69 86 37 65 67 5 32 3 53 72 18 41 45 36 47 27
55 33 25 44 73 81 16 88 1 76 59 31 8 39 7 71 12 57 89 46 48 68 15 67 32 38 70 43 26 58 19 14 82 10 51 17 87 77 6 22 69 2 78 9 54 80 21 84 62 60 64 18 29 3 4 37 53 20 40 45 56 61 27 63 11 66 35 65 36 83 42 41 85 24 47 30 74 50 28 75 34 13 86 79 49 23 52 5 72
39 40 6 82 83 45 24 38 9 29 70 58 64 35 61 14 68 65 12 41 87 47 80 43 85 66 48 37 78 54 77 63 36 53 30 20 57 84 23 75 11 60 22 10 32 8 46 27 13 2 52 89 19 5 26 18 49 69 7 74 3 62 50 86 33 79 51 56 31 15 42 28 67 72 55 34 4 59 21 44 76 71 81 73 88 1 16 17 25
39 75 66 20 45 36 63 14 11 41 47 22 65 54 37 53 43 77 32 33 26 85 23 84 80 10 51 13 62 89 56 2 15 27 5 18 19 69 67 28 3 52 72 31 74 40 82 55 6 49 29 50 86 68 9 42 83 79 87 38 70 58 64 24 57 12 35 34 78 61 60 46 30 48 8 59 7 4 21 44 73 71 16 17 76 1 81 88 25
54 14 39 45 65 62 19 18 2 26 10 69 3 67 66 41 53 15 32 84 20 51 22 56 47 37 36 85 75 77 89 80 27 33 43 55 63 74 57 28 86 87 31 34 79 13 42 49 52 23 72 50 5 64 6 21 29 38 78 58 4 11 59 17 71 40 9 82 70 16 46 68 1 48 73 25 81 88 7 30 8 60 44 61 76 35 24 83 12
54 45 14 65 39 20 19 41 53 47 84 2 67 26 22 51 15 37 56 36 66 62 10 32 18 3 69 85 27 75 80 77 33 89 63 43 55 87 57 74 11 52 31 79 5 23 49 42 13 6 82 86 72 40 60 34 28 50 30 29 38 21 48 9 59 78 8 64 58 4 88 70 1 73 25 68 81 46 7 16 24 83 17 71 12 61 76 44 35
54 45 65 39 20 53 14 67 36 47 2 66 41 62 18 51 26 19 10 84 69 22 15 3 32 37 56 75 27 85 77 63 89 80 43 33 23 55 57 72 74 87 40 82 29 49 6 11 64 78 79 5 38 48 58 52 31 70 60 83 34 50 35 13 24 86 4 68 73 42 61 28 30 8 12 76 44 21 59 9 88 17 25 71 1 7 81 46 16
65 45 37 54 47 14 41 20 39 2 19 66 53 84 67 36 51 22 26 18 10 15 3 62 69 56 80 43 32 75 27 85 57 63 77 11 87 89 6 23 33 31 74 13 79 40 5 64 8 38 52 30 49 86 50 70 78 82 60 72 9 42 34 48 58 55 21 28 68 71 29 4 61 24 83 7 73 46 12 35 59 88 44 1 17 25 76 81 16
