349 27 73 315 276 40 227 395 209 51 339 39 335 199 291 69 108 212 261 382 99 190 133 228 201 236 325 55 416 34 60 82 198 195 122 322 404 32 310 358 152 283 16 365 78 337 222 142 247 29 171 296 356 12 260 202 259 193 304 188 285 177 299 53 420 423 367 3 95 47 174 1 175 350 366 57 149 233 237 234 206 321 243 102 37 393 140 30 123 381 119 115 400 191 127 44 19 150 326 18
305 377 85 185 215 41 137 421 220 121 368 333 346 68 324 70 120 131 33 244 219 238 380 360 255 274 176 111 167 89 10 235 197 138 165 405 160 422 164 178 275 210 157 292 314 424 401 370 369 361 379 200 224 262 248 21 168 359 389 407 264 11 83 362 357 229 288 92 170 143 144 277 130 66 6 36 286 281 63 113 28 253 330 258 371 139 151 56 293 271 88 58 336 181 245 74 49 75 402 323
212 40 78 228 276 325 283 195 416 73 349 99 27 122 222 128 1 201 395 16 177 51 299 404 198 339 3 367 335 60 315 382 393 69 304 133 291 30 296 82 55 190 171 199 209 234 39 193 259 108 152 322 420 174 337 310 32 227 356 423 287 236 340 233 150 149 358 326 34 57 261 237 311 365 12 397 106 148 142 260 211 146 19 247 407 21 135 384 378 54 415 102 29 191 172 313 202 275 188 403
114 267 376 100 179 65 50 309 105 246 408 153 387 221 183 187 383 413 351 79 254 62 347 419 136 80 273 46 13 159 196 303 64 207 117 344 98 226 338 307 249 128 266 194 90 146 4 223 2 112 211 135 31 319 23 182 48 306 175 308 282 162 44 384 353 269 208 355 173 396 116 342 412 343 240 52 26 124 129 213 72 42 51 233 301 186 389 289 145 7 385 409 73 16 171 298 93 299 43 225
113 407 253 92 224 288 168 394 164 321 28 165 95 18 422 56 202 293 318 8 280 140 123 176 381 126 218 245 380 91 390 250 33 268 238 47 406 366 121 294 361 19 166 119 272 37 78 257 415 45 193 333 285 357 127 14 372 403 63 169 296 286 185 283 329 205 5 137 131 58 89 220 320 401 420 41 102 405 68 255 379 326 274 233 53 215 324 368 346 160 308 400 200 40 143 75 248 10 373 70
415 19 397 390 268 5 403 15 218 126 293 381 123 47 8 394 245 53 320 318 272 280 91 285 119 95 166 28 406 14 321 257 18 37 253 113 227 329 209 291 339 39 366 382 69 60 127 198 92 294 55 45 202 407 395 82 288 335 310 276 322 224 236 237 190 149 261 195 152 122 404 201 193 133 108 358 34 78 188 32 168 150 212 142 40 325 228 365 56 3 420 296 99 51 356 400 102 304 283 287
63 357 58 392 169 25 286 180 295 361 84 217 101 132 316 56 345 22 348 205 165 410 75 407 118 225 86 289 147 288 375 320 327 354 124 263 103 113 76 218 33 268 274 59 238 319 370 406 109 279 294 253 160 255 390 184 28 45 17 380 10 89 131 204 129 271 293 185 305 8 137 314 41 143 277 85 377 156 49 61 281 215 121 333 74 181 360 178 151 262 145 362 369 68 272 399 210 394 329 363
97 323 373 181 49 74 332 241 402 203 94 362 36 229 178 264 191 75 263 423 234 174 248 146 150 200 401 205 57 149 21 326 83 30 379 204 345 378 411 359 111 405 188 11 76 283 170 157 368 70 143 237 324 220 360 284 260 219 421 244 255 197 312 144 258 278 287 275 122 68 78 167 12 215 271 296 358 235 404 138 152 148 356 420 369 277 304 88 374 268 137 106 395 322 156 346 365 120 394 3
78 283 212 40 228 325 195 416 276 178 248 177 299 264 1 203 200 401 421 74 229 362 197 111 275 324 70 137 379 11 21 191 368 120 57 346 220 332 219 373 405 75 241 68 36 185 235 215 255 41 359 244 157 181 360 167 49 323 411 94 296 402 83 97 138 85 30 377 326 420 393 115 367 204 99 205 165 423 128 304 149 263 61 305 76 378 260 234 150 211 333 170 146 92 152 311 417 238 345 278
3 367 237 287 420 304 216 149 278 106 423 150 57 174 340 30 234 191 259 186 228 195 16 325 212 1 299 177 40 416 393 276 372 283 78 201 115 356 311 152 171 69 122 404 260 55 141 211 417 296 188 193 60 108 395 227 326 382 236 339 261 199 378 366 32 12 128 291 209 349 310 358 322 190 148 335 39 133 51 337 34 308 99 198 285 18 203 365 73 140 82 27 202 233 77 381 47 247 221 245
128 104 196 148 172 290 299 400 213 350 173 77 307 386 192 102 1 177 206 154 54 59 399 86 110 319 385 99 242 115 146 417 354 118 279 122 228 141 103 327 393 375 17 410 348 418 416 38 249 211 147 311 325 189 243 24 339 7 387 363 26 199 309 247 212 51 105 65 276 390 109 337 198 78 237 225 322 82 268 73 404 153 388 356 205 201 195 218 266 287 149 69 171 335 152 132 133 395 190 423
173 7 385 307 213 128 243 355 135 31 413 208 46 62 313 351 199 99 412 64 172 182 388 383 339 141 247 337 104 122 290 311 417 221 51 69 148 404 395 384 77 276 222 55 393 310 269 1 198 322 102 142 350 3 356 54 287 299 325 201 187 196 291 60 237 82 396 44 32 358 42 228 400 189 206 240 34 73 268 209 335 115 318 190 30 382 16 349 177 227 304 57 416 108 340 260 212 52 367 133
331 391 265 125 67 269 239 134 72 116 352 93 383 364 35 4 163 282 297 48 96 155 9 214 231 413 43 230 353 187 194 26 183 256 90 42 398 414 300 341 328 301 71 136 342 2 81 161 306 344 145 223 232 251 385 266 343 62 313 38 107 307 207 311 7 338 46 351 31 101 242 110 76 217 64 135 252 154 172 208 411 98 189 206 22 225 254 247 124 213 337 54 386 182 302 199 24 57 80 412
415 19 5 390 397 403 268 15 218 126 293 381 320 8 394 123 47 245 407 149 146 280 28 318 78 113 143 91 288 253 212 291 224 339 195 395 53 296 92 277 237 285 56 150 166 55 272 60 262 69 326 39 122 276 271 335 201 423 152 322 283 382 188 198 321 227 133 378 119 61 82 30 191 164 151 405 18 209 294 257 95 404 168 406 40 310 37 236 165 314 325 365 29 202 261 370 11 74 57 89
51 199 27 349 395 55 69 201 291 261 122 335 365 133 227 315 339 247 209 404 198 322 310 82 34 337 190 29 32 39 358 108 382 73 60 142 236 149 237 304 423 276 99 152 150 287 3 174 350 420 416 195 325 356 228 400 54 171 57 12 40 278 397 318 188 260 102 30 378 234 366 259 212 95 191 172 367 268 206 326 148 202 104 126 296 141 222 399 16 290 18 415 15 299 340 113 59 19 394 386
385 7 31 355 307 351 173 313 135 208 213 62 182 413 46 64 383 412 183 187 243 221 384 222 44 388 396 266 269 232 145 20 71 251 337 199 247 128 342 239 328 391 265 339 52 107 125 67 175 12 252 240 302 26 172 112 42 341 290 311 61 73 179 367 51 99 287 226 282 318 162 30 365 23 148 153 72 356 29 395 276 315 376 378 105 3 214 141 57 331 230 188 146 309 227 156 209 69 134 60
123 381 47 245 91 293 119 53 257 8 37 127 14 329 45 280 285 272 166 406 28 294 268 394 19 95 415 390 126 321 318 193 397 253 202 18 366 218 92 403 113 5 140 320 164 291 335 288 407 15 69 227 250 60 39 224 236 382 168 209 152 233 201 322 358 40 133 395 56 420 82 310 3 55 304 198 190 308 102 122 261 278 276 367 325 195 237 339 108 212 188 422 12 148 149 228 34 32 199 372
259 171 16 21 248 200 401 264 203 186 229 57 178 372 191 74 362 181 323 420 61 275 283 197 30 11 373 78 367 234 49 340 423 416 75 149 106 170 304 146 228 379 205 212 150 111 36 157 332 138 241 219 421 360 40 137 278 97 235 411 144 174 233 135 255 296 140 94 324 215 204 356 68 336 182 121 165 41 346 83 216 92 407 220 260 359 405 185 237 402 167 3 221 258 70 368 287 276 195 330
51 27 349 199 395 201 227 73 291 315 69 209 335 55 261 133 339 322 108 122 82 34 39 382 190 310 404 198 365 32 236 337 247 358 350 420 60 304 400 95 237 152 29 259 318 142 366 202 423 99 57 356 3 206 149 195 119 54 363 102 287 278 12 16 59 113 37 18 91 171 24 250 321 228 325 399 367 381 253 189 148 260 47 191 188 407 115 172 329 123 222 140 53 127 40 397 126 104 386 276
349 73 27 276 40 212 228 325 416 195 78 395 283 122 291 335 201 227 190 315 209 339 382 60 39 198 99 108 69 133 236 51 82 55 404 32 199 34 310 261 358 152 322 222 16 296 337 193 1 142 365 299 171 285 177 149 304 29 174 356 423 3 202 247 260 233 393 12 150 53 19 397 30 128 367 234 293 415 102 123 420 403 287 259 326 237 188 47 366 115 268 126 400 350 206 329 148 57 166 381
223 161 80 338 98 254 2 90 48 230 214 136 207 343 306 67 344 391 93 256 265 96 125 239 297 81 353 35 163 301 398 352 269 364 9 414 43 331 155 231 300 116 134 282 72 183 79 303 419 273 4 347 159 267 383 114 7 213 196 175 13 413 31 145 62 124 342 46 307 173 117 100 226 355 42 385 412 187 112 26 162 351 208 194 384 266 135 22 153 64 298 387 360 328 389 185 388 179 66 139
233 308 140 250 193 202 372 366 285 211 18 186 95 321 253 299 177 318 53 1 393 115 92 245 259 325 126 192 47 228 417 381 141 196 37 16 122 407 164 311 13 349 148 171 236 212 367 108 329 91 420 113 3 261 195 394 396 119 315 27 123 152 237 201 304 117 257 60 224 190 127 20 382 293 69 166 395 339 358 335 209 44 294 404 32 40 384 423 28 175 226 73 82 34 280 198 272 276 172 77
289 129 23 409 162 217 52 124 240 112 180 101 412 295 132 388 25 392 316 58 63 342 22 357 348 286 145 84 266 169 328 345 208 410 147 71 361 354 251 62 375 46 103 118 341 86 225 76 56 327 182 107 329 355 372 59 288 45 184 417 189 311 127 61 140 205 232 14 399 206 31 77 135 294 302 148 173 363 202 350 17 75 230 115 320 406 318 110 213 252 183 30 38 151 418 307 47 204 65 242
173 213 7 385 307 199 243 313 355 339 51 31 247 99 337 135 413 46 62 128 64 172 315 351 290 69 104 209 396 335 141 55 383 148 201 208 226 365 349 395 388 384 206 73 261 350 291 222 196 175 404 417 322 39 44 133 29 108 27 311 393 122 54 412 60 183 102 227 3 310 82 32 77 34 382 20 400 299 187 192 287 198 358 356 367 142 177 269 190 237 325 1 38 115 16 236 12 259 391 276
289 129 409 23 217 101 124 180 162 25 295 58 392 132 63 316 240 52 357 112 412 286 22 388 348 169 84 342 145 354 410 328 147 103 71 345 118 375 86 266 208 225 327 251 62 46 341 56 361 76 24 107 127 184 110 182 17 329 59 399 418 232 363 45 242 38 189 355 205 154 311 417 206 320 319 372 279 302 77 65 135 156 350 75 386 31 140 148 14 294 288 252 351 61 230 105 151 37 183 173
235 157 197 275 219 379 137 421 11 83 359 215 185 377 85 220 41 368 70 324 346 68 401 360 21 255 167 120 405 111 305 244 200 138 178 248 165 264 229 121 362 333 131 203 36 238 170 380 89 74 143 33 181 277 296 274 176 370 49 323 10 144 422 78 164 407 160 241 205 314 336 271 373 402 94 92 332 191 224 151 75 258 369 424 168 283 262 326 97 281 61 57 28 88 263 330 260 381 139 292
377 41 85 185 215 137 421 220 324 70 346 368 68 120 244 219 197 305 235 255 360 275 167 405 157 111 379 11 138 359 121 333 178 83 401 33 21 131 248 200 165 380 238 264 274 10 89 229 176 160 362 424 210 170 370 369 314 292 74 281 36 203 181 262 277 144 336 389 130 422 66 75 258 143 6 241 205 332 330 402 164 139 361 49 373 94 224 323 151 87 88 357 296 284 271 407 374 63 78 97
196 243 226 213 396 175 104 64 290 303 173 384 172 79 273 307 347 44 419 148 192 20 385 128 73 13 222 7 117 159 355 315 199 211 27 349 46 51 31 339 62 247 388 54 99 350 80 393 308 102 135 259 351 299 206 1 267 287 208 414 100 325 404 177 16 186 276 114 313 29 122 400 209 337 412 344 108 77 201 38 26 365 298 82 335 39 32 291 237 240 417 182 3 311 90 136 310 300 395 60
118 147 354 86 410 375 225 103 327 279 110 59 154 363 348 386 17 418 24 242 399 38 84 319 115 189 25 124 350 206 63 109 217 357 77 148 417 295 400 392 299 249 101 286 58 180 311 316 1 177 76 141 345 54 192 102 132 329 361 22 211 393 37 342 169 328 145 45 127 184 205 129 56 420 266 289 23 128 196 294 57 156 52 119 320 416 257 140 14 372 283 112 183 407 341 91 203 228 204 166
67 265 239 391 125 331 269 48 161 214 93 223 134 352 90 72 230 35 364 353 2 98 116 96 297 163 254 155 9 80 306 383 338 282 231 136 343 81 43 183 344 256 398 207 414 300 301 4 187 413 179 145 342 26 62 64 42 71 376 194 31 328 153 351 307 105 412 313 100 114 129 23 22 208 309 266 246 249 101 225 180 7 319 232 385 46 408 135 289 251 267 387 65 213 303 341 316 173 384 286
19 415 397 390 268 5 403 15 218 126 293 123 381 8 47 394 245 280 91 53 318 119 285 272 28 406 257 166 320 321 95 37 14 253 113 18 294 329 92 291 39 45 209 202 69 127 395 288 60 407 322 224 227 339 382 366 201 335 236 195 168 276 55 82 152 133 190 193 310 198 122 404 261 40 108 56 164 212 142 358 237 78 149 296 34 188 102 32 304 325 150 283 3 228 365 51 420 337 99 12
213 243 173 307 385 7 355 31 135 388 313 62 51 46 128 199 351 413 73 208 226 112 196 175 339 64 240 247 99 396 412 182 315 383 183 27 337 266 162 221 349 52 347 26 187 282 104 44 29 290 133 384 148 365 172 391 116 350 237 261 291 124 42 287 146 171 80 222 90 206 122 149 387 48 409 20 259 72 335 23 82 57 254 3 269 65 249 230 356 114 322 395 201 54 250 273 153 414 30 2
407 113 143 165 277 253 146 271 314 370 255 33 89 121 111 288 238 262 224 380 281 151 168 131 92 405 176 422 369 379 137 215 324 139 178 333 181 229 218 164 274 10 160 360 305 323 220 401 361 5 389 83 377 185 268 421 41 362 359 74 70 368 75 78 403 275 49 346 157 11 197 85 120 219 357 330 19 68 235 205 248 394 6 63 210 293 264 61 21 167 36 332 97 373 390 130 424 200 336 371
217 22 101 132 316 180 348 58 169 286 392 357 25 63 295 289 129 124 84 361 345 409 56 145 225 23 103 147 76 342 375 17 327 110 410 266 354 205 162 279 399 71 412 341 75 328 86 319 59 184 118 363 154 418 109 52 38 189 24 269 242 165 105 153 112 386 251 400 187 311 182 249 65 107 263 265 206 115 391 146 387 246 309 240 134 413 221 408 329 45 125 156 204 49 352 239 61 181 43 350
76 345 184 205 156 204 341 107 295 71 251 263 84 75 252 302 328 232 342 145 266 169 63 217 362 101 357 58 286 74 103 354 361 206 94 241 332 279 373 147 181 38 110 244 97 323 24 242 229 189 225 17 109 182 178 392 402 363 49 264 410 118 418 319 59 399 36 350 375 154 203 180 327 86 417 248 70 77 87 289 386 115 324 411 316 120 421 68 326 54 400 124 25 200 191 352 41 56 138 359
246 153 65 309 50 408 387 105 100 114 267 376 187 183 179 221 383 413 26 269 146 194 128 311 282 4 351 72 110 307 319 141 148 279 38 396 313 154 175 247 199 367 42 134 116 315 101 230 339 77 99 62 173 384 44 385 73 217 342 299 391 344 213 3 355 182 136 399 51 52 417 325 171 418 337 243 64 349 266 31 249 364 155 172 69 1 43 24 23 103 393 115 125 81 104 208 231 90 112 35
145 342 328 71 341 232 251 107 302 252 266 184 76 412 156 204 124 182 295 345 289 84 217 129 351 208 22 101 205 313 46 23 180 62 132 316 135 225 31 147 409 355 392 354 286 58 162 327 348 25 265 52 103 410 75 263 67 118 239 242 307 221 64 169 391 375 63 357 269 311 112 24 363 187 38 183 7 125 418 86 240 413 385 134 230 154 173 110 77 352 189 206 319 231 399 372 386 417 93 17
331 391 125 265 269 72 67 239 134 116 282 4 93 352 364 214 35 48 194 155 297 163 26 230 383 9 96 231 353 43 42 90 187 256 398 183 413 300 414 136 301 81 344 306 2 343 161 207 38 254 223 154 110 408 246 153 418 387 341 50 105 98 266 189 338 242 279 311 71 103 65 309 24 7 80 328 22 399 342 319 145 386 221 101 363 172 313 17 76 206 385 109 100 51 128 62 225 107 327 249
19 415 5 390 397 268 403 15 218 126 293 381 320 8 394 123 245 47 407 113 318 280 28 253 288 92 91 149 78 339 272 224 296 146 119 56 291 166 143 406 152 378 18 321 168 53 395 285 188 294 335 326 39 60 82 283 227 260 356 150 257 14 164 61 37 191 165 322 57 198 212 209 237 133 277 201 69 337 236 271 202 382 30 199 404 310 55 11 195 261 95 122 423 420 12 379 422 359 203 329
195 40 228 325 212 283 276 367 237 3 287 78 416 149 304 420 278 423 106 99 150 216 57 259 340 174 191 234 30 177 186 299 1 397 15 73 55 291 339 60 201 404 372 198 222 122 382 227 395 199 322 82 365 171 69 337 349 39 261 32 47 133 335 29 27 128 115 393 16 310 190 358 403 209 5 108 211 34 285 381 19 415 51 142 366 188 202 95 247 318 12 253 356 378 152 148 245 326 119 260
379 83 11 157 359 275 235 197 219 421 137 21 215 401 185 70 220 200 85 377 41 368 324 255 346 248 178 360 68 167 405 111 138 120 229 264 244 362 165 74 49 36 181 170 203 305 323 241 144 94 332 97 373 296 205 258 402 75 121 333 370 277 380 143 263 191 336 326 238 330 260 314 89 407 78 131 10 88 271 33 176 284 151 160 61 274 164 92 158 378 57 424 422 374 283 312 262 345 146 236
67 239 265 125 391 331 269 214 134 48 93 72 352 161 223 35 116 230 364 282 90 297 353 163 2 155 81 9 231 383 183 43 343 136 254 98 306 96 301 344 207 187 338 256 398 80 413 4 145 300 414 71 342 194 341 22 26 23 179 266 101 328 42 180 132 105 153 251 232 217 129 208 62 7 52 316 225 376 351 313 286 307 31 409 408 289 64 387 65 392 323 412 309 182 181 252 135 107 112 279
349 27 51 199 395 335 34 201 190 227 69 315 291 55 209 73 310 261 404 382 39 108 339 82 122 32 322 358 236 198 304 133 91 337 152 60 202 119 365 142 247 420 356 260 366 188 195 318 250 12 193 296 123 278 140 57 37 416 47 228 381 350 95 3 245 276 222 285 40 29 234 423 174 257 99 18 325 149 378 14 293 53 329 30 400 397 102 367 206 268 59 237 54 16 150 19 415 191 127 394
323 97 49 373 181 94 332 241 402 74 36 362 229 203 178 264 75 191 248 263 200 401 205 411 146 234 21 423 174 379 57 359 204 150 83 345 149 111 11 405 70 157 324 30 170 421 220 326 219 283 368 143 215 244 197 378 167 275 185 255 284 120 235 76 68 144 346 360 137 277 78 271 61 41 258 188 374 88 151 165 131 260 138 122 156 158 380 336 296 312 261 407 268 369 139 26 121 281 370 317
19 415 397 390 5 268 15 403 218 126 293 381 123 8 47 245 394 280 53 119 91 28 320 285 272 257 166 406 14 318 37 291 253 39 294 113 407 195 95 227 60 335 329 69 382 395 322 45 321 201 55 209 92 339 82 127 149 198 133 288 18 40 224 152 310 78 276 283 296 366 404 236 122 190 193 261 142 202 358 212 99 365 150 168 29 237 228 164 304 56 337 34 32 188 278 325 108 423 51 102
51 199 243 315 339 213 247 27 349 73 337 99 133 365 29 261 335 226 173 201 313 69 388 55 395 291 175 209 307 396 227 39 355 385 171 322 259 196 64 31 16 404 7 222 112 384 44 148 12 318 172 250 122 60 350 34 290 57 240 82 237 356 236 152 54 383 304 140 190 108 128 135 423 46 195 104 378 407 351 149 206 420 310 325 62 400 186 20 183 3 382 102 162 287 260 78 154 381 358 91
118 147 410 375 354 225 86 103 327 63 357 84 25 348 279 392 59 58 17 180 286 295 363 124 399 386 109 319 115 110 242 217 77 418 316 169 154 417 24 101 189 38 211 350 192 206 249 132 56 345 361 148 76 294 22 289 400 329 129 299 54 196 141 45 308 311 127 205 184 372 75 320 140 393 102 406 177 37 156 1 250 204 272 128 288 145 257 253 342 328 162 104 245 416 92 166 52 112 113 119
157 379 275 11 83 359 235 197 219 421 137 215 185 220 368 377 70 85 41 324 401 21 346 68 255 200 360 167 405 244 120 111 178 248 138 305 264 165 229 362 333 74 170 203 36 121 181 241 89 10 143 238 380 296 323 49 277 131 144 370 160 258 424 402 94 336 274 332 271 373 314 369 330 151 260 88 374 281 97 326 33 75 262 292 176 205 139 210 78 378 6 317 191 130 389 61 66 164 263 334
381 123 47 245 91 293 119 8 37 257 53 45 127 280 14 329 406 166 272 28 285 268 294 390 394 19 415 126 95 321 397 253 193 318 202 113 18 218 92 403 164 407 5 366 320 15 224 288 291 168 140 250 335 227 69 39 152 422 133 201 395 236 322 60 209 296 382 420 176 56 283 82 195 40 121 339 149 57 423 55 261 102 337 308 304 190 310 358 199 188 171 27 122 325 333 298 233 237 78 198
143 271 151 277 281 139 66 130 6 389 369 314 370 330 146 317 262 424 210 292 371 374 10 160 89 274 61 401 131 229 111 157 87 178 200 334 368 362 360 255 36 220 421 215 264 235 219 405 359 323 121 181 49 379 83 21 74 402 197 324 203 137 185 332 94 275 75 70 205 167 346 41 248 170 97 336 411 238 11 305 68 138 263 241 144 120 191 377 88 165 158 85 380 333 244 312 258 373 270 78
63 392 357 25 58 180 286 217 169 101 295 316 132 361 22 84 225 147 410 289 118 375 56 348 129 124 354 345 86 103 327 165 205 75 288 407 76 162 320 23 279 409 145 17 319 59 184 342 305 45 33 71 363 121 294 207 372 110 333 109 399 131 329 274 263 253 210 89 251 380 113 10 424 341 377 160 77 242 343 418 223 386 127 406 238 417 65 185 186 137 105 292 328 85 52 98 189 308 179 156
67 265 125 239 391 331 269 93 134 48 352 214 35 72 297 163 364 353 116 96 383 161 9 155 90 43 223 230 231 282 183 187 2 256 343 398 301 81 413 344 207 306 254 136 98 300 338 4 80 414 145 342 194 328 42 26 22 179 153 387 7 341 71 286 62 101 232 64 208 351 307 279 105 251 225 65 385 319 309 252 50 266 313 408 249 376 100 180 246 107 217 103 311 302 412 132 23 327 182 363
354 86 410 118 327 147 103 225 375 279 319 17 363 109 418 110 38 154 24 399 59 242 386 189 249 348 84 206 25 350 124 400 54 63 295 58 102 357 392 286 148 180 217 115 77 316 345 132 76 101 22 184 145 289 169 342 129 71 417 311 328 65 127 309 153 387 341 156 329 105 45 172 141 192 361 187 251 162 205 104 107 56 294 75 299 183 290 266 313 269 134 263 37 320 204 140 246 14 211 50
41 377 85 185 215 421 137 70 324 220 368 346 68 120 244 219 197 235 360 305 255 167 275 405 111 157 379 11 359 138 83 401 178 21 200 165 248 333 121 264 131 33 229 380 362 238 274 36 10 170 89 74 181 160 370 49 176 402 323 314 203 143 277 424 241 332 144 210 281 94 75 292 258 97 330 369 262 336 205 88 271 151 6 373 139 130 422 66 284 374 389 326 317 158 61 164 296 411 78 224
65 105 309 246 387 50 408 153 100 114 267 187 376 183 179 221 383 413 38 279 154 319 110 103 418 363 77 311 399 141 351 24 249 375 17 327 101 148 225 342 115 417 269 242 147 295 59 145 299 189 410 206 76 307 205 354 4 282 86 386 184 26 289 118 109 194 328 45 129 217 62 350 72 173 104 254 128 199 1 400 263 90 348 146 42 393 116 329 23 162 294 134 353 230 344 132 177 391 25 313
135 31 355 208 385 313 351 7 62 46 307 173 182 412 213 64 243 388 44 20 384 222 266 413 396 303 183 175 112 128 342 221 78 383 347 200 146 273 21 336 52 61 240 23 145 275 346 203 409 73 162 197 283 158 337 57 220 232 170 97 368 144 339 270 360 199 30 129 298 264 49 138 247 167 252 229 226 277 68 328 423 143 302 311 248 251 401 157 269 371 171 271 402 323 324 120 11 191 419 379
379 359 83 11 157 275 235 197 219 421 401 21 137 215 200 70 324 220 185 368 41 255 167 85 248 377 68 346 405 178 111 360 229 138 244 264 120 74 362 181 241 323 203 49 165 170 36 373 94 305 332 258 75 144 97 402 296 260 205 143 333 378 271 277 326 263 191 370 236 121 330 57 152 345 151 78 188 336 283 374 139 380 61 314 238 284 411 88 76 10 356 34 407 262 358 281 160 89 310 268
407 113 253 92 224 288 394 165 168 28 293 18 164 193 422 202 380 381 8 33 321 176 250 390 238 245 280 91 218 415 19 123 140 318 56 95 268 119 126 361 294 372 366 78 121 212 233 357 333 61 285 47 320 406 137 314 257 195 277 403 143 296 10 41 131 63 89 169 373 312 166 283 281 200 325 185 255 274 345 37 305 262 151 228 370 324 272 5 45 286 139 205 88 271 248 284 421 405 215 160
25 63 392 357 58 180 286 217 169 101 295 316 132 22 84 225 147 410 289 124 118 129 375 361 354 348 103 327 86 56 345 279 162 184 75 17 145 23 205 319 76 342 409 399 165 110 109 363 59 45 242 251 71 105 386 38 207 320 418 156 24 341 294 189 263 249 81 412 329 343 328 127 407 288 204 65 223 154 372 136 153 186 107 115 417 98 308 301 387 183 252 52 77 305 309 408 112 93 43 187
76 345 205 184 204 263 156 75 341 107 71 295 251 84 252 302 328 232 342 145 266 362 74 94 332 373 181 169 36 323 97 241 402 229 49 203 63 264 178 217 357 58 248 101 354 103 286 191 147 206 24 118 110 279 182 361 411 109 200 242 410 244 70 399 17 418 375 38 59 392 189 57 350 86 154 363 180 146 327 225 386 326 379 324 316 319 289 401 400 421 11 417 359 21 22 56 111 54 120 283
40 276 212 228 325 78 349 416 195 283 73 27 99 395 122 51 198 201 299 199 404 190 60 177 55 382 310 222 128 82 34 32 322 69 339 315 291 152 227 358 236 108 209 335 1 3 39 356 133 261 304 142 149 367 260 393 234 287 337 30 296 420 365 150 237 174 171 12 141 148 423 193 102 247 54 16 311 326 259 400 350 57 115 191 188 290 172 206 104 340 378 233 29 19 77 192 59 189 415 202
268 390 218 293 19 415 5 403 126 8 381 15 397 28 407 113 146 143 280 123 245 394 238 333 33 164 89 121 47 176 380 320 262 277 253 314 92 422 288 271 224 165 370 131 274 369 78 10 151 285 160 294 91 166 305 283 389 168 111 424 210 53 406 56 292 281 139 255 361 296 326 360 318 119 229 248 37 275 371 324 405 257 200 368 137 220 11 61 74 144 401 195 312 197 83 379 235 215 378 167
51 199 349 27 315 73 247 55 201 339 69 261 335 395 227 291 337 209 133 365 404 39 122 34 310 82 322 108 99 190 32 356 304 236 237 382 152 29 358 195 198 243 420 325 378 381 260 57 350 259 12 278 188 149 245 3 95 91 148 142 171 47 213 60 250 102 172 366 16 268 423 290 396 202 397 326 400 287 186 54 407 293 308 206 367 226 140 222 296 318 390 119 37 191 175 228 174 321 30 253
405 167 41 185 421 215 324 137 70 360 85 244 377 255 68 346 120 220 368 111 219 305 197 138 235 178 379 157 275 11 359 165 200 401 264 248 83 229 21 362 121 87 333 411 170 181 74 374 323 317 6 75 49 241 36 373 402 139 88 131 284 281 143 314 330 258 33 424 210 332 78 336 370 66 94 380 292 277 10 130 89 97 369 203 298 326 160 144 334 158 262 263 270 271 151 238 205 274 378 389
246 309 408 105 153 50 65 387 100 114 267 376 187 183 179 221 383 413 269 282 351 72 311 26 134 141 194 307 101 110 148 239 42 254 4 81 38 396 417 319 182 279 116 77 146 128 391 230 231 136 315 214 367 199 344 173 208 384 155 62 313 154 399 266 115 3 61 99 249 247 206 175 73 171 299 43 64 51 44 24 125 107 52 213 418 251 9 265 205 350 341 352 145 398 31 104 400 90 353 23
143 271 151 277 281 139 66 130 6 146 389 314 330 369 370 317 262 424 292 210 371 374 10 160 61 89 87 274 401 334 131 360 362 49 200 229 405 178 255 157 36 83 111 411 235 323 220 379 359 94 402 332 170 181 167 88 368 203 74 264 421 215 238 97 137 121 205 21 324 219 248 333 11 70 158 138 185 268 263 144 75 336 312 191 197 258 275 305 284 41 68 241 346 165 320 326 380 149 373 78
173 385 7 213 307 413 172 290 104 31 128 243 355 148 135 196 383 313 388 199 62 54 46 99 64 247 208 351 269 350 187 51 183 337 400 102 206 311 141 396 339 237 77 287 29 240 393 412 365 112 391 38 384 26 192 299 189 226 154 73 3 356 177 115 182 69 175 221 417 242 44 55 404 125 61 1 12 122 52 367 222 378 265 322 72 82 57 110 24 315 42 386 162 67 318 198 30 149 201 282
217 101 289 180 316 132 25 22 392 63 58 129 357 169 348 286 295 124 409 23 84 162 342 52 112 145 410 412 327 147 103 345 361 375 266 354 225 328 240 118 86 71 388 17 110 56 279 399 59 76 62 319 251 363 341 46 418 24 208 38 107 386 184 187 189 105 182 242 154 205 45 109 232 387 311 400 249 329 65 153 183 75 302 269 156 351 307 252 413 417 77 127 383 146 206 313 239 14 230 391
72 331 391 134 269 125 265 116 67 239 282 93 352 4 155 364 35 297 163 231 9 353 43 96 48 194 90 214 230 398 256 301 26 81 300 414 136 344 42 383 306 2 343 207 187 183 161 413 254 80 338 246 223 153 408 98 50 101 38 105 110 154 311 100 387 309 221 7 342 418 22 341 145 128 189 225 65 217 242 71 328 412 213 319 62 266 51 386 103 279 1 24 172 17 385 399 307 363 393 206
67 265 125 239 391 331 269 134 93 352 72 48 35 163 116 297 364 383 353 214 155 9 43 96 231 230 161 282 413 90 256 183 223 187 301 398 343 81 2 4 344 306 207 300 136 414 254 98 338 80 194 145 7 342 42 328 71 341 307 385 26 232 101 153 62 22 266 208 279 351 319 251 64 387 252 313 107 217 179 105 182 225 31 46 302 327 135 103 309 249 173 412 109 286 65 17 376 110 363 23
51 27 349 199 395 315 335 55 291 209 227 261 201 69 73 122 34 39 82 339 108 32 322 190 310 133 382 404 198 247 358 337 236 365 60 350 304 420 142 356 237 366 29 152 149 202 400 259 16 278 57 423 250 188 95 287 54 260 206 3 113 318 171 91 12 47 243 140 18 148 99 119 308 378 290 102 276 381 191 59 104 174 37 407 195 367 253 245 399 325 30 268 296 363 321 234 372 222 172 92
147 375 118 327 410 103 354 86 225 279 363 17 319 59 399 418 38 154 24 110 189 386 242 249 109 206 400 350 348 115 77 102 84 54 148 417 141 295 311 63 124 192 392 25 299 286 58 357 104 329 393 45 177 294 101 345 172 406 127 37 217 1 257 205 119 14 180 290 211 184 272 76 140 132 105 169 57 381 202 309 322 8 91 166 128 316 335 387 337 153 280 56 250 339 209 245 420 82 60 145
136 230 214 90 48 2 80 306 344 282 81 343 207 254 301 72 116 161 239 134 398 231 223 67 155 93 269 391 9 35 125 183 98 256 353 265 297 43 352 364 383 163 338 96 26 42 4 331 300 194 413 175 414 23 187 388 396 112 52 213 31 355 64 62 145 243 412 162 7 226 217 129 385 313 351 199 342 409 135 311 307 101 298 71 132 44 208 179 46 173 289 240 196 354 266 384 341 315 247 328
143 271 151 277 281 139 66 130 6 389 370 314 369 330 146 317 262 424 210 292 371 374 10 160 89 61 274 87 334 131 401 229 405 178 111 362 200 157 323 255 83 359 421 49 181 74 203 264 332 411 205 402 36 368 360 379 215 167 235 21 94 220 324 219 137 75 97 185 11 197 121 241 275 70 170 336 41 248 238 144 158 263 191 346 68 138 373 88 165 120 244 284 78 258 305 312 268 333 270 149
191 203 234 423 174 97 373 323 49 150 74 241 332 57 94 181 229 402 362 36 149 30 264 178 278 237 75 287 420 304 263 3 367 146 340 205 106 216 248 188 326 200 345 204 378 283 401 296 76 21 411 12 260 379 416 395 358 276 259 78 152 111 356 236 122 404 360 32 148 60 350 365 11 368 322 54 156 195 206 382 157 405 170 83 310 268 70 212 197 108 261 198 372 82 275 133 291 324 59 400
3 367 237 287 216 420 304 278 149 106 150 423 57 174 340 30 234 191 259 186 195 228 325 1 276 212 299 40 393 416 283 177 372 78 16 115 141 152 417 201 311 188 47 148 326 55 296 69 404 171 339 51 356 193 122 365 37 245 99 12 60 211 236 358 108 172 260 261 29 290 395 73 337 119 199 128 378 308 382 381 133 91 247 32 285 257 202 310 95 291 192 140 14 227 203 77 322 400 209 335
118 147 375 410 225 354 103 327 86 279 348 63 84 25 59 357 17 319 363 392 399 180 109 386 110 58 418 124 242 115 38 249 286 154 295 217 24 189 77 417 316 206 211 350 169 132 101 192 289 22 400 345 129 54 311 76 361 184 56 141 328 148 329 1 372 102 299 45 145 342 127 71 140 393 177 196 294 205 75 156 251 266 257 341 416 253 204 162 320 182 307 308 37 165 136 252 119 355 288 302
195 40 212 228 276 325 283 78 416 99 367 3 237 177 304 299 420 287 397 278 1 15 128 57 423 149 216 73 150 106 222 60 30 259 191 393 174 234 339 403 201 382 211 19 95 291 39 47 285 322 227 395 141 404 318 340 311 337 202 366 199 209 115 5 69 415 55 349 82 198 381 133 335 53 310 123 372 384 32 127 12 247 190 77 122 108 51 321 14 18 91 358 126 417 193 44 394 119 34 27
212 40 276 325 228 349 73 416 78 195 283 27 99 122 51 395 128 198 404 201 190 382 82 299 152 236 1 339 60 315 322 177 55 199 335 227 310 291 69 222 32 358 108 34 193 261 3 142 133 304 393 209 102 39 171 16 356 149 296 260 367 400 287 365 233 423 337 311 234 115 350 237 30 206 54 202 150 148 247 104 174 326 420 259 340 29 399 12 146 285 110 189 154 172 188 418 191 290 53 19
389 369 424 210 292 130 262 160 66 314 139 10 281 370 6 151 89 271 277 143 274 330 371 131 317 238 333 121 374 33 380 146 305 61 334 176 87 361 422 229 336 255 405 411 178 164 421 144 111 137 205 244 200 185 41 170 248 181 157 258 407 362 284 215 158 235 401 83 75 165 74 324 368 138 377 68 264 70 21 167 346 312 298 120 220 85 203 360 88 197 275 332 379 323 56 218 402 49 219 345
415 19 5 390 397 268 403 15 218 126 293 381 123 8 394 47 320 245 280 53 28 91 318 285 253 407 113 291 119 39 335 149 166 272 60 227 382 288 406 14 395 92 339 82 152 209 322 37 69 321 78 95 133 257 224 150 198 201 310 296 195 18 236 40 55 190 283 188 261 56 276 294 358 212 146 329 378 122 404 164 34 168 304 337 366 142 202 326 278 420 260 365 127 405 57 356 29 165 99 191
229 362 181 74 49 36 323 178 264 241 332 402 94 373 97 203 248 200 401 75 21 191 263 111 411 421 379 70 324 219 368 205 220 157 359 235 146 197 83 275 11 255 215 137 68 244 120 346 360 170 345 167 185 405 138 41 57 204 377 85 144 165 76 143 258 305 423 61 234 277 374 283 131 326 333 271 380 314 370 89 121 330 424 151 336 160 10 150 334 174 369 281 88 238 30 292 284 78 33 262
67 239 265 125 391 331 269 214 48 134 230 72 93 282 161 223 352 90 116 364 35 2 183 297 81 383 136 155 231 9 163 353 343 43 306 254 98 338 96 344 398 80 256 187 301 413 207 4 414 23 300 26 145 71 342 42 266 341 194 129 62 208 52 217 31 412 179 105 328 101 132 313 22 64 251 409 112 311 323 289 153 7 385 307 351 318 181 232 180 388 295 107 355 65 199 408 316 61 49 247
349 27 51 315 73 199 227 209 339 335 133 261 291 395 201 69 39 108 55 337 34 365 247 190 122 236 322 82 382 404 16 198 32 152 60 310 171 358 243 356 175 29 12 259 420 260 237 99 140 202 142 350 177 304 396 222 250 308 3 299 228 192 226 188 95 367 148 278 318 423 325 287 296 54 149 366 20 44 290 276 416 18 195 321 40 378 326 384 191 400 253 206 57 104 102 91 115 172 174 211
341 71 107 251 232 328 302 252 342 145 184 156 204 76 266 345 205 263 182 295 84 75 412 351 313 265 125 225 135 134 22 101 391 364 31 169 269 110 399 180 352 124 279 418 46 103 38 286 62 363 24 147 319 375 217 154 17 35 331 206 242 208 413 93 289 189 327 230 67 354 307 239 386 221 109 417 59 7 72 77 410 316 214 355 187 385 43 115 311 118 58 183 141 400 116 4 392 25 155 163
143 271 277 146 151 281 139 314 369 370 389 262 130 66 6 424 160 89 292 210 10 371 330 274 131 317 238 407 218 268 165 111 61 255 405 5 390 360 33 83 113 121 78 403 380 368 229 220 324 178 137 374 167 401 323 333 379 181 74 421 157 362 205 305 19 215 235 70 359 126 176 49 320 415 11 144 361 219 36 275 200 75 120 394 68 21 346 185 197 293 203 248 296 263 326 332 41 264 170 283
51 349 27 395 199 55 69 201 291 339 227 261 133 122 365 335 209 322 198 34 310 190 358 39 315 32 247 82 108 60 404 29 382 236 337 73 149 142 237 150 276 423 174 397 99 304 152 356 234 188 3 12 420 287 57 416 191 195 350 171 278 30 259 400 260 15 19 318 148 54 126 268 40 367 212 228 325 415 378 104 290 222 326 172 296 102 394 95 390 340 16 113 399 253 206 141 366 403 407 59
215 421 137 185 85 377 41 70 324 219 220 368 346 68 197 235 120 244 275 157 255 360 379 11 167 359 83 111 305 405 401 138 178 21 165 200 248 121 333 264 229 131 362 380 238 33 36 274 74 89 10 176 370 160 181 314 170 203 49 277 262 323 143 75 424 422 164 94 241 330 332 402 296 144 205 292 281 151 97 361 369 6 210 258 373 271 224 407 78 92 139 374 336 61 263 317 130 288 389 66
179 376 114 267 100 105 65 309 246 50 153 387 408 221 183 187 383 413 351 62 135 182 208 46 313 31 269 129 64 254 23 265 342 145 223 307 412 355 251 266 391 409 136 22 180 125 52 239 7 347 132 134 71 289 231 232 194 252 328 112 101 162 186 159 196 214 341 372 61 225 273 67 249 282 316 72 81 240 128 98 42 392 302 384 367 411 171 230 26 4 344 217 173 117 385 140 399 16 211 44
157 379 359 83 11 275 197 235 219 137 421 215 185 368 41 70 324 220 401 85 377 346 21 68 167 200 244 120 405 255 360 138 248 178 111 264 229 305 74 170 362 165 181 203 258 241 49 143 333 36 121 402 323 332 336 75 144 94 277 373 10 370 88 271 284 424 380 89 205 151 296 314 238 160 326 263 281 330 139 97 131 33 210 317 374 274 292 369 6 158 191 270 378 66 260 78 61 298 262 130
143 271 151 277 281 139 66 130 6 370 389 330 369 314 317 146 262 424 210 292 374 371 10 160 61 89 87 334 274 401 229 111 200 131 157 220 360 178 362 264 181 359 368 49 255 203 379 83 421 323 405 219 235 170 215 36 324 205 74 144 402 70 94 411 336 167 248 158 138 21 332 197 11 185 137 75 275 68 88 97 258 263 346 191 241 121 41 238 312 284 120 244 305 373 333 270 204 377 78 85
255 360 111 167 215 405 377 41 85 185 421 137 324 70 68 368 120 346 220 165 244 219 235 305 197 275 157 178 138 379 359 83 11 401 200 248 362 21 229 264 333 131 121 36 370 274 380 89 10 238 314 74 33 262 160 277 292 424 402 6 210 94 181 330 143 176 323 374 332 281 130 75 66 241 258 49 144 203 361 170 271 139 411 317 151 369 87 373 334 389 205 422 97 78 164 345 407 168 224 371
401 21 200 248 264 178 229 362 74 181 197 49 219 36 235 275 379 421 11 137 323 203 157 359 215 220 241 346 138 402 94 70 332 83 111 185 324 368 68 360 120 373 377 85 255 41 97 170 244 167 305 165 405 75 144 146 61 411 121 258 336 333 191 205 284 131 88 370 277 380 330 89 296 33 263 314 143 424 78 57 361 283 407 10 281 204 158 176 312 238 374 271 274 151 92 210 345 139 160 270
143 271 151 277 281 139 146 66 130 369 370 389 314 6 330 262 317 424 210 292 371 160 10 89 374 61 274 360 401 111 131 157 220 368 235 255 200 83 178 229 362 405 421 203 219 215 49 379 121 359 87 36 137 323 264 21 238 205 248 324 197 170 185 334 97 75 181 74 167 191 275 402 263 332 305 94 346 336 70 88 41 68 165 268 411 11 333 144 78 320 120 158 241 380 377 85 218 149 138 373
67 265 239 125 391 331 269 48 223 161 214 90 93 297 35 352 353 254 364 134 98 2 163 72 338 383 96 230 116 80 9 282 343 183 155 344 43 207 231 136 81 256 306 187 398 301 414 413 300 179 4 376 7 145 64 42 342 351 26 62 22 208 307 303 387 105 180 328 23 273 153 385 114 196 101 232 100 286 194 31 44 52 412 129 71 46 65 384 173 263 61 313 318 51 249 266 409 289 50 267
239 67 265 125 391 214 331 269 48 230 134 72 93 282 2 116 90 35 155 353 136 364 297 352 81 231 306 163 43 161 9 301 343 223 96 207 398 344 256 383 254 183 98 80 4 300 338 187 414 413 42 194 26 145 71 342 22 328 103 153 225 147 62 327 341 7 110 279 408 105 319 311 180 266 309 392 286 375 100 221 246 65 101 38 25 249 50 232 64 251 354 313 129 58 316 217 387 175 307 135
51 349 27 199 395 315 335 201 73 69 122 291 55 133 247 339 261 227 209 365 322 337 82 108 404 382 190 198 32 310 29 39 60 34 423 171 236 358 3 350 259 237 99 304 149 16 299 195 325 152 420 287 142 318 177 367 400 228 102 356 54 393 148 104 407 206 212 222 12 175 95 202 276 110 172 24 1 57 308 399 396 319 279 278 40 128 154 193 290 340 250 363 268 146 115 106 311 189 91 126
233 193 308 202 73 285 140 349 27 366 18 250 211 325 212 95 228 1 321 177 299 195 372 122 40 53 51 276 395 201 253 92 261 416 236 115 315 339 16 393 171 78 133 209 108 318 99 190 227 152 60 335 404 259 291 198 222 245 55 69 82 382 47 126 283 329 358 3 199 381 192 32 164 39 311 19 365 34 322 37 102 257 310 186 423 28 296 237 127 123 148 293 367 149 294 8 119 280 407 422
169 63 357 58 392 286 101 295 25 84 345 361 180 217 205 75 316 76 56 263 132 22 204 348 184 165 362 225 373 264 181 178 156 410 74 118 402 49 229 147 332 411 97 407 323 375 61 94 289 241 36 248 320 200 354 124 327 103 244 86 203 41 314 279 185 288 71 87 110 341 130 334 370 281 268 255 17 262 66 328 421 68 111 330 251 146 401 59 210 218 10 292 277 33 6 374 109 258 137 151
67 239 391 125 265 331 269 223 161 214 48 338 98 90 254 80 2 230 93 134 35 352 353 136 343 183 364 9 72 116 207 297 306 155 383 96 282 231 163 256 43 187 344 301 81 398 145 413 342 414 300 62 4 46 7 22 266 412 385 328 64 307 71 101 351 208 31 23 124 52 132 341 129 279 232 175 225 387 105 162 26 217 289 65 309 153 194 319 273 42 112 409 355 213 100 303 109 180 135 179
173 385 7 307 213 172 413 290 104 148 243 31 355 128 196 135 99 62 313 199 46 383 351 64 54 311 141 208 388 77 247 393 102 400 417 269 350 287 237 51 206 337 187 396 339 115 177 384 299 226 183 412 189 3 44 175 222 1 55 192 240 356 69 61 20 367 349 319 386 38 318 221 73 24 42 260 242 154 182 418 150 304 365 12 378 106 198 29 325 340 112 26 322 72 122 201 404 110 358 335
65 246 50 309 408 387 153 105 100 114 267 376 187 183 179 221 383 413 38 110 319 154 26 279 231 269 72 282 194 311 4 418 306 103 254 155 134 344 81 230 353 146 242 77 128 217 116 24 136 101 43 9 17 214 42 327 249 301 375 147 86 148 109 398 225 399 363 410 189 338 35 206 386 351 300 141 96 364 343 354 391 417 145 400 93 162 90 129 352 342 76 115 414 350 239 289 299 104 307 256
51 199 27 349 395 55 201 291 227 261 209 335 315 69 133 73 339 247 365 39 108 322 122 82 34 404 190 382 310 32 337 358 236 198 237 60 350 29 304 420 400 149 366 287 423 3 278 95 318 54 152 171 259 356 113 142 57 195 202 99 18 206 276 381 102 119 188 174 397 104 148 59 253 321 150 37 16 47 12 290 191 407 367 245 91 250 92 268 115 260 325 24 222 399 363 172 308 416 378 15
128 104 148 172 196 290 192 102 350 213 54 206 299 400 307 173 385 177 393 77 417 115 1 141 122 325 386 311 7 211 237 287 242 189 247 199 416 243 404 110 228 59 399 38 99 154 32 3 358 24 82 356 396 276 310 337 339 367 198 413 55 423 418 51 304 26 150 278 365 195 146 57 34 108 260 378 69 188 266 17 315 174 322 190 212 73 319 142 30 261 355 152 109 395 420 149 363 326 186 201
401 200 248 178 229 21 264 362 49 181 74 323 36 203 241 332 379 402 373 94 97 11 83 275 157 359 197 219 235 75 421 146 137 111 215 220 70 368 324 255 191 185 138 346 360 263 167 411 68 170 120 405 165 377 41 244 205 85 283 345 61 57 144 305 407 204 258 76 336 284 78 423 361 370 296 143 277 121 312 314 326 131 88 333 158 89 271 171 380 92 30 357 10 113 253 424 33 270 238 288
196 211 410 192 118 375 147 348 225 354 327 86 103 25 77 124 180 299 128 286 148 417 63 104 357 392 267 115 393 132 101 177 316 173 114 217 84 213 290 141 129 307 311 52 1 112 22 182 146 376 162 183 65 295 289 179 308 58 266 100 279 169 385 313 416 351 172 56 23 273 59 387 254 117 145 383 342 31 153 319 309 7 80 249 79 350 303 355 294 240 419 187 105 388 135 186 140 50 329 54
67 239 391 265 125 331 269 214 134 93 352 48 230 72 35 364 161 223 116 155 9 163 90 297 282 383 183 231 43 353 96 2 136 81 187 338 4 254 413 301 343 256 306 98 398 342 80 344 145 300 207 71 328 414 62 26 101 194 412 341 23 208 129 42 31 217 105 179 22 266 307 52 153 289 313 309 132 251 64 409 232 7 351 295 46 180 135 225 311 221 189 355 76 319 408 316 286 385 279 376
143 271 277 151 146 281 139 370 314 369 389 66 130 262 6 330 317 424 210 292 89 371 160 10 61 131 374 274 83 360 405 255 111 401 238 268 178 379 218 229 157 220 390 49 362 181 407 359 323 74 113 368 36 235 167 126 205 421 215 5 336 165 203 121 332 137 200 170 11 219 158 403 394 144 324 78 402 415 191 21 264 70 185 19 326 197 380 33 94 97 75 263 149 88 312 275 333 87 320 284
377 85 41 185 215 137 421 220 324 70 346 368 68 120 244 219 197 305 235 360 255 167 275 405 111 157 138 379 11 121 359 401 21 333 178 83 165 33 131 248 200 380 264 238 274 10 89 176 229 170 362 424 160 210 370 36 74 369 314 292 402 144 277 281 143 203 181 258 66 49 139 336 130 422 332 323 330 164 224 6 94 241 151 389 262 205 75 88 271 284 373 407 357 296 361 63 374 78 97 168
360 255 377 85 41 215 185 137 421 111 70 324 346 220 68 368 167 120 219 244 197 235 305 165 405 275 157 138 178 379 11 83 359 401 248 200 131 21 121 333 362 264 380 89 229 33 36 274 238 370 10 176 314 160 424 277 262 361 292 281 330 422 210 94 168 170 6 369 143 144 224 130 286 74 66 92 402 374 203 78 411 258 357 181 75 332 164 151 317 371 271 139 336 49 241 389 87 323 334 61
345 76 205 263 204 75 184 156 295 84 107 341 252 302 251 71 328 232 94 332 362 342 402 36 145 74 97 373 203 323 49 191 181 241 264 229 266 169 178 248 63 57 357 101 200 286 354 279 411 206 361 58 103 24 146 109 70 217 350 234 56 182 59 110 21 423 38 405 410 401 86 283 154 399 363 242 326 379 244 180 30 54 17 147 418 11 334 189 400 296 268 118 421 165 375 392 420 174 324 111
83 379 157 11 359 275 235 197 219 421 137 215 401 21 200 70 220 185 324 368 41 255 85 377 68 167 346 248 360 405 178 111 244 229 138 264 120 362 74 165 181 241 203 170 323 49 305 36 373 94 258 332 144 296 402 143 333 277 97 370 121 260 75 336 151 271 89 330 380 78 205 238 326 88 424 191 378 314 281 10 139 284 263 160 236 374 158 317 6 369 61 262 407 361 411 164 188 152 33 131
407 113 253 92 288 224 168 165 394 33 18 380 321 164 422 176 28 238 56 293 218 121 357 126 268 8 318 361 280 95 140 19 63 390 78 381 333 123 294 131 245 202 169 61 324 205 274 255 220 250 305 415 58 91 68 215 89 143 286 185 178 360 372 10 296 137 70 366 75 111 401 377 368 277 346 362 406 166 160 379 120 119 229 320 420 47 264 181 41 405 272 49 203 139 403 314 323 144 283 5
266 182 328 232 251 71 341 342 107 351 145 302 252 313 412 208 31 62 46 135 355 184 156 307 7 385 64 204 76 221 173 345 413 128 384 44 205 388 183 112 367 311 396 213 265 23 409 52 391 129 337 295 101 141 30 40 162 420 125 269 383 243 289 240 199 140 247 187 222 124 339 179 318 230 134 84 136 234 263 239 372 228 117 67 376 276 159 3 393 283 42 212 1 299 72 22 278 12 69 174
89 369 160 10 389 274 424 210 292 262 131 314 143 277 370 151 271 238 281 139 130 66 121 33 380 6 333 305 176 330 371 422 146 164 317 168 224 215 360 111 137 374 255 361 377 368 61 92 165 85 220 185 421 407 235 288 41 394 28 346 70 120 178 219 324 68 157 401 275 362 229 197 405 83 167 113 200 56 36 170 144 218 293 138 248 379 336 334 253 21 357 181 280 264 258 284 286 359 205 8
143 271 151 277 281 139 130 66 389 369 6 370 314 424 210 292 330 262 317 146 371 160 10 89 374 274 61 131 87 334 229 401 264 405 411 200 238 178 220 157 402 21 203 421 191 362 255 144 121 205 360 332 368 379 111 94 83 324 235 248 185 36 333 137 74 346 336 170 323 167 181 305 49 197 158 275 70 219 380 359 215 75 88 41 11 367 241 284 138 120 78 263 68 258 312 244 57 373 97 268
333 89 121 238 33 274 380 131 305 10 176 160 262 164 424 314 422 210 292 369 143 370 277 389 146 271 407 165 151 113 361 293 224 368 28 255 111 324 220 421 330 167 139 137 281 168 215 360 68 130 218 70 371 346 401 219 405 66 275 85 288 8 197 280 6 235 268 83 377 394 92 157 253 229 120 185 359 200 178 11 248 244 138 41 379 61 144 74 170 258 381 362 78 317 56 374 19 320 264 181
19 415 397 390 5 268 403 15 218 126 293 381 123 8 47 394 245 280 53 318 320 272 28 91 119 406 166 257 285 14 95 253 113 321 37 294 39 339 291 69 288 18 407 329 224 92 227 45 195 395 209 335 202 60 322 55 127 366 201 382 168 56 276 40 149 133 236 152 78 237 164 212 198 82 51 310 296 261 99 190 122 283 365 325 420 304 228 404 358 150 193 337 102 423 356 188 142 3 57 29
181 49 323 74 229 362 373 241 97 332 402 36 94 264 203 178 248 75 200 401 21 263 191 411 146 379 205 111 11 421 359 83 57 244 219 70 170 275 157 345 324 197 215 255 120 68 137 138 405 235 220 167 204 368 144 234 283 423 76 258 346 185 360 326 174 150 336 41 30 374 78 277 165 143 88 284 370 158 61 312 270 317 378 334 314 271 296 424 330 85 149 305 87 281 377 333 89 260 298 151
212 40 228 325 78 276 195 283 416 73 349 122 99 128 404 201 222 395 198 190 27 55 1 193 60 299 16 335 382 69 82 291 177 310 32 108 34 296 260 199 51 322 358 420 339 142 326 356 393 152 236 39 233 304 30 3 149 315 171 234 367 209 227 133 19 378 423 311 415 285 57 261 188 337 340 150 397 174 287 259 373 102 106 293 12 268 92 115 202 141 123 148 275 191 237 91 365 245 211 248
329 127 45 257 37 119 14 91 406 272 166 47 294 123 280 245 381 8 293 28 53 285 193 394 95 320 321 366 202 18 268 92 253 318 19 126 415 113 288 390 164 140 407 115 250 224 60 382 108 417 59 40 82 218 400 227 236 310 350 195 397 148 420 375 233 211 190 209 335 1 32 228 339 152 206 198 304 322 358 201 404 393 122 102 308 141 56 287 291 299 325 3 54 34 367 237 192 39 395 189
19 415 397 390 268 5 403 15 218 126 293 123 381 8 47 245 394 280 91 53 119 28 320 318 272 257 166 285 37 406 321 14 95 253 329 45 113 294 127 18 92 288 202 407 209 39 224 339 69 227 60 366 291 395 382 193 335 56 201 168 152 236 276 322 164 195 212 325 261 40 82 133 296 190 55 78 310 404 228 198 122 420 102 337 149 142 108 304 358 51 3 34 400 188 237 283 422 99 260 12
118 147 354 410 86 103 375 327 225 279 59 363 110 17 38 24 154 418 399 348 386 189 242 84 319 124 206 115 350 109 77 148 25 417 249 400 63 286 295 58 217 357 192 76 311 54 102 392 316 180 101 141 299 329 345 211 132 177 140 22 45 393 289 169 328 127 37 342 250 56 112 184 294 202 388 145 1 119 156 361 162 387 243 129 257 65 128 153 205 204 309 341 105 52 104 14 18 71 91 92
379 83 359 157 11 275 197 235 219 421 137 401 21 215 200 220 185 368 70 324 41 85 346 377 360 167 255 248 178 68 111 405 229 264 138 244 120 362 181 74 49 203 165 323 170 241 36 373 402 305 143 94 332 97 144 271 277 258 336 121 75 370 330 205 296 88 263 333 191 284 151 78 314 158 139 61 260 270 326 281 380 10 424 89 411 57 378 374 312 160 317 369 238 407 6 283 204 274 30 210
174 423 234 150 149 237 287 3 367 30 278 57 191 420 304 340 216 106 203 326 97 373 188 259 378 212 323 356 74 260 78 296 241 181 152 228 229 49 75 416 276 332 195 12 283 122 40 362 146 358 325 16 236 55 1 264 186 94 395 404 36 205 299 402 128 365 201 21 69 372 193 108 32 190 29 261 178 177 263 198 133 379 310 82 322 382 200 172 60 11 393 61 148 291 34 202 266 248 233 26
239 67 214 125 265 331 391 269 230 48 134 72 282 116 93 2 90 352 136 364 35 81 155 306 161 223 297 231 9 163 96 43 353 4 343 256 183 301 98 398 338 80 207 344 26 254 414 300 42 383 413 194 187 311 206 342 71 328 38 115 189 54 145 110 147 400 295 372 266 408 242 354 318 62 350 386 24 64 77 76 412 57 341 140 241 30 84 105 323 181 221 103 153 129 172 22 251 363 316 199
3 237 287 367 304 216 278 149 420 150 106 423 57 174 30 340 234 191 259 186 1 195 228 212 325 393 276 78 40 311 299 416 372 296 177 16 283 152 201 69 326 141 236 115 358 55 188 122 404 193 417 260 382 108 356 128 202 378 395 171 203 60 366 339 365 172 32 310 190 12 148 199 29 322 51 261 140 198 337 99 82 247 34 335 47 95 209 291 381 227 250 400 245 373 18 211 133 39 26 102
349 73 27 276 51 40 212 395 228 315 195 416 325 339 227 199 122 209 335 69 291 190 198 382 108 99 201 236 82 39 55 261 34 32 310 60 133 404 322 358 78 283 152 222 337 365 247 142 304 356 193 296 260 29 16 299 149 202 53 3 285 177 12 400 102 423 171 350 237 174 188 420 1 37 366 367 47 234 54 150 95 206 287 393 30 397 119 293 19 91 148 381 191 57 115 268 123 259 318 415
375 77 417 115 118 192 211 147 141 299 177 59 410 354 393 311 1 327 103 196 225 399 363 86 348 17 148 416 386 279 63 84 189 400 350 418 128 24 54 228 319 286 357 206 154 127 329 242 110 38 140 104 45 272 37 392 58 308 25 180 294 250 195 102 119 276 166 307 169 257 18 372 253 173 124 249 406 295 318 132 109 217 290 172 92 420 325 337 14 99 367 218 316 285 101 19 202 7 339 199
51 349 27 199 395 201 55 291 69 335 133 122 315 339 227 209 73 365 261 108 322 190 382 198 404 247 39 82 34 236 310 32 60 358 29 337 149 423 304 3 99 237 276 195 259 350 152 95 142 325 400 287 420 171 318 16 202 54 102 228 222 278 40 104 356 12 321 53 366 416 172 110 279 174 399 386 57 24 299 212 150 206 250 363 367 18 148 397 188 193 59 394 109 290 126 177 37 268 393 285
113 250 140 407 253 202 193 95 366 308 321 18 233 285 92 372 318 53 394 126 245 381 91 224 47 119 211 123 288 37 28 257 8 164 168 293 45 19 280 415 329 127 186 166 294 272 115 14 420 422 390 406 268 228 299 325 417 141 176 209 59 212 177 195 201 1 40 259 218 78 404 397 237 322 39 171 335 69 77 380 315 339 393 382 304 192 291 416 283 261 400 60 296 108 238 56 423 320 33 395
341 71 328 107 251 232 342 145 252 302 184 156 266 76 204 345 295 205 182 84 263 75 265 412 124 217 125 331 22 269 391 352 134 101 225 147 110 180 67 103 38 289 286 93 316 109 17 418 364 239 242 279 169 354 154 363 132 413 313 351 24 206 327 319 35 4 399 58 208 46 386 231 135 189 187 410 86 129 163 62 375 72 31 155 230 59 348 25 357 118 392 7 194 311 63 116 297 43 400 417
128 104 172 148 196 290 192 54 400 299 350 307 77 102 173 177 213 206 385 386 115 393 417 1 399 110 211 141 154 59 416 122 325 242 7 99 228 17 38 279 237 109 319 287 24 247 189 311 418 146 363 199 404 249 276 26 32 195 243 375 337 82 348 198 358 339 423 365 322 118 310 51 108 304 55 34 150 103 278 149 413 3 356 268 174 106 212 190 29 390 261 420 383 72 60 308 396 201 327 218
67 265 239 125 391 331 269 93 134 352 48 72 214 35 364 297 163 116 353 383 9 155 96 43 161 282 231 230 90 223 183 187 413 256 2 398 301 343 81 306 4 98 254 136 344 207 338 300 414 80 328 194 71 341 42 145 342 26 232 7 153 251 179 307 22 385 387 252 101 351 225 105 62 286 279 107 313 309 64 208 319 302 50 266 65 249 408 376 327 100 246 217 311 76 182 38 363 103 132 147
331 391 269 265 125 239 67 72 134 116 282 93 352 4 364 214 155 35 9 194 163 230 297 48 231 43 383 353 96 26 42 90 256 136 398 183 301 81 187 413 344 306 2 300 414 161 343 207 254 341 328 223 71 342 98 145 338 153 105 408 110 38 101 311 22 246 221 189 225 107 100 251 266 309 412 242 399 7 76 62 154 80 50 418 307 217 179 313 319 17 386 208 206 232 363 128 124 385 24 77
309 246 105 408 153 50 65 387 100 114 267 376 187 183 179 221 383 413 311 148 141 77 351 26 282 101 269 110 38 417 72 128 299 115 319 279 399 315 154 307 4 146 199 400 73 206 177 24 134 254 194 173 182 266 396 247 52 249 349 367 418 393 175 99 350 104 375 189 250 116 205 42 76 171 341 59 328 391 62 1 102 230 239 344 44 304 23 17 272 325 251 217 140 363 384 61 81 3 313 45
143 271 277 151 281 146 139 370 314 66 130 389 369 6 330 262 317 424 210 371 292 89 160 10 61 274 374 360 131 401 220 111 255 362 405 83 157 49 178 238 368 121 36 229 200 235 74 323 215 379 181 165 359 421 219 137 332 268 21 203 324 94 380 97 87 205 407 390 333 264 402 185 170 167 70 11 218 248 403 5 75 197 263 78 191 275 305 144 33 394 41 336 334 346 126 158 326 88 149 415
143 271 151 277 281 139 146 369 389 130 66 370 314 6 262 424 330 210 292 317 160 10 89 371 274 131 61 374 401 368 157 360 111 220 229 235 200 238 83 255 405 178 379 121 203 421 219 359 362 21 275 215 197 36 324 137 264 74 49 70 170 191 181 323 167 336 144 402 165 346 205 332 248 75 263 334 94 380 87 11 305 333 268 68 185 158 407 403 97 120 78 88 5 218 284 138 241 33 258 312
51 349 199 395 27 201 69 55 133 291 122 335 365 339 247 261 337 209 227 322 198 39 82 404 29 73 315 310 32 108 190 358 149 60 237 423 34 382 236 171 304 57 276 150 142 99 3 420 259 228 174 318 195 287 416 325 40 212 152 400 350 340 397 95 191 113 126 92 30 399 278 253 394 106 188 146 367 407 59 177 18 19 16 321 148 234 299 104 54 12 202 319 296 268 356 102 222 15 363 326
389 369 210 424 292 130 66 139 314 262 160 281 10 6 370 151 271 277 89 143 274 330 371 317 131 238 374 121 146 333 33 380 61 305 334 87 176 229 411 361 205 178 255 144 200 421 336 170 248 137 405 401 185 181 111 258 362 264 422 235 284 138 41 21 244 75 367 157 74 368 197 324 360 275 83 158 298 167 220 68 164 203 332 215 346 312 377 70 407 88 120 165 56 402 94 49 323 85 219 345
73 349 27 40 276 212 228 325 78 416 283 195 315 51 190 108 209 222 99 339 395 122 227 335 236 198 382 60 39 82 34 199 291 404 201 69 133 261 32 310 55 358 322 152 16 12 337 193 259 1 356 365 171 202 285 296 299 260 142 367 177 384 20 29 233 3 44 304 393 247 420 30 188 423 128 53 175 243 211 140 287 47 57 19 326 102 174 149 123 37 234 355 127 150 237 378 206 91 250 321
407 113 253 92 224 288 168 165 394 164 28 33 380 238 8 218 293 321 422 268 18 381 95 56 140 390 318 202 176 123 245 280 121 91 250 126 333 19 296 78 47 63 361 372 366 406 169 294 274 137 415 143 205 357 277 420 10 131 220 324 151 283 68 401 160 314 139 405 248 281 305 89 185 58 166 70 326 41 119 57 61 37 379 271 373 272 229 346 320 368 200 197 255 193 377 244 21 369 215 286
329 45 127 257 37 119 14 91 406 272 166 294 47 280 123 245 8 381 28 293 53 285 394 193 320 95 321 268 202 92 18 253 366 19 318 288 415 390 126 113 218 164 224 407 56 140 250 59 375 382 60 168 227 400 115 40 236 397 152 350 190 417 418 233 82 310 420 195 335 228 291 108 102 209 339 201 363 403 154 206 211 39 386 322 358 24 122 1 395 242 198 34 141 304 148 404 283 32 110 372
355 135 31 385 313 7 208 307 173 351 46 62 213 182 412 64 243 388 44 384 20 396 222 266 303 112 273 413 347 240 52 21 128 175 383 73 78 183 409 226 162 200 368 342 220 346 221 339 360 203 337 23 401 97 275 146 264 145 199 61 324 170 277 144 68 143 229 283 157 247 379 371 197 30 336 254 57 323 129 11 49 99 423 138 271 74 136 111 158 235 259 330 167 419 402 171 181 121 196 276
25 63 392 357 58 180 217 101 286 169 295 132 316 289 22 124 129 348 410 84 225 147 118 354 86 327 103 375 361 162 56 345 409 23 17 279 319 110 109 242 399 386 145 38 418 363 76 65 59 189 154 249 24 342 75 112 105 52 45 387 205 400 408 329 294 71 184 263 206 81 240 320 153 127 115 309 350 328 412 165 343 187 77 288 50 417 246 388 282 308 311 183 230 406 407 272 306 155 231 341
379 359 157 11 83 275 197 235 219 421 137 215 401 21 220 70 368 324 185 346 360 377 85 41 200 405 68 255 111 167 178 120 138 248 244 165 264 229 362 36 305 74 181 323 203 49 170 94 332 121 241 97 373 402 78 75 144 296 205 277 143 263 333 191 258 260 407 330 146 336 326 283 370 271 131 378 89 238 57 380 284 151 314 356 61 374 236 270 262 152 158 188 149 10 160 234 424 150 12 139
51 199 395 349 27 55 201 291 69 133 335 261 227 365 247 122 339 209 39 322 315 337 404 82 198 310 108 29 382 190 32 34 358 60 237 73 423 149 236 276 142 3 174 195 304 287 99 150 397 40 420 57 318 152 416 350 228 95 278 325 400 234 191 259 222 171 188 30 15 126 367 12 356 102 366 54 113 212 202 268 403 47 321 148 381 19 18 415 394 340 59 326 253 206 399 5 92 104 290 91
143 277 146 89 369 271 10 151 238 160 314 131 389 274 370 281 262 33 121 210 424 333 380 305 139 176 292 371 330 422 164 66 130 215 6 255 165 407 317 220 368 111 137 421 360 377 85 113 218 401 405 224 219 235 185 157 275 41 178 197 83 168 61 346 379 293 361 167 324 68 336 70 268 144 374 92 288 394 362 11 229 170 264 200 248 74 359 253 120 21 138 19 381 28 126 181 334 390 258 78
25 63 392 357 180 58 217 286 101 169 295 132 316 289 129 22 124 410 225 348 147 84 118 354 103 375 327 86 361 162 56 23 409 345 279 17 110 319 145 386 76 109 65 52 399 112 105 242 342 418 363 45 154 240 38 189 387 249 59 24 71 75 408 184 205 153 329 50 246 294 412 165 81 328 309 320 266 343 288 187 127 183 400 115 179 341 263 406 100 207 155 251 230 77 311 282 231 306 206 308
299 177 1 393 211 115 311 141 417 325 77 228 416 192 212 40 195 78 276 283 128 367 99 420 59 3 148 304 196 193 237 108 122 382 285 60 190 400 350 287 404 54 233 102 259 202 423 206 174 201 172 358 32 236 310 119 18 189 34 308 69 47 257 209 290 349 154 296 37 140 53 92 152 24 278 149 418 340 234 395 322 222 372 30 335 28 198 250 245 253 39 227 127 150 38 166 329 110 95 381
331 391 265 125 67 239 269 134 72 116 93 352 282 364 35 214 48 383 230 4 297 163 96 155 9 231 413 187 90 43 183 353 26 194 256 42 161 2 136 300 398 414 301 81 223 306 343 342 328 145 341 344 71 338 101 207 110 266 254 38 217 80 62 22 7 98 385 154 307 103 153 313 251 232 107 279 208 132 76 412 311 242 135 64 189 46 124 363 408 246 295 316 221 327 319 105 31 418 109 252
119 257 37 91 45 329 127 47 123 14 245 381 406 166 272 8 280 293 294 53 28 285 193 394 95 268 321 320 390 202 19 415 318 366 18 253 126 397 92 164 113 382 69 218 291 250 195 407 288 227 335 201 60 322 236 395 40 209 403 39 190 152 102 310 400 55 339 325 358 224 140 404 228 108 122 5 82 59 198 233 304 3 56 350 32 34 206 15 115 133 349 276 261 168 420 283 367 237 27 418
342 145 328 71 341 107 232 251 266 252 302 184 76 156 295 124 345 84 204 217 412 289 180 316 22 25 101 357 63 147 58 225 205 182 132 392 118 354 129 286 327 410 103 375 242 110 263 348 169 363 38 86 75 386 17 319 279 24 189 418 67 154 351 23 269 399 46 162 391 361 352 59 239 409 134 206 265 93 62 109 208 313 230 77 331 307 311 417 115 35 125 231 187 65 207 301 136 48 52 2
61 169 295 84 205 345 75 320 361 268 56 263 286 221 218 101 58 392 63 357 76 204 180 390 217 411 19 415 288 373 22 97 87 165 49 407 126 156 88 332 402 184 403 181 323 25 336 113 132 158 5 264 334 312 371 241 397 270 362 317 277 173 78 316 394 374 74 330 258 251 314 144 298 151 94 191 146 413 370 271 6 294 293 341 383 143 107 200 262 406 139 280 281 123 203 229 329 381 14 178
354 86 410 118 225 327 147 103 375 279 319 17 363 109 418 399 38 154 110 249 242 24 59 189 386 84 348 25 206 350 63 124 58 392 357 295 400 180 286 54 316 102 132 217 145 22 148 345 184 77 115 342 101 169 76 289 156 71 328 129 251 361 56 205 127 341 107 204 417 45 75 313 153 311 252 172 192 329 263 232 105 162 355 31 294 65 309 187 290 387 265 138 412 183 141 302 161 203 23 239
381 123 47 245 91 293 119 37 257 8 53 45 127 329 280 14 166 406 272 285 28 294 268 394 415 19 390 95 126 193 321 397 253 18 318 202 366 403 113 92 164 320 5 218 15 407 224 288 168 291 39 335 227 382 152 60 422 69 201 209 140 236 395 195 40 250 322 176 133 233 283 339 82 358 55 190 56 296 102 304 108 310 122 325 228 420 198 261 276 212 121 237 34 404 32 78 3 333 238 278
71 341 328 107 251 232 342 145 302 252 184 266 156 76 204 345 295 182 205 84 263 412 217 124 265 75 351 125 391 269 313 101 225 22 67 46 289 331 62 147 134 352 180 93 208 132 103 135 110 239 354 316 38 129 286 169 413 31 418 35 327 17 187 375 4 118 410 364 319 307 58 154 24 279 363 242 392 386 230 163 183 399 189 116 72 136 348 357 231 77 63 355 86 155 311 221 206 194 109 25
143 271 277 151 281 146 139 389 314 369 370 130 66 262 6 330 424 210 317 89 292 10 160 371 274 131 238 61 374 111 360 255 401 121 405 83 235 157 229 220 178 137 421 368 215 165 200 380 362 219 33 305 379 333 268 205 181 323 36 324 197 185 218 49 275 74 21 407 359 203 78 336 390 167 41 248 75 70 144 11 403 264 346 377 176 97 158 5 263 170 85 191 334 332 394 361 68 94 88 402
215 377 137 185 85 41 421 220 219 368 70 324 197 235 346 157 68 275 120 360 379 244 359 11 83 255 305 167 111 405 401 21 138 200 178 121 165 248 131 333 264 33 380 238 229 362 274 89 176 36 143 170 10 74 203 277 314 370 78 160 144 181 369 422 49 323 205 336 424 271 224 164 402 281 332 407 296 262 151 210 258 75 139 94 168 92 373 88 97 330 191 292 28 241 389 283 284 361 288 263
385 7 355 135 31 313 307 351 173 213 208 62 46 182 64 412 243 413 128 384 44 183 222 20 388 383 396 266 221 311 187 342 199 175 145 112 240 42 337 52 282 247 339 26 239 146 99 78 269 72 81 23 30 367 148 158 29 67 391 73 273 303 61 116 172 49 3 232 134 409 393 395 1 259 51 251 57 200 90 97 212 230 276 265 226 170 141 270 378 365 21 136 203 201 323 275 299 154 12 181
97 373 323 49 181 241 74 332 94 402 362 203 229 36 264 178 75 191 263 423 234 174 150 248 146 57 205 200 149 401 411 30 326 345 188 379 83 359 204 378 11 21 76 237 283 122 358 260 287 12 278 405 236 170 3 421 304 29 157 284 258 78 244 32 69 111 106 212 365 404 198 70 310 395 268 356 42 275 296 152 374 55 312 82 190 324 167 197 219 109 144 255 148 26 394 143 367 340 350 87
19 415 390 397 268 5 403 15 218 126 293 381 123 8 47 245 394 320 280 28 53 91 119 166 285 272 257 406 318 407 113 37 253 291 294 14 395 39 335 227 152 149 382 339 55 69 198 195 60 82 95 310 322 283 209 92 288 78 296 321 329 40 190 276 236 18 133 45 358 127 201 122 150 224 188 212 261 365 34 202 29 164 404 142 366 378 228 32 304 12 99 423 168 356 56 193 326 325 260 337
19 415 397 268 390 5 403 15 218 126 293 123 381 47 8 245 394 91 53 280 119 257 28 285 320 272 318 37 166 406 14 95 253 321 45 329 127 294 113 39 18 291 227 92 407 209 335 202 60 382 366 288 224 395 339 69 236 152 201 40 322 310 82 195 56 190 133 168 193 55 198 164 276 296 283 261 358 149 404 188 108 34 420 78 122 102 32 237 228 400 142 304 12 337 150 212 278 325 365 27
40 276 212 73 349 228 78 283 416 195 325 27 222 99 395 122 51 198 60 339 108 190 335 199 382 315 39 236 82 310 227 201 291 34 32 209 404 367 358 16 152 356 322 259 304 171 69 3 55 337 1 420 177 133 384 234 193 296 30 12 299 287 423 261 260 191 285 44 355 174 202 20 128 393 47 142 57 150 247 211 397 19 37 127 326 188 192 415 340 148 123 149 237 233 91 365 119 135 115 278
308 140 250 233 202 193 372 366 18 285 95 321 253 211 318 186 92 53 113 245 126 299 1 407 47 381 393 115 177 91 394 192 37 119 123 257 13 141 417 329 127 224 45 117 164 293 108 259 420 28 209 8 159 349 325 168 228 280 311 16 236 272 171 166 14 304 19 27 44 294 382 175 288 335 406 190 298 77 196 34 148 73 315 152 40 32 384 212 195 367 59 296 60 422 176 358 339 310 396 227
351 182 313 31 135 355 62 208 46 385 307 7 412 64 266 173 232 213 251 328 71 342 252 302 107 341 145 243 413 396 384 388 44 183 128 52 383 221 391 187 337 265 112 409 311 222 376 179 269 23 247 125 240 175 129 204 184 67 20 199 367 239 347 230 282 30 162 289 214 156 141 318 136 57 226 303 3 339 12 344 134 72 117 51 234 312 254 273 159 40 420 146 26 283 78 73 158 372 48 76
223 161 67 239 391 265 125 338 98 331 269 80 48 90 254 214 2 93 230 96 35 352 297 343 353 364 207 134 163 306 256 136 116 9 72 414 344 300 43 155 282 183 81 398 231 301 187 383 413 4 145 387 26 7 279 22 342 112 42 109 65 103 62 385 132 175 194 105 388 153 162 110 180 52 266 316 154 376 309 327 31 263 412 249 307 179 273 23 409 50 38 418 303 49 146 213 319 71 323 100
51 349 27 199 395 69 55 201 335 122 310 73 34 190 339 291 227 32 209 198 358 382 322 108 82 236 404 315 261 39 60 337 133 247 276 365 142 304 152 416 149 356 3 99 29 237 195 40 350 423 325 54 212 400 150 12 234 420 287 30 57 367 228 260 174 102 188 206 296 172 222 148 141 278 366 24 268 202 393 299 119 193 290 91 378 16 318 399 259 78 95 171 191 397 418 47 1 59 326 115
195 325 40 228 212 78 283 276 416 177 299 1 367 3 99 237 393 420 287 211 259 304 128 115 141 311 30 106 423 57 278 77 417 149 150 340 16 216 186 234 191 372 73 174 349 222 384 171 233 44 193 148 182 192 202 12 47 339 122 209 152 69 351 318 272 201 60 236 127 396 356 335 296 329 95 245 337 285 313 14 188 381 140 27 395 166 227 37 260 407 406 45 123 199 51 294 119 28 404 268
51 349 27 199 395 69 55 201 73 122 335 227 34 315 291 339 209 310 190 236 358 108 322 133 198 32 39 82 261 382 404 60 337 365 247 276 152 416 29 304 142 356 149 12 3 420 40 237 212 195 260 99 188 423 325 57 367 296 228 400 222 150 278 287 174 30 350 54 102 234 172 378 268 148 16 171 397 259 299 78 141 326 399 24 206 95 290 191 202 318 19 393 415 366 253 123 115 119 47 177
67 265 125 239 391 331 269 93 134 48 352 214 35 383 72 364 163 297 116 353 9 96 155 161 43 231 223 90 413 183 230 282 187 2 256 398 81 301 4 343 254 344 136 306 98 80 300 338 414 207 42 194 145 7 328 26 71 385 342 341 179 307 62 232 313 351 251 153 31 101 208 252 376 64 22 135 302 46 387 52 182 266 173 309 107 105 319 279 249 412 286 65 311 49 112 129 225 23 100 213
51 349 27 199 73 315 335 209 69 227 339 201 395 261 291 55 133 39 108 322 34 236 122 82 247 190 337 382 404 310 32 358 365 152 60 198 16 304 356 250 12 243 202 420 95 325 171 259 140 350 91 188 237 148 29 99 260 318 366 175 3 142 321 195 228 18 47 381 278 367 119 308 245 102 423 57 396 192 222 206 54 123 296 226 37 285 290 53 172 372 400 299 253 149 378 44 186 193 276 40
65 246 50 408 153 387 309 105 100 114 267 376 179 183 187 221 383 413 254 136 269 26 344 4 194 230 282 306 81 72 48 146 231 134 90 338 116 319 2 214 351 110 353 398 307 391 23 79 42 343 213 266 98 414 175 162 112 226 38 96 396 43 207 101 279 128 155 300 9 62 217 347 80 364 249 129 64 161 301 35 289 13 117 73 256 103 93 311 104 342 239 148 409 385 388 154 124 125 99 52
19 415 397 5 390 403 268 15 218 126 293 123 381 8 394 47 245 280 320 318 28 272 53 119 91 406 166 257 14 291 95 113 339 69 253 285 18 395 407 321 227 39 322 335 60 92 55 37 288 209 294 224 152 329 382 195 236 40 310 366 276 201 45 149 198 202 78 133 82 190 127 212 296 168 358 283 142 122 261 56 188 365 404 237 34 51 164 12 356 304 420 99 29 32 150 325 337 3 367 102
243 51 213 226 315 73 199 27 349 196 339 175 396 173 247 335 209 222 261 16 291 307 39 395 337 384 44 69 99 201 355 133 64 128 55 227 290 404 104 273 20 259 122 171 237 325 365 303 322 7 82 148 79 308 29 108 419 172 34 388 347 382 385 32 198 60 142 13 287 186 211 190 149 3 31 310 46 356 62 192 420 140 80 117 250 106 260 236 423 278 177 350 367 299 57 228 304 358 152 351
67 239 265 391 125 331 269 48 214 161 223 93 90 134 352 35 353 297 254 364 72 98 163 2 230 116 338 96 9 383 183 343 155 80 231 344 43 81 207 282 136 306 256 398 301 187 413 414 300 145 4 342 179 208 376 7 328 64 22 101 307 351 71 232 62 180 153 412 387 31 385 26 42 23 313 194 105 251 252 289 266 225 129 112 182 341 100 286 323 114 65 46 132 409 355 135 49 52 302 173
410 118 375 147 86 354 196 348 327 225 103 211 148 104 84 25 295 77 63 286 357 173 192 132 128 59 392 124 115 180 279 417 213 299 399 307 217 350 109 17 316 386 172 289 58 290 206 400 101 393 329 110 162 363 52 169 189 24 177 249 319 141 129 294 385 65 242 146 1 102 311 105 387 112 56 54 22 408 38 154 100 136 140 308 416 153 80 246 250 273 418 76 45 50 267 303 243 218 309 99
157 379 83 359 11 275 197 235 219 137 421 215 220 185 368 401 21 41 324 70 377 85 346 68 405 360 200 167 255 120 244 111 248 178 138 264 229 305 165 74 362 181 203 170 121 333 143 36 323 277 380 49 241 271 336 238 402 94 370 314 144 332 151 33 373 89 258 10 296 131 139 205 75 369 274 281 97 78 263 326 260 330 191 160 424 158 61 284 378 407 88 270 374 283 176 57 262 204 6 210
157 275 197 235 83 379 359 11 219 137 421 215 185 85 377 41 220 368 70 324 346 68 401 21 360 167 255 120 405 244 138 111 200 305 178 248 165 264 229 170 333 121 362 10 74 203 36 89 131 274 370 238 380 143 160 424 144 336 181 277 258 33 314 369 49 241 402 210 88 281 323 151 94 292 271 332 330 130 139 66 374 296 262 373 389 97 205 284 6 176 75 158 263 191 326 270 61 78 317 422
129 289 23 409 162 240 52 112 124 217 180 388 412 101 132 295 392 25 316 58 22 63 357 342 62 145 266 84 348 286 208 46 251 355 169 182 71 135 31 328 375 361 147 179 410 345 354 118 351 103 313 140 341 173 107 225 61 372 213 307 183 376 252 56 327 302 311 232 230 221 86 136 76 288 7 385 223 184 205 45 59 189 127 417 243 329 151 204 105 73 138 399 222 65 170 214 187 258 144 64
143 271 151 277 281 139 66 130 6 389 369 314 370 146 330 317 262 424 210 292 10 160 371 374 89 61 274 401 131 87 157 360 229 235 111 368 334 255 83 220 200 178 362 421 49 379 359 405 219 36 323 215 238 181 167 170 324 121 264 203 21 70 197 137 74 248 402 185 94 275 144 138 88 411 258 332 75 333 11 346 305 205 41 68 263 336 97 158 165 241 380 191 120 377 312 85 78 284 244 373
167 405 360 255 185 41 377 421 137 215 85 111 324 70 220 368 346 68 120 244 219 305 197 235 165 275 138 157 178 379 11 401 359 21 200 83 248 264 121 333 131 362 229 380 33 36 238 411 370 74 274 10 89 314 402 277 323 241 170 330 181 49 6 203 332 143 94 262 374 87 160 176 75 281 292 424 139 317 210 258 373 66 130 144 369 271 97 371 61 205 78 151 336 263 88 334 361 296 389 204
128 147 118 77 375 417 196 211 115 299 410 192 103 148 1 225 327 348 141 354 104 393 86 59 177 217 307 63 399 279 311 17 172 110 286 400 357 84 101 386 206 124 173 363 416 25 38 295 154 350 316 290 132 392 308 102 180 418 242 54 372 319 169 213 24 189 250 140 329 289 249 109 37 228 22 65 45 387 7 76 58 257 385 345 202 153 205 309 246 127 294 272 119 408 146 266 112 182 325 184
2 48 136 90 230 214 80 306 207 254 81 343 344 301 161 398 98 231 9 300 155 96 35 353 256 134 297 414 93 116 43 72 163 338 282 223 364 352 239 67 391 125 265 4 269 194 26 331 42 183 187 100 383 153 246 408 117 387 175 64 38 103 192 62 259 413 342 65 226 50 115 375 159 225 243 213 211 147 418 396 189 44 24 110 154 279 179 384 128 77 354 148 104 417 363 309 105 145 118 51
140 250 308 202 193 366 285 233 372 18 95 321 253 53 318 92 113 245 47 407 91 381 123 126 37 394 119 186 211 293 257 28 8 164 224 45 127 280 329 166 288 19 168 272 14 294 406 415 115 299 420 177 1 393 268 141 108 417 259 228 209 422 382 390 192 304 13 404 325 190 16 218 60 322 236 335 195 416 39 34 40 176 171 59 291 296 212 174 32 117 201 358 395 349 278 152 339 122 77 82
40 212 276 73 349 228 195 78 325 27 416 283 99 222 51 395 315 122 335 198 60 39 201 339 291 199 382 209 227 82 108 404 190 133 69 322 55 236 261 310 34 32 152 358 337 397 142 420 304 365 3 177 356 16 19 202 1 367 299 296 259 193 415 247 12 423 237 285 171 287 174 29 149 260 15 191 234 47 30 393 403 150 233 128 366 119 326 20 211 340 123 268 381 384 188 126 57 37 95 44
119 37 257 91 45 127 329 14 47 123 245 381 406 166 272 8 280 293 294 53 28 285 394 193 95 321 268 18 202 320 19 366 415 253 318 92 390 126 113 164 407 397 288 250 218 227 382 224 140 291 60 236 201 335 40 190 322 310 209 39 152 108 195 395 358 400 339 69 102 403 404 82 34 304 228 420 59 122 168 198 56 233 55 32 350 133 115 5 206 54 325 261 27 276 3 141 199 367 283 417
51 349 27 395 199 73 291 69 201 335 227 55 122 190 209 339 198 133 108 382 82 39 310 322 34 315 236 32 261 404 60 358 276 337 152 40 365 247 416 304 142 195 29 228 420 3 99 149 202 423 95 212 222 237 356 123 318 296 325 119 350 367 366 12 400 174 47 259 278 193 16 57 150 91 287 188 397 102 126 234 18 206 19 285 30 59 54 399 171 260 321 191 37 381 24 250 407 53 283 394
289 129 409 23 217 180 25 101 392 124 58 295 63 162 357 132 316 286 52 22 240 112 348 84 169 412 388 342 410 147 118 145 354 375 103 345 361 86 225 327 266 71 328 56 251 76 288 208 17 341 399 45 372 329 59 110 189 184 205 140 24 127 182 279 62 107 363 75 319 294 38 418 46 230 14 242 65 179 105 272 406 183 320 386 61 206 263 311 154 109 232 253 302 407 187 153 156 77 81 165
381 123 293 245 47 91 8 19 415 268 390 119 397 280 53 37 257 28 126 406 166 285 403 272 14 15 5 394 127 329 218 294 45 95 318 193 253 320 321 92 113 164 407 18 202 366 288 224 291 168 422 195 69 152 395 176 201 296 250 335 236 40 56 140 227 60 322 133 382 283 55 212 149 39 121 304 122 209 423 325 358 82 78 339 3 102 276 420 310 238 190 51 228 237 198 261 233 337 333 367
171 259 16 186 420 367 237 3 372 304 287 57 149 216 423 349 278 325 177 308 73 117 174 299 228 140 13 27 315 195 191 133 416 339 106 250 44 227 337 30 199 150 340 159 261 335 60 212 202 40 211 175 273 226 291 396 303 404 234 209 283 276 384 1 247 201 253 18 419 152 39 142 78 382 82 20 108 395 99 55 79 122 415 19 356 92 115 322 366 318 69 260 347 365 126 245 51 393 321 95
173 385 7 307 213 355 135 31 413 243 313 46 62 128 351 388 208 172 99 64 104 290 199 383 182 311 396 141 240 196 269 148 1 412 42 339 44 51 187 247 393 221 384 175 122 112 183 26 212 222 337 299 177 52 3 73 69 226 266 102 77 282 20 237 325 417 189 367 391 72 78 54 16 287 55 201 162 228 61 106 198 349 115 233 194 154 400 395 206 404 276 146 356 322 9 423 29 350 150 193
128 148 104 196 172 173 307 299 385 213 1 350 290 417 206 192 77 400 141 311 102 393 7 115 177 54 118 110 24 38 325 211 154 386 375 122 418 59 103 147 228 189 399 242 404 337 199 243 146 247 339 354 99 348 367 416 322 304 212 57 266 413 327 237 3 17 396 279 363 69 217 82 51 423 335 388 86 105 152 225 355 261 30 133 101 282 410 315 201 60 382 108 358 309 250 310 351 408 270 313
237 287 3 367 149 423 150 174 234 278 420 30 304 216 57 106 191 340 259 186 152 416 296 326 188 372 356 12 228 260 195 378 276 203 261 212 201 122 283 325 40 55 236 133 395 365 171 16 404 78 29 358 299 146 69 322 291 128 190 227 177 60 373 82 115 198 382 193 32 1 310 335 108 202 74 34 339 92 140 266 362 233 102 39 337 51 148 366 18 400 245 394 99 268 47 112 19 229 393 349
67 265 125 239 391 331 269 134 93 72 352 364 35 48 297 163 214 116 9 383 155 353 96 43 231 90 230 282 256 183 4 413 398 161 301 81 223 187 2 344 300 343 136 254 414 306 207 98 194 42 80 338 26 145 328 252 7 232 342 341 153 251 71 385 302 307 313 62 135 351 107 22 204 101 64 31 208 179 182 156 286 46 49 411 266 311 246 225 323 309 408 184 100 319 376 412 263 387 221 105
323 181 49 97 373 332 74 94 402 36 241 362 229 203 178 264 75 248 191 200 401 263 411 21 205 146 111 359 379 83 234 57 11 345 405 157 423 150 204 174 70 421 324 220 219 255 368 149 197 143 360 170 235 275 215 30 167 137 185 326 271 244 283 68 346 277 76 61 144 120 131 165 41 121 78 378 374 138 369 151 139 284 330 258 281 394 89 312 407 370 380 188 317 336 314 88 334 156 268 377
153 246 309 65 105 408 387 50 100 114 267 376 187 179 183 221 383 413 319 4 194 26 269 110 279 154 38 101 249 418 399 266 146 42 282 128 311 24 134 72 148 182 351 116 307 17 76 400 254 109 103 206 391 225 342 189 217 242 386 364 313 77 363 367 141 62 328 299 231 171 350 61 352 102 341 1 155 115 59 73 3 205 46 375 99 230 327 145 54 104 136 172 396 184 177 348 173 384 86 147
25 63 392 357 58 180 217 286 101 169 316 295 132 22 289 348 84 361 124 410 118 147 129 375 225 327 103 56 354 86 345 279 17 205 75 319 399 59 76 110 145 109 363 162 342 165 407 409 23 45 320 184 386 249 294 418 406 24 242 38 71 263 329 127 154 266 156 328 288 65 417 400 189 14 105 251 77 153 115 341 204 272 52 160 206 28 113 253 123 146 387 274 187 37 107 91 309 112 408 314
41 377 85 185 215 421 137 220 70 324 368 346 68 120 244 219 197 235 305 360 255 405 167 275 157 111 379 11 359 83 138 178 401 121 333 21 165 200 131 33 248 380 264 238 274 229 362 10 89 176 36 160 370 170 74 314 181 49 277 203 143 424 402 323 210 262 241 422 144 205 332 369 75 281 292 97 94 330 258 164 336 151 271 88 373 6 296 130 139 224 78 361 66 326 389 168 263 374 61 284
143 407 277 113 271 146 165 151 370 281 361 314 369 139 262 357 389 63 89 288 131 33 238 160 10 274 255 253 75 380 324 56 218 405 320 66 178 130 83 111 220 205 286 401 74 210 229 169 181 368 360 317 330 70 121 120 176 346 424 305 6 224 215 292 333 362 323 185 137 68 332 379 402 421 36 359 168 345 58 394 5 377 164 61 85 41 268 371 264 49 92 235 78 263 392 422 84 157 167 11
27 349 315 227 209 335 395 39 291 69 261 133 201 339 73 55 199 51 365 60 382 322 337 29 247 82 99 404 190 108 34 236 198 310 32 142 358 122 276 152 16 12 356 171 296 260 222 95 188 243 40 325 416 202 195 259 175 420 304 53 228 366 350 24 318 140 250 321 18 149 285 226 367 47 3 400 123 212 91 57 381 206 423 174 14 102 172 119 148 378 237 283 278 44 290 166 8 193 189 127
305 333 121 131 238 33 380 176 274 89 10 160 422 164 377 85 424 292 210 215 137 41 185 262 68 421 314 220 165 346 368 120 369 324 70 361 255 168 219 244 224 360 370 389 111 288 235 92 197 138 405 167 178 357 28 275 56 63 130 407 286 66 6 401 157 58 277 248 330 200 113 394 280 281 293 294 143 392 379 21 8 253 362 11 151 320 25 371 218 229 83 264 75 139 205 170 271 345 180 359
