39 9 71 13 327 298 242 221 200 214 218 329 286 136 304 325 120 220 211 223 309 26 35 179 32 265 108 31 262 60 114 178 50 159 161 20 135 78 189 63 321 165 203 105 87 90 276 160 1 338 243 28 58 186 341 119 333 225 53 19 319 300 107 17 18 311 326 30 305 210 106 284 202 268 117 173 322 54 174 162 134 185 208 192 80 73 259 308 292 332 217 212 27 289 231 254 69 65 67 256
40 187 278 125 175 244 213 182 57 163 16 75 275 282 144 248 279 83 197 130 45 307 97 345 96 285 251 76 266 313 123 296 91 235 108 267 196 110 121 295 93 290 133 160 141 132 161 99 80 323 50 6 231 299 261 24 101 333 30 151 84 193 81 12 86 114 332 207 215 26 49 33 156 344 22 201 63 258 85 1 158 11 150 339 120 293 321 270 43 51 186 309 341 243 316 189 55 88 127 134
9 71 39 327 136 304 13 298 218 214 329 286 221 200 242 220 161 211 120 325 54 73 60 94 129 206 46 179 69 35 341 265 31 210 311 159 50 140 309 166 114 3 174 256 87 12 26 348 33 32 65 268 63 80 177 133 138 108 160 1 119 189 223 243 20 100 158 194 274 11 37 269 332 321 333 322 245 235 123 139 99 272 308 47 78 292 190 305 326 81 260 156 283 93 202 338 105 165 155 146
325 242 120 39 13 220 9 71 327 223 211 218 298 214 221 136 286 304 31 108 50 200 54 26 329 309 321 165 265 179 129 35 73 189 63 243 60 159 32 1 90 322 161 114 46 160 333 311 119 28 69 30 178 332 135 19 80 262 341 106 210 78 268 87 65 292 203 53 186 289 173 284 326 17 192 94 324 308 18 254 348 162 276 47 194 206 202 190 338 140 57 212 313 20 250 269 3 81 337 204
201 339 316 155 6 274 194 270 11 24 156 158 138 299 37 219 336 120 325 261 160 211 26 220 1 23 242 333 223 322 80 161 332 16 235 81 13 218 114 57 14 278 75 231 133 323 309 9 39 71 60 27 165 250 35 103 40 327 63 108 179 99 213 31 226 163 112 247 12 286 344 55 193 174 182 284 18 248 324 289 187 243 331 177 141 33 130 260 244 83 349 82 134 132 189 180 45 32 69 307
160 333 1 80 332 26 243 63 231 189 120 325 307 213 211 242 201 220 248 261 299 309 81 339 219 75 114 60 161 6 158 274 57 156 108 278 244 125 275 24 155 194 182 40 13 23 9 97 144 163 218 196 316 187 30 99 141 175 71 130 83 270 39 16 336 45 223 138 11 327 279 179 37 322 14 265 286 282 35 298 200 106 123 329 165 174 296 214 32 93 103 285 345 121 235 159 321 197 313 76
57 163 75 144 244 248 282 125 279 275 40 187 278 182 251 266 175 16 313 307 267 110 91 197 83 97 130 213 96 108 285 123 76 45 235 296 196 50 333 295 6 121 345 24 84 93 151 150 290 332 88 299 1 344 261 231 193 81 257 63 160 101 49 161 207 133 331 30 55 247 99 132 118 26 34 243 142 86 156 201 171 73 27 70 224 10 253 147 120 268 141 223 117 164 321 51 74 216 199 270
30 23 165 153 234 320 62 157 336 309 246 322 98 230 186 139 223 315 134 11 66 115 236 86 123 250 194 347 326 148 127 36 99 106 195 138 113 156 141 272 103 263 21 346 25 12 270 188 158 83 228 198 283 238 174 176 256 50 222 155 119 276 68 167 219 112 324 302 288 104 201 105 273 56 239 162 102 33 114 107 42 181 41 31 316 225 341 79 284 308 44 85 252 128 49 274 20 241 143 258
57 163 144 282 279 244 75 248 275 125 251 266 313 267 91 110 40 307 187 278 182 175 16 97 197 108 83 96 130 296 285 151 50 45 295 290 88 123 213 84 76 333 196 332 93 171 101 34 1 224 193 216 24 63 99 299 257 161 51 10 4 235 150 121 243 301 207 345 30 247 344 189 331 92 231 160 70 147 252 120 116 114 336 170 33 86 118 80 141 172 316 156 264 321 38 255 49 291 100 27
30 23 165 320 223 153 157 326 62 322 246 139 234 21 11 186 113 236 98 336 284 250 309 230 115 225 346 134 228 198 106 36 66 263 201 18 123 219 89 127 181 99 119 114 41 274 27 107 273 72 162 254 241 180 155 137 299 102 83 302 176 195 276 204 194 156 256 283 146 158 217 185 264 229 138 44 104 152 53 270 25 172 196 86 19 316 184 337 315 103 141 212 257 128 20 232 288 105 292 192
57 144 163 282 279 75 244 125 275 248 251 266 313 91 267 110 40 187 307 278 182 175 16 97 197 83 96 108 285 130 45 151 296 290 213 123 76 295 333 84 50 332 93 196 1 161 88 101 231 189 63 216 247 243 99 224 235 30 331 193 10 345 121 92 34 114 171 201 160 147 299 51 257 4 207 24 120 321 344 116 264 70 164 211 260 100 26 324 177 150 118 133 336 33 301 6 156 255 253 86
30 23 165 223 62 320 153 157 246 322 228 234 326 250 309 230 134 225 186 21 336 98 11 284 106 123 139 113 18 346 236 36 27 219 263 127 119 288 299 181 138 102 66 72 107 180 156 204 254 137 89 115 176 83 273 114 241 198 155 162 41 195 201 315 44 280 117 264 194 86 103 158 185 229 141 274 276 25 302 67 312 128 237 222 292 154 61 126 53 19 272 337 146 283 112 270 104 245 105 152
163 144 282 57 279 75 244 125 275 248 251 266 313 91 267 110 40 187 182 307 278 175 16 97 108 83 197 285 123 130 151 96 296 50 290 63 213 84 243 295 321 196 189 333 45 93 76 99 332 247 88 1 4 216 331 345 118 231 74 34 70 193 224 257 161 271 164 121 207 92 10 171 30 101 116 314 114 160 324 26 299 235 147 100 140 344 260 156 142 172 191 33 51 82 120 37 177 95 211 301
30 23 165 223 153 320 62 230 103 157 346 123 246 21 44 219 176 89 102 250 264 195 263 106 326 241 96 181 228 309 36 225 336 322 98 288 236 66 108 302 284 273 117 127 229 291 25 72 234 11 152 134 312 104 272 186 113 27 114 239 121 285 119 180 107 83 139 112 292 115 185 307 155 232 14 237 45 316 204 145 198 158 347 315 129 146 41 300 162 280 255 33 321 245 74 283 254 289 257 18
144 163 282 279 57 75 244 125 275 248 251 266 313 91 267 110 40 187 182 278 307 175 108 16 83 97 197 123 285 96 130 50 151 213 84 321 45 296 63 76 118 4 345 257 92 333 93 332 193 70 295 74 243 290 224 196 1 121 88 142 271 156 30 216 314 331 231 34 299 160 164 26 247 189 114 324 235 101 51 80 330 147 171 335 207 120 10 19 190 195 161 347 158 28 172 309 99 24 116 223
30 165 23 106 223 309 153 246 219 123 230 186 228 322 204 103 320 307 231 114 62 225 127 263 44 86 102 229 27 181 326 234 273 89 195 288 66 18 241 346 98 157 284 36 264 96 108 336 107 25 21 198 292 139 134 180 152 312 67 11 299 237 254 115 250 291 302 53 83 338 72 7 337 138 174 347 41 155 156 119 194 146 201 285 176 236 162 117 113 222 272 49 280 276 255 178 24 105 45 128
30 165 23 223 123 309 320 108 62 219 153 246 326 264 322 98 96 106 307 285 241 346 83 284 263 230 114 186 119 89 155 231 292 66 181 195 204 156 291 228 325 194 102 321 139 157 18 234 127 176 11 107 273 336 146 129 44 21 53 36 237 288 27 74 50 138 232 225 47 112 289 337 243 295 46 103 280 272 180 270 245 247 255 302 274 92 63 40 347 113 333 202 254 283 257 229 196 45 198 339
30 165 106 23 322 66 283 346 223 156 272 103 158 336 325 114 54 219 245 232 217 234 184 162 127 11 119 292 102 284 123 99 181 276 1 241 288 218 146 231 152 41 33 117 62 25 107 47 237 12 256 138 45 50 228 265 96 229 90 44 309 345 195 321 347 180 174 337 305 300 89 31 53 230 243 185 27 157 145 170 225 343 270 73 105 17 115 263 213 109 320 204 333 250 141 108 239 338 20 273
30 66 283 165 272 346 23 245 106 322 232 158 217 184 156 336 181 293 241 12 54 33 123 223 162 102 228 292 288 132 315 17 285 343 45 96 41 276 234 117 146 59 47 145 121 205 305 119 113 112 197 3 93 337 345 105 284 311 43 166 114 107 213 219 210 239 347 203 126 154 127 281 140 325 44 185 61 109 328 227 25 51 103 295 225 157 53 138 134 294 316 22 300 155 11 99 198 289 101 76
3 174 166 177 140 245 161 100 272 341 94 33 206 73 293 12 54 129 213 46 194 45 76 123 69 151 215 93 283 84 235 101 96 210 290 81 292 346 197 345 119 261 133 348 232 196 158 339 190 66 268 11 241 99 256 155 311 323 274 146 156 285 322 37 139 40 132 65 60 138 295 121 269 337 6 80 175 181 249 270 338 87 47 184 130 217 30 182 141 1 278 332 265 83 326 43 159 115 333 305
245 272 174 177 100 283 161 140 119 33 3 166 346 206 210 341 94 293 84 12 232 292 73 99 66 158 348 69 1 256 213 93 54 338 45 11 139 261 76 311 81 156 194 133 217 151 132 215 337 46 184 305 47 197 123 96 268 241 196 146 322 202 60 89 129 308 290 235 40 114 345 274 160 181 302 87 318 80 138 239 339 112 265 20 143 190 270 65 269 155 121 285 333 231 219 79 342 332 105 115
317 319 199 67 254 180 18 204 2 27 185 300 289 212 192 162 173 53 41 276 17 107 109 284 305 225 66 178 135 58 5 262 90 19 217 20 169 154 208 128 227 259 203 59 28 105 78 205 184 281 288 117 340 126 15 346 61 145 239 283 134 343 43 232 102 322 253 245 228 183 311 191 143 44 95 79 7 287 170 37 255 82 77 272 238 100 25 326 177 137 207 312 338 222 56 55 241 165 277 188
317 319 199 67 2 180 300 185 254 289 212 192 162 18 27 204 53 41 173 276 17 107 109 284 66 225 305 135 178 58 5 262 217 90 19 20 154 169 78 105 208 128 59 259 203 28 227 184 346 340 281 288 126 232 205 61 283 117 134 43 15 228 239 145 245 102 343 253 183 7 322 44 77 95 311 272 82 79 191 238 277 170 188 143 72 37 222 167 100 207 250 137 177 25 22 150 338 255 312 287
317 67 199 319 180 254 204 53 27 18 2 212 192 185 300 162 173 107 41 276 289 284 109 17 225 305 90 66 178 5 262 135 19 169 217 20 58 128 105 28 78 259 184 208 346 154 59 227 232 322 283 343 288 340 145 219 281 203 43 205 117 253 191 228 95 102 239 22 134 15 126 311 61 82 165 149 222 137 44 272 55 245 77 68 72 297 312 338 54 116 56 167 7 183 181 216 143 250 37 277
319 317 2 289 212 185 192 66 53 162 199 67 217 259 107 284 300 225 173 180 41 281 276 254 17 27 184 145 90 109 19 204 128 343 283 305 205 346 37 28 78 18 178 232 5 227 126 61 288 58 262 169 208 59 228 322 135 272 239 203 149 245 134 105 95 117 154 20 43 137 222 191 79 102 44 22 311 312 143 68 152 167 338 115 337 77 340 183 349 113 156 326 56 138 104 23 277 250 294 72
317 319 199 67 185 289 300 2 212 192 204 27 66 18 254 180 53 162 173 17 276 41 284 107 225 58 178 305 109 217 128 184 262 135 5 203 208 283 154 90 227 288 59 205 78 19 259 281 232 346 20 117 126 43 239 145 61 343 105 28 340 134 169 311 255 228 245 77 15 322 102 79 287 272 253 7 56 338 37 22 55 44 222 143 207 72 82 344 277 47 48 95 326 68 181 238 312 216 183 49
319 300 185 162 317 2 212 192 41 276 53 17 289 107 173 284 225 135 66 67 217 262 305 178 199 90 254 19 180 58 18 109 20 105 204 27 28 184 283 259 78 208 232 346 169 128 281 203 311 59 154 288 5 227 134 126 228 205 145 343 61 117 43 54 37 44 102 15 340 87 250 292 72 322 239 272 77 22 137 245 95 253 177 25 165 229 191 337 207 183 222 167 277 7 210 181 138 260 47 100
184 66 217 283 346 232 319 107 272 17 317 276 185 162 284 300 259 305 2 192 41 245 53 212 67 199 90 205 311 78 225 109 135 19 180 289 262 145 37 254 128 178 169 173 28 281 58 343 105 27 191 210 204 149 18 337 208 177 181 20 77 82 277 288 46 292 203 73 100 146 241 129 5 207 54 253 239 95 117 59 227 322 61 126 206 47 140 344 3 69 139 166 87 198 158 134 165 156 43 348
204 27 18 67 180 254 317 199 137 225 102 162 15 319 228 219 284 41 107 126 185 300 134 2 61 288 276 109 152 20 58 154 250 305 178 262 17 212 105 229 289 192 281 66 53 72 135 103 173 43 22 25 208 59 340 5 44 169 117 322 227 90 217 205 28 312 203 104 326 19 222 183 310 226 346 23 128 280 106 78 49 79 170 232 167 143 7 239 259 55 85 184 177 113 283 344 86 188 338 186
228 288 61 126 134 227 59 154 22 225 340 43 203 281 208 72 152 102 79 250 58 143 117 239 229 25 222 44 183 167 15 312 205 310 170 86 326 186 7 49 188 343 226 145 338 141 284 300 103 178 104 137 185 85 280 162 262 2 105 238 150 78 107 68 41 20 115 276 32 259 234 53 106 219 66 17 135 95 192 28 263 23 19 209 114 217 212 272 56 231 128 148 317 273 305 113 258 254 131 180
67 180 204 18 27 254 317 199 225 219 41 284 107 162 319 185 276 300 228 58 20 109 2 288 134 66 178 305 281 105 212 289 262 208 126 102 22 154 61 192 322 17 43 5 340 59 53 152 135 137 227 44 106 143 229 15 173 169 250 205 78 117 203 217 79 222 25 90 167 338 72 312 183 103 346 283 326 170 232 245 19 128 272 23 86 49 226 310 186 184 239 28 165 177 259 68 191 238 7 148
228 288 126 61 134 102 59 154 25 15 227 22 222 152 340 72 250 229 44 208 167 43 225 117 203 312 79 239 143 58 310 281 226 183 86 7 49 170 104 205 103 137 326 338 280 188 186 238 68 56 85 145 343 150 141 207 255 287 148 209 122 328 32 55 315 294 334 38 284 272 234 300 219 106 185 330 20 302 349 78 263 95 64 262 178 273 114 344 131 41 204 112 89 162 180 115 231 128 105 240
67 27 204 180 18 254 317 199 225 219 107 41 284 319 162 109 185 228 276 300 58 22 2 66 288 20 134 105 208 305 178 43 322 5 212 17 262 192 53 102 44 289 59 61 126 281 169 154 152 137 340 135 173 106 227 72 250 222 229 78 90 15 19 217 28 143 165 128 117 167 312 25 272 86 23 283 338 346 226 232 205 203 183 191 103 79 7 245 49 170 156 177 68 253 198 239 259 184 292 55
148 68 55 312 349 56 222 328 294 334 310 167 226 303 306 104 25 44 72 15 207 77 344 315 102 134 137 277 253 250 112 183 228 229 152 126 288 82 7 170 225 61 188 147 49 150 238 86 14 85 263 281 208 176 22 59 227 291 191 331 247 318 154 180 287 273 258 117 284 340 255 58 67 302 280 43 254 162 143 239 300 342 89 103 128 64 234 336 168 145 204 184 41 219 205 264 343 122 2 131
317 319 67 199 180 254 18 27 212 192 204 289 2 173 185 300 53 162 41 276 107 17 284 109 90 225 19 66 262 305 135 178 169 219 58 5 217 28 20 105 154 322 283 208 78 259 128 54 184 15 346 232 281 253 177 340 43 228 191 165 106 82 102 205 59 227 311 260 22 137 95 134 290 207 292 49 116 201 23 216 203 126 183 245 117 235 44 331 146 272 288 61 301 343 10 344 170 33 133 77
199 67 317 180 254 27 204 18 109 5 319 169 185 2 300 212 162 192 41 107 53 289 276 219 305 173 17 66 284 225 191 253 135 262 82 20 178 322 58 217 95 149 90 208 105 232 184 77 116 19 311 281 260 207 346 205 78 154 283 128 43 259 277 102 344 15 177 216 331 165 22 340 343 55 106 147 10 137 247 301 28 227 59 47 337 145 54 292 101 245 146 68 306 290 156 349 190 291 134 299
349 55 148 68 56 294 328 334 303 306 312 226 222 310 167 77 344 315 104 277 207 253 112 25 82 137 15 44 72 147 291 14 176 287 131 209 122 331 255 330 263 318 335 102 247 229 64 342 264 271 252 191 168 172 233 134 89 42 116 302 280 250 10 260 273 240 195 152 38 216 5 2 227 183 52 232 308 126 281 225 181 202 336 7 145 254 343 228 258 205 61 198 237 208 180 199 170 169 292 288
235 101 93 133 132 293 290 316 33 215 12 151 16 24 158 6 84 37 278 299 11 138 177 130 270 339 194 156 336 22 205 227 201 155 296 274 340 43 140 183 187 287 219 154 180 254 64 131 147 161 253 77 322 196 27 291 15 260 78 259 344 40 335 209 67 343 188 95 184 326 165 128 122 145 168 99 261 193 199 97 55 207 175 103 203 186 331 319 208 82 271 10 23 149 126 17 135 83 204 53
191 199 219 180 27 204 317 67 254 5 169 82 149 253 109 18 95 277 77 207 344 66 322 147 107 259 162 343 205 232 53 41 145 276 319 346 305 306 2 139 185 281 300 217 22 198 292 284 283 78 225 208 165 340 184 137 19 43 226 212 192 106 337 23 245 28 154 272 55 146 34 262 59 90 178 17 241 105 20 227 216 47 128 94 68 54 156 181 303 289 177 290 190 148 311 112 58 173 15 14
148 56 349 68 55 328 294 334 303 306 312 222 310 226 167 77 315 344 104 277 207 112 253 15 25 137 291 82 147 44 176 287 72 247 331 263 14 255 131 102 330 122 335 209 264 252 10 216 191 116 172 318 42 260 5 273 64 89 199 302 229 52 271 183 168 280 317 233 195 134 240 301 342 74 7 250 232 128 38 319 126 188 2 152 61 85 234 237 124 67 227 180 336 225 257 181 190 170 238 297
227 287 43 154 59 61 126 131 208 340 209 122 22 255 205 330 288 239 335 117 64 343 145 42 203 225 58 112 295 102 336 16 264 103 38 176 79 291 315 68 228 252 15 104 278 168 55 271 281 226 263 44 338 344 349 52 143 128 233 316 312 328 222 182 40 172 14 134 83 195 272 293 72 25 178 148 175 346 294 56 306 259 318 187 229 302 27 20 250 89 273 234 123 342 95 101 240 167 105 207
55 349 148 68 56 294 328 334 303 306 312 310 222 226 77 167 344 277 315 253 207 104 15 82 112 137 25 147 247 191 331 291 176 44 72 255 10 287 330 5 216 317 209 116 199 102 14 122 263 335 2 252 260 131 172 64 271 74 52 185 318 169 301 229 300 302 254 67 145 264 273 343 124 173 289 180 227 319 95 195 42 232 225 297 48 38 154 280 168 183 89 257 128 181 212 134 205 126 162 259
40 187 16 182 278 175 163 57 282 279 75 144 83 251 244 125 266 275 248 123 285 267 91 307 313 96 110 197 295 45 193 50 213 97 121 76 108 51 130 201 33 215 101 316 171 235 290 287 88 55 345 219 27 255 61 133 12 289 161 299 336 243 338 312 151 207 102 36 344 349 44 226 281 132 204 250 323 48 331 339 247 228 126 147 6 30 260 332 195 335 38 21 67 296 293 113 103 120 137 288
55 148 56 349 68 294 328 334 306 303 312 77 5 315 222 199 310 344 277 226 317 253 167 207 191 112 15 291 67 82 147 109 137 169 10 216 247 180 331 116 104 254 25 319 255 287 2 260 204 209 301 176 128 44 172 289 305 185 263 300 102 252 276 232 177 162 17 173 330 95 41 18 72 131 212 154 190 27 205 122 52 64 14 259 264 145 273 192 302 74 66 297 183 20 343 149 225 318 53 134
5 191 169 109 199 317 149 95 291 77 55 253 148 68 180 67 277 344 56 254 306 349 204 82 207 294 10 328 145 303 343 34 205 116 315 216 222 232 112 312 334 147 27 172 305 301 259 176 281 18 15 137 260 247 287 185 167 66 226 104 2 263 255 64 297 276 331 264 190 209 4 107 131 162 346 53 318 310 168 217 330 340 284 128 102 17 319 173 212 122 300 273 25 245 41 302 154 272 14 192
149 95 145 343 191 205 281 259 5 169 109 199 78 317 4 34 77 232 180 254 291 277 346 66 67 253 82 102 204 222 283 306 208 312 64 207 227 168 27 184 340 59 263 43 18 209 162 198 273 239 137 167 172 255 217 228 147 131 107 68 287 226 344 264 154 276 37 297 216 10 272 55 48 25 284 337 146 225 288 101 236 56 305 328 338 303 127 294 330 152 42 334 89 293 185 229 139 195 181 301
197 177 45 140 33 293 174 76 290 96 12 93 101 151 100 84 133 215 213 345 235 245 3 272 158 99 121 132 295 285 166 161 283 40 206 348 216 83 94 189 260 338 123 10 66 341 81 156 256 311 130 194 69 337 119 73 270 199 339 43 346 241 331 63 116 196 187 47 292 261 317 322 157 243 117 146 46 247 181 16 112 274 62 114 37 129 139 232 11 190 323 54 239 296 315 184 305 32 210 320
197 96 45 76 293 345 93 213 151 177 123 290 33 101 215 84 285 121 272 12 245 30 40 158 140 295 174 132 156 163 282 100 144 161 83 63 189 243 279 94 313 321 283 187 175 332 338 216 133 98 266 108 251 57 166 157 139 348 66 320 1 99 311 62 182 235 73 315 91 206 119 116 267 333 51 256 10 241 322 3 341 190 80 165 129 278 146 69 337 60 193 46 164 323 47 110 159 196 112 81
197 96 45 76 345 213 40 121 293 163 285 282 93 151 83 123 101 187 290 144 175 251 266 33 84 279 215 182 57 295 63 313 132 177 278 243 133 12 108 91 51 189 75 16 267 235 110 307 272 216 97 130 116 10 332 245 161 297 244 193 260 275 323 158 140 156 320 100 315 321 333 338 125 98 30 291 99 248 48 112 331 157 50 255 283 296 62 247 47 1 174 153 252 43 5 36 289 169 199 69
197 45 96 76 293 345 93 101 151 290 213 215 132 121 33 84 133 285 177 235 12 123 40 83 63 243 189 295 161 140 187 163 323 282 175 174 251 266 130 51 158 216 313 99 182 156 272 16 10 116 331 100 332 144 97 278 260 245 279 333 48 108 320 57 247 91 296 30 297 110 315 196 94 338 307 267 98 43 157 321 283 193 81 5 50 62 349 47 31 311 69 166 252 112 255 73 1 153 230 60
104 315 252 176 287 209 112 131 52 255 122 330 234 42 273 263 347 25 38 302 195 68 222 335 64 167 237 310 15 328 148 56 294 127 126 89 102 318 14 172 115 334 349 236 312 342 291 61 280 264 183 21 240 233 271 137 72 44 188 303 229 340 8 111 55 238 157 154 257 43 326 227 113 152 288 153 36 250 226 258 29 7 228 134 239 272 59 306 246 85 320 139 202 103 230 170 22 336 308 143
209 287 131 255 122 330 252 52 315 38 195 335 176 42 237 64 112 273 263 172 302 271 240 233 234 236 104 115 127 21 89 318 8 111 347 14 291 157 113 36 264 153 328 294 246 139 56 29 342 280 334 68 320 98 222 25 230 257 62 148 272 349 167 202 310 119 15 245 340 326 126 61 137 227 258 303 308 239 43 102 154 74 121 295 168 229 55 72 312 198 34 145 224 152 205 183 232 85 343 288
38 335 122 271 330 209 131 240 255 64 233 195 287 237 172 42 127 234 252 257 347 176 34 52 315 291 112 263 302 142 74 340 88 171 14 227 104 15 154 273 167 118 4 226 310 43 312 22 336 222 264 89 70 164 334 147 324 124 224 280 56 207 145 295 168 92 343 294 148 328 301 68 247 59 344 318 126 8 5 223 314 61 25 232 236 190 331 244 102 10 55 181 7 248 113 149 208 229 188 6
271 233 240 64 335 330 38 122 172 255 131 209 195 287 237 42 127 234 34 257 176 291 74 89 263 142 252 88 302 264 118 226 147 273 52 112 315 14 171 312 347 92 168 280 207 124 232 340 247 70 82 154 22 164 301 222 344 4 349 224 314 68 148 43 104 342 324 331 55 318 56 198 184 137 61 229 253 249 277 167 139 205 248 77 303 266 91 281 334 57 275 295 190 145 236 153 279 72 288 227
172 64 233 335 271 330 240 131 38 122 209 287 255 195 34 237 257 142 4 118 74 70 171 42 291 234 88 127 224 5 314 176 92 252 301 315 263 169 149 324 164 109 302 264 236 190 89 168 21 56 273 148 318 112 113 10 68 216 15 193 340 191 104 147 46 145 222 349 334 343 347 226 294 139 14 167 312 153 342 328 205 77 207 52 116 51 232 297 188 129 43 82 229 253 124 85 157 36 310 331
16 278 235 187 182 40 175 197 213 83 93 123 75 57 285 244 307 45 163 132 76 248 125 133 96 290 130 97 345 279 12 144 201 215 121 299 24 282 275 293 51 101 33 84 193 151 158 316 6 266 251 138 99 219 332 295 37 196 313 333 296 323 141 156 261 103 161 80 91 231 336 274 11 267 108 194 270 339 319 30 18 150 7 114 120 81 23 27 324 1 42 160 110 88 95 59 325 347 147 288
172 34 64 271 233 4 335 330 122 171 255 240 38 287 142 131 195 169 145 149 70 5 209 291 343 95 88 191 237 109 118 42 127 257 234 324 205 164 232 264 74 199 224 346 281 30 295 259 263 66 180 51 273 297 168 252 347 184 89 176 283 193 254 315 102 52 113 314 104 117 222 25 302 115 312 239 266 154 223 103 288 317 181 293 227 340 59 48 188 101 15 146 236 253 148 165 37 10 56 137
278 187 182 16 40 175 248 244 83 57 75 125 275 279 163 144 282 123 197 307 313 285 213 251 266 295 97 91 96 110 235 76 45 130 267 345 121 296 24 290 108 196 261 333 6 332 201 80 26 51 193 120 88 299 220 141 118 93 81 171 63 142 99 231 84 1 323 13 339 156 321 150 160 114 50 194 344 7 70 189 19 158 161 242 274 147 324 331 211 151 133 37 10 247 243 309 216 301 322 327
34 142 172 64 4 118 70 233 271 171 335 330 240 88 164 122 131 209 324 287 257 38 255 195 74 145 314 343 5 291 42 149 224 205 169 237 95 109 191 281 127 234 193 92 264 51 176 263 232 252 273 346 259 104 222 347 295 288 312 340 236 283 315 297 89 148 102 91 68 349 66 168 199 227 239 113 313 115 167 266 154 56 251 25 77 279 302 55 318 37 188 128 184 21 157 43 147 253 226 328
278 187 16 182 40 175 248 57 75 244 279 275 125 144 83 163 282 307 213 197 97 313 251 123 266 91 285 235 96 130 295 45 76 110 290 267 296 345 196 121 24 261 201 81 6 108 141 93 299 332 80 118 51 99 193 333 142 88 220 120 171 84 26 147 231 63 1 344 211 339 323 156 150 7 30 322 101 151 189 19 114 158 207 13 37 331 301 253 194 86 28 243 242 247 274 321 219 4 160 258
187 40 278 182 175 16 144 83 279 244 163 282 57 75 275 248 125 251 266 123 307 313 91 108 97 213 285 295 267 110 197 345 96 130 76 45 141 121 118 235 120 196 70 171 333 28 63 142 332 339 26 88 4 324 261 24 321 296 81 50 30 290 37 257 19 51 193 309 194 80 93 92 323 138 201 207 1 243 344 211 151 156 314 12 231 164 158 316 147 325 342 271 114 74 223 220 36 34 98 160
123 285 96 40 278 16 187 182 213 175 295 45 76 197 345 83 275 125 279 244 75 144 248 57 108 307 282 163 121 251 50 51 266 313 91 110 193 30 267 97 321 332 141 333 243 138 11 257 88 63 1 93 219 223 309 201 34 160 194 271 322 325 161 189 338 21 155 274 256 211 23 36 143 114 302 316 89 6 142 37 106 286 31 299 336 118 38 264 24 74 120 84 323 231 224 233 157 172 151 196
144 282 57 163 279 75 244 125 275 248 251 266 91 313 267 110 307 187 278 40 108 182 16 50 175 130 97 123 96 333 332 321 30 197 285 213 118 120 296 223 242 45 1 141 325 309 80 4 63 196 243 31 138 142 295 271 211 76 70 160 345 288 231 83 88 235 34 189 132 37 114 324 205 134 38 299 228 221 26 171 93 256 226 281 168 257 39 78 35 290 147 240 58 201 150 198 335 170 12 207
16 278 187 40 182 175 83 123 285 295 197 213 279 163 282 76 96 45 75 144 275 57 345 125 235 244 307 251 248 108 266 93 313 193 132 138 50 51 33 91 151 130 97 121 332 84 30 6 316 290 161 133 201 333 31 58 1 299 141 267 110 270 243 101 63 338 194 296 339 12 85 156 231 196 59 219 215 293 154 49 88 43 189 37 185 128 24 255 142 336 68 118 4 36 18 143 208 86 227 22
235 16 197 138 96 213 76 45 123 161 345 187 175 40 285 182 132 11 278 83 93 194 33 121 12 339 316 24 133 141 158 130 37 309 215 295 274 293 189 143 108 80 156 201 155 84 288 63 54 290 243 151 299 101 270 79 332 114 322 307 150 60 261 32 117 1 160 338 348 333 6 57 81 75 203 268 272 140 97 59 99 87 120 85 265 20 30 326 50 61 144 336 13 256 341 231 193 125 239 43
321 31 108 50 325 223 218 324 309 4 74 211 92 120 70 164 314 136 243 189 257 242 298 224 220 63 13 118 129 214 26 88 54 1 46 9 142 32 289 190 327 57 344 221 179 286 308 216 147 71 119 265 332 333 47 35 159 39 165 17 116 110 161 304 241 144 217 90 60 10 326 73 267 139 342 82 160 87 171 268 34 271 109 330 205 14 313 85 247 124 78 338 5 207 69 11 181 30 302 176
235 16 138 133 278 93 132 161 187 24 182 40 295 33 37 290 123 316 175 6 83 158 45 339 11 12 285 177 270 201 215 213 96 84 274 101 151 299 323 293 76 140 155 194 121 130 67 199 345 272 197 319 99 193 18 196 154 322 143 261 239 79 117 61 156 114 80 260 141 178 317 109 180 51 5 126 116 307 15 296 245 262 174 150 336 27 165 100 259 254 202 81 10 20 185 169 332 17 108 189
321 31 108 50 218 325 74 309 314 324 211 4 92 223 257 224 120 136 220 243 164 189 214 13 298 63 70 221 88 9 32 118 242 129 304 216 286 289 190 71 327 119 147 265 35 54 39 10 179 116 26 142 46 308 159 271 247 1 330 171 161 193 344 139 140 313 173 241 60 17 338 260 90 47 342 73 331 217 82 172 264 69 55 253 301 87 113 291 14 292 207 21 57 165 78 146 337 110 326 349
138 37 339 194 155 274 11 270 201 6 235 316 16 156 161 158 24 322 33 93 299 123 132 12 285 165 20 1 99 133 219 295 182 40 114 332 213 333 211 290 261 309 96 220 177 84 256 174 80 278 140 141 83 187 45 326 120 189 196 243 39 23 215 197 265 35 31 79 151 286 345 175 105 179 63 66 272 32 160 268 58 85 94 30 223 3 143 81 186 305 26 283 346 60 159 184 245 18 218 260
321 324 4 31 108 50 70 88 164 118 171 92 142 224 314 74 257 223 34 218 193 136 211 325 110 13 267 309 220 313 5 9 298 289 242 251 120 172 109 63 286 327 266 91 243 85 214 57 189 221 11 161 301 51 119 190 277 129 54 207 38 46 15 32 205 304 265 39 69 71 144 326 113 270 133 258 17 344 147 296 77 64 137 169 124 104 216 333 35 310 271 330 334 52 194 33 244 259 75 339
161 138 235 94 174 177 341 33 206 133 93 194 54 100 140 11 348 73 274 339 166 322 37 311 245 46 256 129 210 12 84 155 156 132 151 40 3 69 114 158 96 6 165 268 213 119 290 99 16 146 45 47 270 123 184 337 278 293 160 292 299 80 346 232 241 316 218 272 65 201 1 326 186 265 76 260 215 283 181 338 197 87 190 219 196 81 187 261 66 101 24 217 305 175 60 189 317 223 285 231
94 54 206 341 348 73 46 190 129 210 311 256 174 166 100 69 3 140 245 292 301 65 161 47 268 269 337 177 139 146 249 87 272 124 283 241 216 338 116 84 346 308 33 119 66 191 181 232 258 109 265 10 260 105 20 305 99 304 298 136 202 184 302 218 276 43 89 322 9 214 12 133 93 156 147 217 286 5 81 325 114 326 169 293 143 277 221 340 90 199 242 158 80 151 247 22 82 189 159 107
94 206 341 348 256 54 311 210 73 46 129 109 69 190 245 166 292 3 169 174 5 47 100 337 177 140 146 65 241 249 191 269 181 124 87 268 199 232 305 301 34 184 317 119 276 283 346 272 17 139 258 308 217 161 116 253 216 84 66 202 95 82 33 105 180 53 164 254 198 10 260 338 107 149 20 214 171 67 185 277 340 300 298 9 265 151 90 136 207 135 99 205 43 88 2 77 12 189 27 4
126 228 288 61 48 128 72 44 297 134 250 227 59 22 25 102 117 203 143 208 79 43 154 239 152 340 229 225 222 167 168 338 183 7 170 312 310 281 86 226 15 104 49 68 58 186 326 188 85 141 137 205 238 55 20 258 105 178 272 343 115 32 145 349 103 280 245 150 262 284 148 264 328 56 259 294 234 305 308 263 157 291 87 159 231 334 306 198 17 303 2 107 276 311 78 265 181 216 113 185
48 128 297 168 104 35 280 179 32 159 265 60 309 137 264 338 113 263 176 320 68 141 36 21 328 349 62 157 294 310 220 25 167 243 98 102 229 303 315 63 236 334 83 246 153 256 44 119 198 291 131 342 258 189 330 29 312 222 273 56 152 230 148 252 228 302 239 227 55 209 81 202 38 112 281 126 288 79 318 250 287 268 89 306 143 203 43 308 221 286 245 117 115 183 61 108 139 226 8 13
227 154 340 59 43 126 208 22 61 117 203 239 288 79 134 228 143 58 44 72 222 183 15 167 25 250 7 205 170 225 287 102 312 343 145 209 131 281 255 310 188 86 49 68 315 330 122 85 234 252 326 338 104 238 226 229 115 272 263 347 258 56 38 112 52 152 42 55 186 78 150 302 148 335 273 259 178 176 141 237 245 89 128 328 349 137 195 64 291 294 103 2 240 283 20 127 185 66 264 157
48 128 297 168 159 281 137 264 320 28 102 157 338 104 83 173 21 35 126 289 32 62 280 284 205 61 60 203 265 228 92 19 225 185 44 98 72 301 243 198 259 179 291 46 43 208 55 325 216 17 152 134 117 2 22 227 176 153 212 312 90 340 302 107 113 236 330 288 319 250 129 108 4 263 139 213 276 89 229 189 349 147 37 59 207 309 344 246 300 70 15 175 172 154 63 192 58 103 226 75
291 301 216 264 172 10 247 190 168 116 331 260 263 147 89 318 302 64 176 297 14 273 74 112 233 271 5 240 330 34 232 335 92 315 342 191 253 38 287 77 131 255 122 277 209 195 202 128 139 344 207 257 82 169 124 55 109 308 46 199 314 68 226 306 249 237 349 340 334 15 241 56 118 303 148 245 312 294 47 177 48 180 184 104 224 42 346 217 295 222 317 328 311 142 254 204 88 149 31 305
23 336 219 299 103 165 156 322 158 30 316 66 201 24 346 106 272 339 11 138 12 123 180 270 127 283 155 234 112 263 117 194 293 245 338 239 45 33 6 232 274 295 27 102 202 254 139 84 184 14 288 174 193 151 80 308 347 195 215 143 182 273 250 285 40 208 99 37 162 199 121 302 317 81 276 319 167 96 217 305 44 61 42 258 284 290 89 86 228 256 157 291 21 115 315 79 105 20 261 318
138 37 156 194 339 155 274 158 270 6 11 201 322 316 299 165 24 219 23 261 223 80 33 93 336 12 99 66 16 81 235 196 174 40 60 130 103 272 283 182 293 67 123 238 133 54 213 231 134 19 114 140 106 161 188 160 177 290 162 151 73 64 180 319 184 186 146 1 78 278 250 346 317 192 22 233 245 28 27 35 32 69 181 79 102 18 84 139 86 132 187 41 14 83 332 292 265 289 104 324
322 165 319 317 156 199 67 180 53 289 212 254 162 18 27 192 41 204 300 2 223 66 173 107 185 284 19 219 90 276 158 299 194 23 339 201 305 169 17 225 54 274 155 270 109 262 28 178 217 135 5 37 11 58 138 259 336 78 20 316 106 105 24 346 283 128 6 184 22 272 43 73 95 190 139 191 343 93 253 137 208 145 134 59 301 340 311 205 227 232 260 250 42 154 183 115 216 46 245 103
16 235 187 40 133 278 182 244 175 248 125 132 323 275 57 51 83 163 193 75 33 279 295 121 251 282 93 266 144 307 285 213 197 313 123 97 12 267 91 293 110 45 96 345 161 215 76 88 290 130 101 201 171 140 84 270 177 6 24 151 108 324 50 319 296 160 289 231 344 8 118 100 52 261 27 299 11 316 196 70 138 158 333 173 99 180 192 254 174 55 339 331 247 34 77 212 155 81 14 114
1 160 6 26 201 80 24 333 156 339 299 274 120 155 261 325 158 270 220 211 182 194 242 332 316 231 11 138 219 187 16 13 175 63 278 243 81 39 307 40 223 99 327 71 9 37 196 189 285 295 221 83 23 114 165 214 123 213 322 161 200 130 90 60 97 275 286 329 103 78 336 248 202 304 298 14 204 259 30 244 178 28 296 106 284 75 218 343 136 145 134 107 262 82 250 323 31 344 105 205
23 66 219 322 336 283 165 103 217 272 346 184 158 299 156 245 317 162 41 276 225 106 30 107 305 185 208 239 284 117 105 300 199 115 2 338 316 232 134 67 20 143 11 139 180 53 228 44 18 109 204 203 59 319 58 154 205 194 138 177 288 17 5 254 79 210 340 227 25 173 292 12 126 262 33 157 281 339 78 27 178 61 22 174 3 102 155 169 270 119 293 289 43 259 29 90 112 274 37 198
23 201 219 336 103 316 299 24 11 156 158 339 6 274 194 155 270 323 322 51 193 165 138 66 106 295 121 16 261 80 160 37 223 202 283 112 346 54 278 345 14 308 152 174 220 175 182 45 83 29 133 119 176 262 134 347 123 18 324 12 284 178 272 41 27 250 58 86 8 81 184 310 208 318 40 177 217 294 117 315 114 249 259 107 211 49 88 161 225 111 187 268 204 70 325 302 258 141 334 74
66 283 217 23 184 346 272 165 41 322 276 162 185 225 300 107 284 2 17 245 262 178 305 317 58 135 232 105 53 156 20 90 173 219 212 289 158 319 192 336 117 208 239 259 288 199 134 28 54 210 311 205 203 18 109 143 78 338 115 59 19 228 292 67 138 103 119 154 30 128 204 79 227 281 139 177 126 44 27 180 299 61 87 254 43 343 29 145 157 11 33 22 25 194 337 340 169 341 106 81
155 274 194 11 6 339 270 201 316 138 37 24 156 158 299 322 219 336 16 165 23 261 133 235 12 223 80 66 54 103 283 326 174 107 284 114 99 93 346 278 177 33 256 161 217 134 160 139 81 225 78 290 41 85 20 58 295 182 286 40 272 324 137 193 46 218 184 105 305 86 132 293 186 157 220 215 231 185 205 258 60 338 232 123 178 69 276 162 250 281 323 210 27 308 289 262 300 268 44 90
322 165 156 158 66 23 299 283 223 219 138 272 194 11 339 346 274 217 201 155 184 336 245 270 37 41 316 6 178 262 17 24 162 103 107 276 284 90 53 208 106 58 54 205 300 2 305 185 317 18 80 288 325 59 12 117 105 319 33 212 292 30 135 343 93 67 60 311 338 232 261 19 199 154 227 119 27 143 28 99 78 289 228 192 43 239 139 293 204 225 326 20 254 22 210 180 73 145 81 79
